chr	pos	RSNUM	ESN	GWD	LWK	MSL	YRI	ACB	ASW	CLM	MXL	PEL	PUR	CDX	CHB	CHS	JPT	KHV	CEU	FIN	GBR	IBS	TSI	BEB	GIH	ITU	PJL	STU
1	10479635	rs2298570	-0.314	-0.212	0.860	0.120	-0.258	0.880	0.784	1.034	0.694	0.490	1.225	1.428	0.994	0.723	0.913	1.082	1.107	0.902	1.778	1.050	1.128	0.956	1.168	1.373	1.204	0.975
1	10566148	rs7543322	-0.449	-1.602	0.531	-1.452	-0.745	-0.485	-0.360	-0.619	0.233	0.698	-1.370	-0.664	-0.801	-0.746	-0.681	-0.929	-0.107	-0.343	-0.269	-0.360	-1.014	-0.576	-0.904	-0.469	-0.499	-0.200
1	10709441	rs284299	2.019	1.770	2.277	2.647	1.490	2.247	2.249	1.637	2.095	0.228	2.447	1.296	2.310	2.365	2.291	1.640	1.012	0.304	0.524	0.695	0.098	0.264	0.109	0.741	0.036	0.635
1	10736993	rs2387231	NA	NA	NA	NA	NA	NA	NA	-1.175	0.028	-0.790	-0.656	1.668	0.950	0.864	1.771	1.858	-2.108	NA	-0.203	NA	-0.684	0.570	NA	0.062	-1.408	-0.547
1	15539259	rs12025158	0.398	-0.032	-1.024	-1.674	-0.953	-1.037	-0.465	0.088	-1.173	-1.228	0.530	1.028	0.848	1.044	1.347	1.435	0.675	-0.153	0.544	0.291	0.592	-0.550	-0.422	-0.341	-1.108	-0.631
1	15781443	rs504468	0.628	-0.063	0.436	0.764	0.580	0.321	0.581	-1.287	-1.160	-1.139	0.083	2.350	0.950	0.346	1.198	1.929	NA	0.331	NA	NA	NA	NA	NA	NA	1.569	2.936
1	16083898	rs71631750	0.358	0.666	0.731	0.619	0.830	1.353	1.262	1.496	1.239	1.172	0.052	1.700	1.741	2.240	2.399	1.720	0.854	0.435	0.554	1.096	0.190	1.477	0.981	1.538	1.646	1.068
1	16400004	rs138505952	0.534	0.236	0.891	-0.645	-0.014	0.546	0.846	-0.342	1.242	0.102	1.968	1.892	0.999	0.879	0.836	0.528	NA	0.445	1.393	NA	-0.145	0.989	0.907	0.961	0.897	0.797
1	17550314	rs2293914	1.905	1.745	1.207	2.185	1.871	2.109	0.710	-1.635	-1.663	-1.605	0.235	0.027	0.232	0.043	0.189	0.288	0.340	1.253	-0.096	0.400	0.382	0.230	-0.118	-0.231	-0.418	0.068
1	22863296	rs12130348	-0.563	0.787	-0.989	0.555	-0.627	-0.239	-0.855	-0.556	-0.506	0.061	-0.791	-0.131	-0.253	-0.146	-1.708	-0.468	-0.470	-0.623	0.042	-0.987	-0.458	-0.602	-0.076	-0.695	-0.195	-0.209
1	23050352	rs882025	-1.370	-1.606	-1.221	-0.893	-1.806	-1.300	-1.268	0.831	1.111	1.185	0.230	1.024	0.714	2.519	0.239	1.475	-0.205	0.040	-0.216	-0.530	-0.533	1.344	0.400	0.636	0.560	1.112
1	23069649	rs6673115	0.820	0.047	-0.053	0.447	0.919	0.630	0.179	0.583	-0.021	0.171	0.650	-0.523	-0.449	0.219	-0.451	-0.111	0.360	0.663	1.080	0.193	-0.162	-0.509	0.346	0.178	0.708	-0.003
1	23076916	rs10157808	-0.564	-0.166	0.389	0.055	-0.599	-1.005	0.044	0.311	-0.154	-0.131	1.082	0.804	NA	1.154	0.401	0.975	-0.447	-0.058	0.826	0.056	0.198	0.978	0.785	0.624	0.895	0.546
1	23109291	rs2817901	0.042	0.328	1.272	0.814	0.800	0.734	1.074	-0.477	0.226	1.069	-0.749	-0.184	0.031	-0.450	-0.594	0.595	-1.791	-1.289	-1.419	-1.834	-2.319	0.177	-1.088	-0.680	-0.035	-0.193
1	23145603	rs4390147	-1.284	-0.542	-1.068	-1.144	-0.831	-0.282	-0.172	-0.079	-0.045	0.152	0.326	-1.278	-1.507	-1.457	-1.231	-1.311	-0.442	-0.328	-0.888	0.330	0.002	1.036	0.139	0.001	0.257	-0.066
1	23692229	rs4525087	0.229	1.878	-0.569	1.461	1.326	0.460	-0.358	-1.486	-0.649	-0.102	-0.830	-0.496	-0.936	-0.432	0.141	-1.258	-0.388	-0.251	-0.311	-1.149	-0.759	0.115	-0.265	0.377	-0.025	0.283
1	23730151	rs1787654	0.729	1.175	1.195	0.844	0.432	0.936	0.092	-1.015	0.114	0.456	-1.461	0.306	0.257	0.245	0.278	0.487	-1.066	-0.629	-1.239	-1.563	-0.946	1.182	0.538	1.102	0.293	0.867
1	31858901	rs12122236	-0.693	-0.427	-0.004	-0.419	-0.814	-0.515	-0.316	-0.736	-0.633	-0.669	-0.242	-0.052	-0.622	-0.232	-0.055	0.159	0.740	-0.223	0.482	-0.880	0.578	-0.160	-0.064	0.299	-0.096	0.115
1	35184208	rs1024218	-1.664	-1.888	-1.633	-1.442	-1.820	-1.714	-1.906	0.081	-0.586	0.194	-0.327	-0.654	-0.221	0.021	0.245	-0.348	0.116	-0.186	-0.041	-0.182	0.066	0.564	-0.106	-0.128	-0.101	0.454
1	47961691	rs10157710	1.022	-0.495	0.141	0.321	0.347	-0.070	0.046	0.968	1.077	0.739	0.582	2.239	1.521	1.907	0.998	1.902	0.563	0.075	0.604	0.859	0.540	1.645	1.821	0.977	1.386	1.602
1	54198925	rs3013763	-1.148	-0.672	-1.792	-1.501	-1.443	-1.541	-2.288	-2.167	-0.660	-1.039	-1.457	-0.570	0.180	-0.593	NA	-0.442	-2.090	-1.307	-1.315	-1.416	-1.317	-1.939	-0.793	-1.716	-1.474	-1.834
1	57126919	rs2746347	-0.844	-0.817	-1.092	0.364	-0.478	-0.830	-0.943	-1.383	-1.354	-0.840	-0.242	-0.477	-1.431	-1.365	-0.853	-1.007	-0.675	0.632	-0.177	-1.112	-1.124	-1.894	-1.893	-2.318	-1.414	-2.318
1	58344610	rs1592337	-0.333	0.112	-0.659	-0.164	0.022	-0.023	-1.019	0.438	1.198	1.299	0.332	-0.035	-0.370	-0.140	0.755	0.311	0.136	0.631	0.215	-0.366	0.476	-0.677	-0.540	-0.262	-0.351	-0.828
1	78023173	rs7536433	-0.616	0.521	-0.174	0.372	0.671	0.085	0.566	1.358	1.101	0.480	0.322	-0.830	-1.474	-0.677	-0.992	-0.964	0.086	0.055	0.479	-0.254	-0.429	0.172	0.576	0.227	0.027	-0.280
1	78549646	rs640935	0.398	0.243	-0.080	0.130	0.129	0.207	-0.128	0.336	0.306	0.094	0.491	-1.490	-1.361	-1.279	-1.198	-1.471	0.128	0.133	0.424	-0.151	-0.136	0.115	0.503	0.333	-0.027	0.641
1	78644935	rs581926	-1.340	-0.177	-0.135	-0.073	-0.131	-0.428	-0.337	-1.609	-0.669	-1.049	-1.199	0.935	0.399	0.631	0.336	0.866	-1.084	-1.082	-0.773	-1.148	-0.725	-1.414	-1.181	-1.440	-0.966	-1.522
1	78715204	rs585237	-0.487	-0.342	-0.351	-0.095	-0.252	-1.003	-0.592	-1.077	-0.110	0.012	-1.146	-0.430	-1.095	-1.021	-1.155	-0.330	-2.104	-1.930	-1.307	-1.683	-1.761	-0.188	-0.505	-0.582	-0.630	-0.485
1	88585750	rs78288869	-1.147	0.335	0.871	-0.475	0.067	0.072	0.110	0.286	-0.448	0.151	-0.008	-0.254	-0.525	-0.824	-1.339	-0.623	-0.120	0.393	-0.028	0.525	0.318	-0.605	-0.451	-0.718	-0.294	-0.839
1	94056279	rs236322	-0.056	0.849	0.178	0.922	0.498	-0.140	-0.458	-0.569	-0.697	0.478	-0.386	-0.095	-0.324	-0.405	-0.018	-0.329	-0.113	-0.067	0.229	0.013	-0.366	-0.104	-1.543	-1.457	-0.584	-0.273
1	100416755	rs112024359	-0.533	-1.276	-0.401	-0.942	-0.711	-0.710	-1.383	-0.516	NA	NA	0.235	1.434	2.350	1.391	NA	0.429	0.582	1.066	-0.295	0.099	0.609	-0.540	1.286	NA	0.736	1.147
1	100818728	rs17420882	NA	NA	NA	NA	NA	0.890	-0.020	-0.653	-0.521	-0.607	-0.549	-1.537	-1.842	-1.081	-0.973	-1.348	-0.337	-0.410	-0.615	-0.723	-1.302	-1.397	-0.178	-1.269	-1.148	-0.994
1	156061222	rs7542186	-2.226	-2.245	-1.164	-1.888	-2.561	-1.641	-1.478	0.372	0.436	0.182	0.511	-0.322	-0.056	-0.230	0.847	-0.960	0.120	0.229	1.518	0.985	-0.134	0.507	1.225	0.628	0.708	-0.164
1	156202640	rs2736609	0.460	1.036	1.105	0.311	0.584	0.882	0.567	1.101	1.604	1.258	1.085	1.305	1.399	1.163	1.147	1.249	0.884	0.264	0.896	0.656	1.178	1.322	1.407	1.427	1.075	1.598
1	156480831	rs11264489	-0.538	-0.905	-0.827	-0.190	-0.829	-0.562	-0.919	0.287	0.695	-0.283	-0.102	-0.887	-1.572	-1.165	-1.137	-0.918	0.624	0.305	0.260	0.738	-0.245	-1.989	-0.627	-1.998	-1.790	-1.501
1	161645877	rs13376485	-0.713	-0.187	0.260	0.694	-0.352	0.462	-0.021	1.870	1.002	1.276	-0.237	0.114	0.438	0.062	0.288	-0.272	-0.494	-0.323	0.484	-0.290	-0.063	0.710	-0.238	-0.496	-0.572	-0.182
1	164658057	rs10800043	0.931	0.337	1.096	0.316	0.677	0.763	-0.367	-0.990	-0.848	-1.243	-0.651	-0.776	-0.982	-1.010	-0.536	-0.913	-0.978	-1.063	-1.474	-0.861	-0.776	-1.378	-1.043	-1.124	-1.211	-1.147
1	171455322	rs34720381	NA	NA	NA	NA	NA	0.118	0.141	-1.760	-1.875	-2.060	-1.020	-0.331	-0.118	-0.983	0.226	0.056	NA	-0.931	-0.654	-1.403	-0.458	-0.453	-0.572	0.845	0.378	0.407
1	171478706	rs6700683	0.929	0.245	1.684	0.063	0.952	-0.507	0.216	0.480	-0.487	0.463	-0.806	-1.895	-2.783	-2.877	-1.275	-1.129	-0.065	-0.731	0.038	-0.475	-0.249	-1.612	-1.308	-1.813	-1.762	-1.850
1	180909061	rs1609829	-0.002	-0.174	-0.320	-0.030	0.025	-1.344	-0.477	0.030	0.429	-0.768	-0.277	-0.333	-0.342	-0.255	0.022	-0.333	0.159	0.084	-0.050	0.271	0.182	0.208	0.646	0.484	0.492	0.454
1	186803226	rs12022299	1.744	1.677	1.306	1.837	1.471	1.141	1.233	0.044	0.337	0.481	0.458	1.298	0.801	1.081	0.974	0.923	0.237	0.208	0.255	0.101	0.362	0.043	-0.073	0.202	0.056	-0.190
1	204386265	rs61159448	0.834	0.491	0.451	0.729	0.700	0.861	1.076	2.478	0.890	1.648	2.610	0.910	1.932	1.836	1.733	0.736	1.393	2.414	0.987	2.654	1.749	1.271	1.032	1.868	1.808	2.156
1	211395345	rs3111244	-1.156	-0.079	-1.959	-1.231	-1.019	-0.920	-1.950	-1.466	-1.363	0.581	-2.024	-0.355	-0.872	-0.157	-0.090	-0.061	-0.664	-1.455	-0.867	-2.080	-1.668	-0.895	-0.984	-0.899	-1.022	-0.526
1	227085824	rs1800674	-0.192	-1.313	-0.159	-1.031	-0.977	-0.347	-0.718	-0.556	-0.355	-0.044	-0.478	0.900	0.463	0.050	-0.380	0.528	-0.325	0.192	-0.663	-0.081	-0.839	-0.233	-0.103	-0.567	-0.505	-0.116
1	231351737	rs79472122	NA	NA	NA	NA	NA	NA	NA	NA	-0.713	NA	NA	-0.746	-0.626	-0.014	-0.200	-0.233	0.152	0.240	0.570	0.135	-0.176	-1.213	-0.672	-0.490	-0.572	-1.165
1	243485126	rs68192516	0.322	0.183	0.114	0.199	0.512	0.781	0.457	0.945	0.695	0.033	0.777	1.369	1.150	1.459	1.386	0.968	1.037	0.820	0.654	0.947	0.575	-0.189	0.033	-0.256	-0.059	-0.273
1	245425008	rs12125149	-2.046	-1.427	-0.343	-0.966	-1.240	-0.495	0.191	0.893	-0.811	-0.864	1.028	0.512	0.149	0.822	-0.111	0.276	1.069	1.447	0.521	1.027	1.159	1.028	1.103	0.804	0.926	0.833
2	3087667	rs28766083	0.662	0.810	0.606	0.273	0.550	0.725	1.018	-0.829	-1.952	-1.404	0.064	0.050	-0.300	-0.331	0.262	-0.495	1.124	0.184	0.719	1.103	1.034	-0.232	0.577	0.669	0.408	-0.502
2	4882658	rs1347971	-1.140	-1.166	NA	-0.701	-1.758	-0.366	-0.978	-0.480	0.064	-0.059	-0.341	0.960	0.542	0.839	1.285	1.284	-0.944	-0.579	-0.872	-0.122	-0.273	-1.475	-1.598	-1.339	-2.022	-1.612
2	15792518	rs807603	0.824	0.549	0.914	0.360	0.463	-0.838	-0.472	-1.067	-0.846	0.376	-1.028	1.523	0.584	-0.182	0.906	0.980	-0.590	-0.597	-0.265	-0.381	-0.676	-0.054	-0.906	-0.625	-0.583	-0.285
2	27118679	rs12617848	0.656	0.106	1.275	0.596	1.005	1.132	0.837	0.262	0.592	-0.343	0.823	1.526	-0.162	0.218	0.074	0.319	0.595	0.730	0.785	0.743	0.422	1.198	1.434	1.246	1.118	1.700
2	27370530	rs1275514	0.885	1.268	1.116	0.805	1.003	1.091	0.674	0.090	0.458	0.995	-0.537	-0.259	0.590	0.325	0.177	0.342	0.263	-0.223	-0.100	-0.183	-0.107	-0.207	-0.311	-0.247	-0.299	-0.492
2	27730940	rs1260326	0.861	1.073	0.892	0.832	0.459	0.805	0.726	-0.329	0.057	-0.223	0.006	0.072	-0.522	-0.052	-1.032	-0.241	-0.312	0.312	-0.451	-0.617	-0.558	0.374	-0.435	-0.025	-0.258	0.259
2	27755168	rs4665986	0.189	0.243	-0.431	0.351	-0.210	-0.362	-0.681	0.773	0.751	0.862	-0.132	0.837	0.821	0.249	1.544	0.375	-1.032	-0.918	-0.762	0.036	-0.370	-0.478	-0.332	-0.689	0.089	-0.601
2	27840539	rs4666001	NA	NA	NA	NA	NA	NA	NA	-1.093	-0.870	-1.999	-1.485	-1.287	-1.044	-0.848	-0.533	-0.435	NA	0.617	NA	NA	NA	-0.164	NA	NA	NA	NA
2	27851918	rs3749147	NA	NA	NA	0.722	1.155	0.761	0.163	-0.003	0.670	1.173	-0.640	-0.183	0.312	0.581	-0.128	0.480	0.309	0.486	-0.108	0.118	-0.342	0.399	-0.423	0.330	-0.203	0.350
2	44390369	rs6544743	0.839	-0.868	-0.240	-0.374	0.850	-0.129	0.290	2.033	2.229	1.372	1.453	-0.216	0.067	-0.335	0.623	0.464	1.367	0.915	1.636	1.011	1.710	1.245	1.323	1.143	1.125	-0.111
2	51171458	rs4971709	0.069	-0.365	-0.233	0.401	-0.044	0.564	0.648	-0.590	-1.896	-1.408	-0.304	-0.700	-0.650	-0.260	-0.216	-0.014	-0.525	0.087	0.178	-0.357	-0.211	-1.486	-0.184	0.161	0.258	-0.270
2	54581356	rs1527649	-0.058	-1.232	0.406	-0.123	0.530	0.651	0.204	0.975	-0.368	0.166	0.700	-0.465	0.531	0.051	0.647	0.123	1.258	0.588	1.052	0.922	1.103	-0.091	0.055	-0.554	-0.023	-0.245
2	65675914	rs7561538	-0.429	0.336	0.088	NA	NA	-0.775	-1.130	-0.418	0.540	0.872	-0.991	0.801	-0.257	1.127	0.586	0.420	-1.341	0.044	-1.951	-1.672	-0.563	-0.567	-1.211	-1.718	-1.849	-1.136
2	66659345	rs80257575	NA	NA	-0.287	NA	NA	NA	NA	NA	NA	NA	NA	-0.512	0.425	0.286	-1.441	0.256	NA	NA	NA	NA	NA	0.186	-0.164	0.120	-0.612	-0.300
2	66676367	rs11126079	0.409	-0.090	-1.110	-0.747	-0.096	0.361	-0.032	0.457	0.698	0.811	0.708	0.127	0.583	0.794	0.569	0.407	0.226	0.101	0.269	0.277	0.652	0.166	0.061	0.265	-0.308	-0.060
2	111740290	rs4849316	-0.239	-1.744	1.246	-0.989	-0.070	-0.527	0.151	0.152	0.640	1.176	0.828	-0.396	-0.011	-0.296	0.482	-0.313	0.302	-0.414	0.183	0.578	0.063	0.404	0.619	0.826	0.622	-0.177
2	111918560	rs11693327	-0.421	-0.439	-0.469	-0.157	0.157	-0.529	NA	0.009	-0.234	-0.882	-0.671	-1.225	-2.551	-1.297	-3.191	-0.727	-0.231	-1.539	-1.946	-0.940	-0.525	-0.951	-0.224	-0.508	-1.598	-2.210
2	113967075	rs11123169	2.337	2.260	1.605	1.890	2.196	1.672	1.368	-0.092	0.059	0.580	0.276	0.601	-0.317	0.456	0.702	0.074	0.254	0.626	0.729	0.820	0.585	-0.575	-0.070	0.247	0.018	0.007
2	114014936	rs144905049	NA	NA	NA	NA	NA	NA	NA	NA	NA	NA	NA	NA	0.514	1.118	0.476	-0.027	NA	NA	NA	NA	NA	NA	NA	NA	NA	NA
2	121310269	rs6706968	-0.568	-0.993	-0.059	-1.061	-1.378	-1.719	-0.275	-1.531	-0.498	-0.215	-2.132	-1.028	-0.109	-1.169	-1.036	-0.602	-1.384	-2.361	-1.461	-1.257	-1.038	-1.783	-1.976	-1.707	-1.613	-1.452
2	121997698	rs750416	0.131	0.687	0.133	0.529	0.556	1.382	1.654	2.575	1.897	1.179	2.691	-0.377	0.392	0.292	0.009	0.008	2.657	1.286	1.899	2.993	3.056	2.323	2.675	2.414	2.673	2.517
2	122028721	rs146199549	NA	0.389	-1.563	1.112	1.270	1.046	NA	NA	NA	NA	NA	-0.004	NA	-0.107	-0.742	-0.115	NA	NA	NA	NA	NA	-0.464	0.199	-0.069	0.295	-0.221
2	122038783	rs36096257	NA	NA	NA	NA	NA	NA	NA	NA	NA	NA	NA	0.504	0.474	NA	1.668	1.274	NA	NA	NA	NA	NA	0.922	1.281	0.777	0.195	1.159
2	148706370	rs13006184	-0.005	0.586	0.886	0.339	-0.349	0.301	-0.444	-0.970	-0.352	0.615	-0.210	-0.531	-0.812	-0.727	0.556	-0.361	-0.039	0.934	-0.522	0.469	0.003	0.684	0.678	1.056	0.758	1.175
2	148956584	rs12994607	1.265	1.487	1.014	1.134	1.257	1.073	1.043	0.302	-0.013	0.174	0.298	-0.081	0.013	-0.242	-0.136	0.015	0.075	0.319	-0.002	-0.028	-0.189	0.287	0.402	0.358	0.228	0.782
2	163097970	rs3788967	0.501	1.745	2.128	2.496	2.176	2.785	1.257	-1.455	-1.129	-0.956	-1.092	-0.193	1.096	1.156	0.211	0.360	NA	-0.158	-0.553	NA	NA	0.619	0.252	0.875	1.963	2.487
2	164626627	rs145517583	NA	NA	NA	NA	NA	NA	NA	NA	NA	NA	NA	1.717	NA	0.807	NA	-0.091	NA	NA	NA	NA	NA	0.341	1.156	1.000	0.317	-0.274
2	166608629	rs76769010	NA	NA	NA	NA	NA	NA	NA	NA	NA	NA	NA	0.489	0.172	-0.038	1.084	-0.177	NA	NA	NA	NA	NA	1.206	NA	NA	0.526	NA
2	170161595	rs7600757	-0.526	0.309	0.041	-0.910	-0.403	0.043	-0.845	-1.324	-1.890	-2.045	-0.521	1.532	-0.451	-0.035	-0.978	1.154	-1.154	-0.565	-0.551	-1.022	-0.922	-0.337	-0.470	-0.135	-0.192	-0.091
2	170164072	rs17848175	0.967	-0.329	0.054	0.955	1.941	0.933	-0.566	-0.762	-1.164	-1.891	-0.766	0.162	1.045	0.587	0.704	-0.065	-1.275	0.479	-0.645	-0.322	-0.148	-0.416	-0.880	-0.952	-0.932	-0.790
2	170200452	rs16856823	0.262	2.049	0.438	0.588	-0.021	0.272	1.691	0.586	-0.299	0.182	NA	0.473	-0.181	0.751	0.787	-0.003	1.550	1.266	-0.558	NA	1.205	0.861	0.898	1.485	0.772	1.514
2	177331710	rs1005932	0.712	-0.028	-0.132	1.018	0.733	0.779	0.723	-0.505	-1.461	-1.208	-0.154	-1.119	-0.687	-1.652	-1.004	-0.645	0.240	-0.197	0.349	-0.026	0.619	0.035	0.152	0.221	0.245	0.242
2	177347148	rs80114426	0.507	0.239	0.230	0.800	0.404	0.050	0.274	2.001	NA	NA	NA	1.098	1.107	2.249	1.415	0.843	2.449	1.998	0.534	1.231	0.291	-0.947	-0.716	-0.921	-1.380	-0.970
2	178148470	rs6745756	1.215	1.237	1.579	1.633	0.959	0.589	0.685	0.040	-0.310	-0.523	0.685	-1.229	-0.427	-0.426	-0.018	-0.267	0.503	0.357	0.491	0.305	0.276	-0.160	-0.207	-0.101	-0.073	-0.150
2	179633298	rs4471922	-0.044	-0.129	-0.021	0.355	0.179	0.059	-0.501	0.786	0.755	2.276	-0.459	1.753	1.649	1.877	0.936	1.696	-1.370	-0.857	-1.547	-1.430	-0.985	0.609	0.347	0.708	0.144	0.735
2	183077254	rs4666821	0.364	0.898	1.154	0.249	0.431	0.911	0.580	-0.530	-0.246	-0.204	-0.139	1.115	0.584	0.819	0.499	0.944	-0.914	-1.916	-1.283	-0.812	-0.797	-0.983	-0.296	-0.927	-0.255	-0.244
2	211562924	rs72944180	NA	NA	NA	NA	NA	-1.323	-2.531	-1.779	-1.594	0.319	-2.059	1.213	1.034	1.447	0.986	0.941	-1.870	-1.332	-1.337	-1.370	-1.721	-1.292	-0.999	-0.917	-1.380	-1.431
2	211602556	rs6711167	NA	-0.119	1.439	NA	1.863	0.509	-0.616	-1.216	-0.734	0.505	-1.043	NA	1.517	NA	0.514	0.786	-0.251	0.081	-0.877	-0.431	-0.787	-0.475	-0.687	-0.254	-0.803	-0.543
2	212263271	rs12990779	0.375	-0.310	0.618	-0.259	-0.180	-0.258	-0.460	0.395	0.258	-0.158	0.750	0.435	0.825	0.873	-0.317	0.417	0.784	0.793	0.696	0.742	0.228	-0.826	-1.041	-0.965	-1.235	-0.836
2	212285816	rs16846128	-1.182	0.119	0.203	0.817	-0.445	-0.177	0.268	0.271	-0.906	-1.068	0.990	-0.625	-0.312	-0.309	-1.550	-0.834	0.962	1.339	1.172	0.522	0.683	-0.919	-0.992	-1.101	-1.255	-0.883
2	217604547	rs10190707	1.702	1.640	1.352	1.808	1.464	0.866	-0.178	-0.941	-0.366	0.314	-0.851	0.301	0.396	0.221	0.308	-0.093	-0.401	-0.814	-0.898	-1.121	-0.906	-0.417	-0.505	-0.348	-0.761	-0.780
2	217646555	rs10189682	-1.822	-1.030	-0.538	-0.999	-1.479	-1.846	-1.300	-0.167	0.143	0.718	-0.948	-0.891	-0.574	-0.072	0.304	-0.516	0.184	-0.489	-0.449	-0.245	-0.174	0.070	0.650	0.359	-0.222	0.617
2	217682453	rs10204070	-0.114	-0.725	-1.407	-0.518	-1.155	-1.024	-1.488	0.205	0.327	-0.858	0.210	0.220	-0.502	0.379	0.674	0.633	-1.394	-0.090	-0.948	-0.855	-0.997	-0.666	-0.967	-0.802	0.275	-0.593
2	218367887	rs7597620	0.908	1.356	1.127	1.547	1.080	1.305	0.956	-0.151	-0.373	0.220	-0.147	1.639	0.842	1.137	0.825	1.491	-0.639	-1.052	-0.342	-0.230	-1.243	1.946	1.247	1.408	2.060	1.153
2	233646920	rs283482	0.381	0.610	0.256	1.142	0.334	0.592	0.314	0.390	-0.329	-0.502	1.183	-0.550	-0.044	-0.354	0.069	-0.432	1.296	1.188	0.356	0.624	0.264	-0.897	-1.960	-1.197	-1.129	-0.925
2	234233491	rs10168355	0.109	0.188	1.134	0.218	-0.000	0.366	1.200	0.619	1.028	1.722	0.521	1.040	0.562	0.554	0.512	0.837	-0.183	-0.115	-0.092	0.083	0.289	-0.390	0.083	-0.000	-0.432	-0.241
2	234753514	rs10929309	0.691	0.447	0.167	1.104	1.314	-0.124	-0.705	-0.875	0.081	-0.206	-0.446	-0.600	-1.031	-0.712	0.188	-0.262	-0.487	-1.010	-0.266	-0.478	-0.477	-0.111	-0.400	0.318	0.193	-0.163
3	12095130	rs307558	-0.133	0.499	0.468	0.457	0.015	-0.280	-0.470	1.418	0.742	1.094	1.040	0.700	0.415	0.160	-0.444	-0.458	-0.638	-0.828	-0.450	0.418	-0.446	1.241	-0.140	1.079	0.495	0.265
3	12348581	rs12639094	0.201	0.430	-0.597	0.112	0.095	0.155	-0.014	0.518	1.981	1.745	-0.051	0.947	1.416	0.811	0.725	0.791	-0.068	0.790	0.209	-0.019	-0.156	-0.900	-1.447	-0.563	-0.579	0.009
3	12765927	rs143202329	NA	NA	NA	NA	NA	NA	NA	NA	NA	NA	NA	0.279	0.263	-0.025	-0.068	0.268	NA	NA	NA	NA	NA	0.579	NA	NA	0.439	NA
3	15402714	rs74881888	NA	NA	NA	NA	NA	NA	NA	NA	-1.505	-1.577	-0.473	-1.326	-0.814	-1.668	-0.465	-1.312	NA	0.760	NA	NA	NA	-1.064	-0.556	-0.402	-0.540	-0.669
3	24647528	rs17014925	NA	NA	-1.467	NA	NA	NA	NA	-0.018	0.156	0.036	0.077	-1.009	-0.664	-0.546	-1.413	-0.326	0.476	-0.988	0.641	-0.112	0.349	-1.755	-1.019	-2.064	-1.634	-1.999
3	38519424	rs2070489	0.838	-0.073	0.288	-0.242	-0.553	-0.508	-0.118	1.669	3.227	1.103	1.762	0.288	NA	2.049	NA	-0.085	1.589	2.011	1.531	1.150	2.689	2.535	1.953	2.101	2.043	3.267
3	53884914	rs55754695	2.103	1.542	1.608	1.308	1.995	1.718	1.456	0.495	0.913	-0.203	0.526	0.589	1.326	0.570	0.835	0.682	1.003	0.941	0.699	1.186	0.855	1.713	1.516	1.710	1.746	1.933
3	69735098	rs6765668	-1.467	-1.089	-0.587	-1.154	-0.234	-0.643	-0.317	0.513	0.269	1.993	1.368	0.656	0.240	0.503	-0.275	0.294	0.865	1.124	0.888	1.273	1.190	1.310	1.224	1.137	1.105	0.730
3	105438957	rs2305036	-0.648	-0.855	0.122	-0.640	-0.314	-0.017	-0.320	1.561	0.882	-0.508	1.156	2.532	0.786	1.210	0.766	-0.003	0.946	2.254	1.518	1.559	1.745	0.662	0.853	0.486	1.101	0.003
3	121635818	rs2332050	0.824	0.358	0.742	0.499	0.353	0.908	0.605	2.369	1.941	2.102	0.687	-1.112	-1.305	-1.592	-1.459	-0.884	1.053	1.690	0.674	1.215	0.889	-0.577	-0.154	-0.402	-0.075	0.194
3	121834057	rs2681420	1.238	0.320	0.674	1.032	1.640	1.520	0.791	1.070	1.214	1.445	0.838	-0.203	-0.276	-0.434	-0.415	-0.267	0.704	0.521	1.104	0.802	0.568	-0.357	-0.222	-0.851	-0.276	-0.766
3	123422817	rs936170	-0.524	-0.725	0.195	-0.420	-0.637	-0.775	-1.722	-2.145	-1.180	-0.324	-1.435	0.497	-0.495	0.101	-0.803	0.791	1.005	0.893	-1.311	NA	-0.070	-0.071	-0.204	-0.643	-0.717	0.413
3	124281313	rs13083456	-0.579	-0.431	-0.471	0.068	-0.926	-0.287	-0.387	0.302	0.122	0.324	0.572	0.101	0.505	0.565	0.149	0.581	0.766	-0.357	0.379	0.309	0.175	0.256	0.857	0.664	0.957	1.008
3	125874388	rs2276731	0.777	-0.034	-0.910	0.384	0.603	-0.268	0.182	-0.112	-0.270	-0.188	-0.541	-0.086	0.025	0.190	-0.085	-0.225	0.254	0.757	0.150	-0.286	-0.202	-0.157	0.328	0.569	0.347	0.343
3	130614150	rs62282161	-0.615	NA	NA	NA	-0.778	-0.089	NA	-1.240	-2.421	-2.455	-2.244	-1.005	-0.677	-1.327	1.182	0.652	-0.705	-0.965	-0.406	-1.158	0.127	-0.922	-0.711	-1.139	-1.056	-1.286
3	130930731	rs60669097	NA	NA	NA	NA	NA	0.443	NA	-0.344	-0.899	-1.187	-0.865	-0.262	-0.631	-0.276	-0.425	-0.446	0.122	-0.548	0.317	-0.159	0.013	-0.554	0.142	-0.647	-0.265	-0.750
3	141102833	rs6763931	0.136	0.939	1.718	0.734	1.408	0.661	-0.096	-1.061	-0.930	0.963	-1.141	-0.831	-0.833	-0.701	-1.351	-1.241	-0.532	-1.221	-0.520	-0.573	-0.857	-2.469	-1.990	-2.598	-1.524	-2.585
3	141722878	rs9942075	-0.048	-0.791	-1.090	-0.018	-0.205	-0.791	-1.124	-1.508	-0.974	0.391	-0.989	-0.529	-0.495	-0.605	0.074	-0.457	-1.080	-0.731	-1.398	-1.313	-0.962	-1.603	-2.478	-2.172	-1.956	-2.109
3	168698059	rs13067609	NA	0.568	0.492	NA	NA	0.012	-0.131	-0.146	-0.126	0.786	-0.457	-0.580	-2.326	-1.725	-0.769	0.352	0.337	-0.236	-0.401	0.422	0.196	-0.319	-1.217	-0.483	-0.239	-0.118
3	168898732	rs6444845	-0.518	-0.064	-1.171	-0.045	-1.160	-1.170	-1.076	-0.705	-1.171	-1.931	-1.453	-0.887	0.297	0.449	0.484	NA	-0.592	-0.663	-0.985	-0.561	-1.010	-0.486	-0.690	-0.918	-0.745	-1.251
3	169108811	rs16853633	0.662	-0.228	0.265	NA	0.693	-0.254	-0.715	-0.676	-0.633	0.534	-0.348	-0.635	-1.366	-0.652	-1.387	-0.573	-0.552	-0.660	0.092	-0.304	-0.084	-0.606	-0.816	0.168	-0.527	-0.124
3	169150632	rs16853722	0.142	0.290	0.612	-0.534	NA	0.856	-0.411	-0.902	-2.569	0.078	-0.376	0.312	0.252	0.015	0.960	-0.497	-0.572	-1.401	-0.268	-0.567	0.227	-0.198	0.390	-0.044	0.310	0.333
3	177958139	rs6782947	1.419	1.237	0.424	1.405	1.159	0.820	0.515	1.132	0.154	0.317	1.029	-0.175	0.606	0.252	0.759	0.437	1.122	1.197	1.573	1.103	0.956	0.073	-0.008	-0.031	0.083	0.209
3	185089485	rs57458955	NA	NA	NA	NA	NA	0.172	0.426	1.550	0.193	0.513	1.044	-0.568	0.851	0.517	0.166	-0.462	1.467	1.751	1.919	1.074	1.688	0.325	1.590	0.250	0.116	0.515
3	185409000	rs143670640	NA	NA	NA	NA	NA	NA	NA	NA	NA	-0.386	NA	-0.583	0.562	0.009	-0.642	-0.611	NA	NA	NA	NA	NA	NA	NA	NA	NA	NA
3	186431785	rs56083300	-0.835	-0.159	-0.394	-1.165	-0.903	0.099	0.211	0.752	-0.060	0.357	1.163	-0.342	-0.430	0.112	-0.190	0.254	0.230	0.301	0.143	0.658	0.719	0.879	0.342	0.520	0.114	0.781
3	186434491	rs5029970	-0.232	-0.070	-0.182	0.074	0.592	0.164	-0.272	0.452	0.929	0.723	-0.140	0.534	0.439	0.131	0.470	0.232	0.423	0.164	0.505	0.156	-0.032	1.335	1.135	1.044	0.855	1.076
3	193800484	rs2368040	-1.497	0.123	0.744	0.232	-2.426	0.150	NA	-0.221	-1.017	0.082	0.024	NA	NA	0.037	0.149	0.131	-0.531	-0.223	-0.820	-0.446	-0.215	0.294	0.061	-0.044	-0.372	-0.052
4	3421309	rs4690095	0.677	0.902	0.205	0.235	0.095	0.243	0.675	-0.083	-0.368	0.219	-0.290	0.135	-0.121	-0.368	0.011	0.240	0.060	1.102	0.391	0.375	-0.233	-0.206	-0.583	-0.479	-0.476	-0.370
4	5800494	rs2279252	NA	NA	NA	NA	NA	NA	NA	NA	0.800	-0.094	-1.914	-0.046	-0.370	-0.639	-0.104	-0.017	NA	-0.454	NA	NA	-1.019	-0.092	-0.413	-0.743	-0.082	-1.160
4	23746304	rs2201071	-0.542	-1.334	-1.285	-1.116	-1.362	-1.045	0.188	0.544	1.415	0.642	-0.001	1.763	2.640	1.340	1.824	0.683	0.379	0.488	-0.118	-0.422	-0.435	-1.358	-0.914	-1.534	-0.773	-1.059
4	23759757	rs1491379	0.797	0.365	0.284	0.508	0.418	0.501	0.443	-0.926	-1.056	-0.730	0.217	-0.218	-0.305	0.705	0.009	-0.073	0.523	-0.214	-0.170	0.003	0.476	0.450	0.298	-0.034	0.358	-0.593
4	40608447	rs60522820	0.333	-0.168	-1.047	0.274	0.103	-0.151	0.703	-1.003	-0.364	-0.395	-0.768	0.658	-0.630	-0.246	0.018	0.130	NA	-0.259	NA	NA	NA	-1.794	-1.372	-1.553	-2.298	-0.519
4	57866976	rs7675293	-1.745	-1.136	NA	-0.182	NA	-1.017	-1.451	-0.614	-0.877	-0.786	-1.198	-0.760	-1.092	-1.155	-1.161	-1.615	-2.054	-1.843	-1.403	-0.360	-0.207	-1.266	-0.689	-1.125	-1.626	-0.658
4	62014323	rs4505854	-1.652	-1.807	-2.020	-1.388	-2.104	-1.889	-1.225	-0.918	-0.130	0.303	-1.045	0.549	-1.237	-0.062	-0.821	-0.155	-1.597	-2.173	-1.075	-0.578	-1.834	-0.153	-0.542	-0.136	-0.645	0.247
4	77245904	rs76461982	NA	NA	NA	NA	NA	NA	-0.275	-0.671	-1.588	-1.655	-0.257	-0.032	-0.721	-0.918	-1.223	-0.290	NA	-0.362	NA	-0.158	-0.089	-0.564	-0.919	-0.811	-0.732	-0.284
4	77312617	rs79378390	NA	NA	NA	NA	NA	NA	NA	NA	NA	NA	NA	0.067	-2.003	-1.242	-2.014	0.774	NA	NA	NA	NA	NA	NA	NA	NA	NA	NA
4	77410318	rs4859682	1.131	1.288	1.205	1.193	0.432	0.206	0.059	-0.929	-0.740	-0.547	-0.850	-0.110	-1.425	-1.257	-0.688	-0.936	-1.147	-0.638	-0.899	-1.035	-0.468	-0.525	0.149	-0.051	-0.783	-0.315
4	77420822	rs4493565	0.865	0.093	0.213	0.400	0.712	-0.182	-0.152	-0.511	-0.587	-0.169	-0.320	-0.357	-0.591	-0.649	0.163	-0.542	-0.388	0.026	-0.497	-0.260	-0.147	-0.589	-0.918	-0.215	-0.576	-0.242
4	77425514	rs7668679	-1.151	-1.172	-1.232	-1.157	-1.113	-0.816	-0.462	0.248	0.190	0.984	-0.221	-1.057	-0.858	-0.543	0.112	-1.133	-0.895	-1.319	-1.153	-1.154	-1.470	0.253	0.353	0.678	0.390	0.536
4	77439979	rs4859688	-0.981	-0.438	-0.483	-0.792	-0.508	-0.581	-0.061	0.616	0.803	0.667	0.216	-0.088	0.546	0.319	0.891	0.074	0.749	-0.023	0.564	-0.046	0.194	0.484	0.889	0.391	0.679	0.665
4	77615404	rs142531057	NA	NA	NA	NA	NA	NA	NA	NA	NA	NA	NA	NA	NA	NA	-1.546	NA	NA	NA	NA	NA	NA	NA	NA	NA	NA	NA
4	81182554	rs12509595	-1.233	0.258	-0.838	-0.508	-1.290	-1.112	-1.230	0.601	0.177	0.322	0.562	-0.367	-0.843	-0.574	-0.419	-0.476	0.440	0.542	0.568	-0.085	1.400	0.066	1.125	-0.130	0.194	-0.320
4	85374879	rs13125585	-0.104	-0.259	0.954	-0.073	0.085	-0.377	-0.103	-1.524	-1.251	-1.141	-0.518	-1.493	-1.193	-1.077	-1.825	-0.882	-0.724	-1.192	-1.634	-0.907	-0.966	-0.190	-0.842	-0.477	-0.253	-0.463
4	88931303	rs12643253	NA	NA	NA	NA	NA	NA	NA	NA	-0.589	-1.593	NA	-0.446	0.038	-0.639	0.105	-1.295	NA	NA	NA	NA	NA	-1.599	NA	NA	NA	NA
4	89036353	rs2725261	1.398	1.416	0.665	0.216	1.067	0.304	0.585	-0.366	-0.275	-0.429	-1.009	0.026	-0.994	0.102	-1.047	-0.448	-0.209	-0.394	-0.186	-0.362	-0.499	-1.561	-1.402	-1.357	-0.830	-1.033
4	89879212	rs1104633	-0.625	-0.028	-1.060	-0.103	-0.248	-0.265	-0.047	0.645	0.453	-0.007	0.364	0.774	0.389	0.705	0.995	0.946	0.341	-0.295	0.679	0.207	0.098	-0.106	0.154	0.019	0.324	0.201
4	100138538	rs9995799	-1.540	-1.081	-1.235	-1.085	-1.930	-1.015	-0.552	0.099	-0.181	0.900	-0.336	-1.893	-0.913	-1.397	-1.521	-2.246	-0.702	-0.594	-0.430	-1.221	-0.812	-0.827	-0.622	-0.838	-0.639	-0.743
4	101124422	rs6851943	-0.477	0.786	-0.660	-0.372	-0.119	-0.175	-0.310	0.489	1.105	0.905	0.577	0.943	1.969	1.520	2.017	1.750	0.811	0.921	0.869	1.409	1.253	0.284	0.338	-0.177	0.368	-0.539
4	103758301	rs223374	0.179	-0.872	-1.159	-0.814	0.006	0.107	-0.526	0.628	0.243	-0.056	0.737	0.145	0.177	0.186	1.162	-0.021	0.575	0.377	-0.039	0.435	0.369	0.542	0.409	0.492	0.637	0.941
4	129234493	rs11727869	0.056	0.701	0.340	0.340	0.354	0.787	0.815	1.097	0.780	-0.651	1.417	1.076	2.152	1.663	2.043	1.989	1.381	1.083	0.973	1.268	1.119	1.620	1.489	1.320	1.008	1.182
4	153271110	rs34708673	NA	NA	NA	NA	NA	NA	NA	NA	NA	NA	NA	0.844	1.052	1.233	0.537	0.613	NA	-0.787	NA	NA	NA	0.318	0.299	0.011	0.730	0.741
4	153309538	rs2255137	NA	-1.908	-1.565	NA	NA	-0.486	-0.611	-1.033	0.158	0.115	-0.305	-2.574	NA	NA	NA	NA	-0.310	0.060	1.024	-0.889	0.147	0.103	-0.338	0.055	-0.091	-0.381
5	664323	rs3749611	0.938	0.844	0.799	0.215	0.498	0.352	1.004	0.338	0.386	0.285	0.963	0.927	1.167	1.141	0.820	0.813	0.652	1.721	NA	0.793	0.782	0.077	0.397	0.634	0.452	0.524
5	2174877	rs4866476	-0.071	-0.218	-0.094	0.175	-0.542	0.003	0.803	0.620	0.476	0.411	0.400	0.786	0.521	0.488	0.873	0.248	0.667	0.795	0.868	0.308	0.502	-0.652	-1.218	-1.039	-0.865	-1.197
5	3569556	rs2195412	0.369	0.901	-0.434	0.668	0.018	-0.203	0.896	2.172	1.656	NA	1.111	0.891	0.340	1.163	-0.431	0.597	2.012	-0.960	1.111	1.501	0.976	-0.662	-0.961	-0.290	-0.440	0.244
5	4481431	rs74753016	NA	NA	NA	NA	NA	NA	NA	NA	NA	NA	NA	NA	NA	NA	NA	NA	NA	NA	NA	NA	NA	NA	NA	NA	NA	NA
5	14093588	rs6864072	-0.588	-0.613	-0.906	-0.512	-1.235	-1.072	-0.829	-0.138	-0.091	0.397	-0.273	-1.587	-0.825	-0.136	-0.106	-0.497	-0.392	-0.464	-0.752	-0.624	-0.439	0.600	-0.297	-0.289	0.062	-0.093
5	34510387	rs7714709	-0.029	1.105	0.408	0.197	0.612	0.544	0.666	1.232	0.604	0.726	0.924	0.873	-0.140	0.382	-0.058	-0.012	-1.180	-0.718	-0.506	-0.200	-0.198	-0.143	-0.447	-0.361	0.320	-0.706
5	34566488	rs903844	0.291	-0.356	-0.060	0.250	0.277	0.083	-0.468	-0.886	-0.738	0.179	-0.886	-0.166	0.147	0.222	-0.264	0.148	NA	NA	NA	NA	NA	-0.437	-0.413	NA	-0.568	NA
5	35002766	rs163837	-0.550	-0.342	-0.616	-0.751	-0.689	-0.235	-0.255	-0.173	-0.356	-0.116	0.405	-0.896	-0.694	-1.003	-1.263	-0.760	0.629	0.784	0.369	0.836	0.300	-0.223	-0.201	-0.461	0.396	-0.175
5	40307979	rs348566	-0.366	0.603	-0.303	0.122	-0.603	-0.301	0.078	0.484	-0.537	-0.257	0.463	-0.146	0.459	-0.185	0.244	0.567	1.544	0.119	0.802	0.713	0.369	1.583	0.674	1.354	1.281	0.845
5	43720044	rs146377284	NA	NA	NA	NA	NA	NA	NA	NA	NA	NA	NA	0.802	0.807	0.603	0.436	0.906	NA	NA	NA	NA	NA	NA	NA	NA	NA	NA
5	44120236	rs12521430	0.848	NA	0.663	0.602	0.655	1.019	1.517	-0.737	-0.760	-0.546	-0.186	0.211	0.783	0.557	0.146	0.878	-0.070	-0.418	0.353	0.100	0.277	NA	0.592	0.828	0.205	-0.038
5	52195127	rs1466445	-1.145	-0.590	-1.509	-0.757	-0.980	-0.686	-1.808	-1.558	-0.367	0.422	-1.442	-1.155	-0.912	-1.459	-1.414	-1.140	-1.122	-1.617	-2.259	-1.692	-1.160	-0.547	-0.202	0.229	0.186	-0.638
5	57157732	rs4700233	NA	-0.672	NA	NA	NA	-0.791	-0.650	-0.369	0.560	0.641	-0.526	-0.207	-0.634	0.143	-1.043	0.354	0.766	0.870	0.900	0.188	0.294	1.137	0.110	0.789	2.536	1.329
5	61695607	rs193682	1.086	1.004	0.757	0.764	0.920	1.135	0.647	0.856	0.526	0.693	0.345	-0.090	-0.463	-0.960	-0.408	-0.057	0.225	0.520	0.568	0.289	-0.274	-0.738	-0.141	-0.720	0.502	-0.772
5	62032916	rs10514949	0.268	0.960	0.282	0.111	0.591	0.579	0.544	-0.073	-0.317	-0.538	-0.353	0.296	0.195	0.483	0.492	0.509	-1.102	-0.438	-0.391	-0.034	-0.054	0.745	0.411	-0.151	0.391	0.061
5	101625750	rs28469696	NA	NA	1.266	NA	NA	-0.308	-0.188	-0.826	-0.028	-0.562	-0.705	0.992	0.555	0.109	0.666	0.447	0.158	-0.618	-0.661	-0.506	-1.050	0.187	0.156	0.870	-0.024	0.232
5	112378816	rs12719156	1.232	0.626	0.099	0.768	0.471	0.381	0.840	-1.158	-4.610	-3.320	0.161	-0.198	-0.170	-1.341	-1.253	-0.705	-1.102	-0.027	-0.025	-1.786	NA	-2.823	NA	NA	-0.875	-1.011
5	112385447	rs4599529	0.455	0.648	1.495	0.850	0.949	1.598	1.652	2.612	2.487	0.941	2.729	1.969	2.456	2.840	2.777	2.054	3.007	2.183	2.765	2.983	2.463	2.378	2.178	2.374	2.758	2.926
5	115053841	rs251884	0.803	-0.444	0.549	0.731	0.797	0.061	-0.193	1.100	1.788	0.818	0.517	0.545	2.067	1.210	1.191	0.541	-0.232	0.476	0.450	1.088	0.181	0.403	-0.291	0.179	0.059	0.275
5	119632518	rs144519089	NA	NA	NA	NA	NA	NA	NA	NA	NA	NA	NA	-0.652	0.263	-0.949	NA	-0.313	NA	NA	NA	NA	NA	NA	NA	NA	NA	NA
5	120572178	rs184937586	NA	NA	NA	NA	NA	-0.905	-0.774	-0.776	-0.974	-0.133	-1.343	NA	NA	2.045	0.421	0.543	-2.502	-1.055	-1.225	-1.042	-1.018	-0.583	-0.797	-1.318	-0.778	-0.563
5	139599134	rs10079286	-0.125	0.546	-0.159	0.649	-0.257	1.072	1.190	0.452	1.048	0.941	0.452	0.247	-0.476	-0.510	-2.131	0.470	0.677	1.952	0.466	0.726	0.948	1.766	1.274	1.333	1.356	1.027
5	151101708	rs10035665	-1.341	-1.306	-1.259	-1.181	-1.655	-0.758	-1.388	-0.473	0.660	0.013	-0.162	0.610	0.920	-0.066	0.503	0.482	-0.042	-0.463	-0.089	-0.189	-0.088	0.446	-0.065	0.105	0.299	0.258
5	151107096	rs11742501	-0.265	-0.521	-0.505	-0.303	-0.347	0.095	-0.855	0.571	0.350	0.393	-0.028	NA	1.454	NA	0.096	1.098	-0.198	-0.274	-0.431	-0.802	-0.239	0.387	0.338	0.962	1.109	0.523
5	151296257	rs77352901	0.001	-0.690	-0.290	-0.905	-0.219	-1.657	-0.946	-0.278	0.098	0.246	0.511	0.398	1.141	1.028	0.198	0.220	0.316	0.693	-0.204	0.493	-0.045	0.973	1.005	0.566	0.852	0.963
5	168703951	rs754431	0.026	0.408	-0.565	0.779	0.608	0.229	-0.402	0.026	0.802	0.597	0.030	-1.165	-1.136	-1.299	-1.130	-0.927	-0.027	0.582	0.217	-0.047	0.166	0.463	1.007	0.950	1.588	0.789
6	1766776	rs3800044	0.030	0.683	-1.009	0.178	0.749	1.246	-0.010	-1.680	0.231	-1.356	-0.377	-0.507	-0.336	0.327	0.139	0.163	-0.223	-0.496	-0.841	-0.422	-0.596	0.280	0.013	-0.882	-0.590	-0.568
6	12342789	rs1317584	-0.122	0.793	1.680	0.881	-0.221	1.828	0.168	1.114	1.802	1.584	1.146	-0.524	-0.533	-0.664	-0.053	-0.777	0.701	0.851	1.407	1.551	1.134	1.917	1.227	1.433	1.555	1.416
6	19387225	rs6919702	-0.096	0.040	-0.596	0.575	-0.922	0.047	0.334	0.632	-0.888	-0.319	0.804	1.850	0.691	-0.036	-0.172	0.947	1.107	1.649	0.771	1.084	1.007	-0.733	-0.310	-0.750	0.010	-0.077
6	24354045	rs3765502	NA	NA	NA	NA	NA	NA	-0.238	-1.219	-1.143	-0.628	-0.423	-1.076	-1.093	-1.233	-0.931	-1.101	0.142	0.607	0.504	0.625	-0.284	-1.920	-2.035	-2.084	-1.347	-1.191
6	25704190	rs9467573	NA	-0.936	-0.950	NA	-0.454	-0.855	-0.667	-1.070	-1.170	-0.124	-0.969	-0.376	-0.138	0.145	-0.344	-0.724	-1.166	-0.107	-0.509	-0.558	-1.451	-1.028	-1.278	-1.133	-1.190	-1.514
6	31096575	rs9263719	1.795	0.980	0.332	0.395	-0.246	0.298	0.013	1.315	1.045	0.251	0.606	1.439	0.038	1.283	-0.063	-0.585	1.147	0.472	0.716	-0.222	-0.818	-0.635	0.272	-0.093	-0.587	-0.781
6	31126845	rs117007878	NA	NA	NA	NA	NA	NA	NA	NA	NA	NA	NA	-0.749	-1.848	NA	-1.344	NA	NA	NA	NA	NA	NA	NA	NA	NA	NA	NA
6	31838713	rs494620	-0.409	0.365	-0.327	-0.744	0.572	-0.571	-0.251	-0.751	-1.075	-0.808	-0.422	0.695	-0.219	0.132	-0.601	-0.261	0.508	0.448	-0.432	-1.243	-0.996	-0.026	-0.541	-0.546	-0.113	-0.404
6	34225075	rs9368805	1.093	0.909	1.758	0.972	1.651	1.464	0.830	-0.398	-1.508	-1.248	0.257	0.235	1.402	0.931	0.620	0.703	-0.633	2.840	0.622	1.682	1.334	1.213	NA	1.818	2.133	1.451
6	34371707	rs6935129	-1.297	-0.522	-0.869	-0.700	-0.377	0.274	-0.639	-3.035	-3.158	-2.933	-1.522	-1.186	-0.463	-1.027	-1.363	-0.865	NA	-0.862	-0.885	-0.414	0.363	-1.569	-1.905	-1.010	-0.928	-1.292
6	41673580	rs35985639	1.473	0.549	0.126	0.197	-0.218	0.862	1.500	-0.738	-0.590	-0.492	-0.539	-0.667	-0.356	-0.569	-0.340	-0.959	0.075	-0.591	0.184	-0.321	-0.782	-0.341	-1.245	0.258	-1.308	-0.991
6	41686988	rs140480486	NA	NA	NA	NA	NA	NA	NA	NA	NA	NA	NA	0.073	-2.123	-1.642	-1.445	-1.647	NA	NA	NA	NA	NA	NA	NA	NA	NA	NA
6	43801100	rs56279768	-0.312	0.266	-0.010	0.097	-0.527	-0.027	0.876	-0.289	-0.649	0.106	-0.197	-0.272	0.581	0.220	-0.103	-0.042	-0.289	-0.540	-0.058	-0.873	0.315	0.022	-0.094	0.149	-0.314	0.521
6	43806609	rs881858	-0.377	-0.711	-0.141	-0.079	0.014	0.050	-0.400	1.196	0.791	-0.029	0.257	1.854	1.243	0.932	1.539	1.322	1.443	1.530	1.186	1.737	0.993	0.166	0.623	0.496	0.488	0.177
6	44104573	rs9349273	1.654	1.600	0.018	0.623	0.802	0.900	0.752	0.939	0.268	1.423	0.209	-0.278	-0.977	-1.615	-2.025	-0.522	-0.343	-1.728	-0.611	-0.206	0.326	-0.377	-0.696	-0.430	-0.786	0.072
6	50782834	rs2143081	0.867	0.978	0.831	0.872	1.021	0.754	0.397	0.106	1.082	1.123	-0.378	-0.088	-0.218	-0.058	-0.338	-0.083	-1.184	-0.875	-1.149	-0.898	-0.813	-0.284	0.194	-0.009	0.255	0.483
6	51579595	rs6921803	0.602	0.383	0.025	0.070	0.769	0.841	0.388	0.719	1.506	1.637	0.701	0.445	0.050	0.334	0.166	0.500	0.345	0.120	0.496	-0.181	-0.243	1.548	1.400	1.177	1.214	0.986
6	53560828	rs4425583	-0.566	0.161	0.357	-0.129	-0.514	-0.118	-0.201	1.291	1.313	2.553	0.877	2.040	1.198	1.212	2.698	1.086	1.081	1.128	1.045	0.656	0.932	0.331	0.218	0.180	0.490	0.163
6	53590928	rs7738167	-0.803	0.295	0.145	-0.620	-0.716	-0.084	-0.535	0.737	0.989	1.916	0.779	1.393	0.712	0.515	0.799	0.892	0.440	0.600	-0.554	-0.454	-0.143	-0.207	-1.012	0.214	0.889	-0.015
6	53796305	rs117873067	NA	NA	NA	NA	NA	NA	NA	NA	NA	NA	NA	NA	-0.515	-1.365	NA	NA	NA	NA	NA	NA	NA	NA	NA	NA	NA	NA
6	53869298	rs138951552	NA	NA	NA	NA	NA	NA	NA	NA	NA	NA	NA	0.042	0.924	0.775	1.596	0.498	NA	NA	NA	NA	NA	NA	NA	NA	NA	NA
6	54003052	rs142516820	NA	NA	NA	NA	NA	NA	NA	NA	NA	NA	NA	-0.829	-0.514	-0.569	NA	-0.847	NA	NA	NA	NA	NA	NA	NA	NA	NA	NA
6	54165300	rs1316575	0.235	-1.004	-0.027	-0.116	-0.154	-0.826	-1.502	0.082	1.407	1.137	-0.425	0.629	0.941	0.569	0.604	0.328	-0.302	-1.679	-0.141	-0.400	0.358	0.709	0.679	0.881	0.490	-0.026
6	54174127	rs1508638	0.720	0.306	1.021	-0.332	-0.246	-0.078	-0.596	-0.390	-1.256	-0.644	0.054	-0.352	-0.267	-0.509	-0.673	-0.480	0.076	1.416	-0.288	0.258	-0.332	-0.608	-0.485	-0.682	-0.651	-0.064
6	54192008	rs77691817	1.689	1.571	1.537	1.341	1.745	1.713	1.611	0.220	0.498	0.087	1.207	0.287	0.773	0.642	0.535	0.578	0.890	NA	0.726	NA	0.983	1.240	0.946	0.980	1.150	1.408
6	54285667	rs1508631	0.321	0.026	0.636	0.574	0.370	-0.393	-1.023	0.991	0.782	1.059	-0.513	0.201	-0.054	0.130	0.230	-0.112	0.300	-0.508	-0.224	-0.365	-0.167	-0.295	-0.798	-0.578	-0.297	-0.749
6	54607799	rs35953958	NA	0.839	0.718	NA	NA	0.176	0.236	-1.072	-1.344	-1.413	-1.808	-1.963	-1.687	-1.767	-1.822	-2.089	-0.483	-0.265	-1.594	-0.973	-0.722	-0.803	-0.156	-0.588	-0.495	-0.626
6	54724405	rs1503139	-0.016	NA	0.262	0.179	NA	0.636	-0.254	-0.077	-0.750	-1.106	-0.086	0.279	0.074	-0.099	-0.436	0.061	0.770	0.386	0.417	0.305	0.502	-0.127	0.587	0.132	-0.061	0.170
6	54764320	rs4715491	NA	NA	NA	NA	NA	-1.044	NA	-0.657	0.176	0.414	-0.767	-0.419	0.357	-0.061	0.148	-0.093	0.335	0.234	-0.471	-0.396	-0.293	-1.236	-0.721	-1.343	-1.684	-1.265
6	55021490	rs10948889	-1.134	-0.632	-0.103	-0.597	-0.396	-0.339	-1.406	-0.526	0.019	0.195	-0.083	-0.210	-0.238	-0.361	0.121	-0.518	0.275	0.264	0.314	0.157	0.344	-1.103	-0.440	-0.804	-0.543	-0.910
6	55282856	rs143297173	NA	NA	NA	NA	NA	NA	NA	NA	NA	NA	NA	NA	NA	0.085	-1.012	-0.603	NA	NA	NA	NA	NA	NA	NA	NA	NA	NA
6	55368815	rs6936870	1.041	0.863	0.056	0.521	0.931	-0.281	-0.411	0.339	-0.635	0.277	-0.478	-0.956	-1.602	-0.811	-1.172	-0.936	0.487	-0.061	-0.049	-1.236	-0.700	-0.853	-0.630	-1.174	-1.830	-1.167
6	55383708	rs4236132	0.051	0.050	-0.481	-0.191	0.739	0.206	-0.033	0.481	1.366	1.231	0.351	0.501	0.392	0.338	0.919	0.895	1.054	0.251	0.838	0.794	0.565	0.699	0.724	0.075	0.615	0.328
6	55561957	rs2065027	-0.426	-0.123	-0.706	-0.271	-0.324	-0.216	-0.266	-0.082	0.060	-0.775	-0.356	0.080	-0.126	-0.125	-0.438	0.043	0.405	0.273	-0.025	-0.160	0.081	0.489	0.070	0.641	-0.177	0.879
6	75456769	rs74453892	1.597	1.771	1.696	1.112	2.123	1.661	1.223	0.457	0.159	NA	NA	0.666	0.755	0.426	0.839	0.892	1.125	1.772	1.133	1.620	1.490	1.504	2.044	NA	1.471	NA
6	90019309	rs10944439	1.861	0.993	1.590	0.992	1.864	1.791	1.023	1.245	0.756	0.220	1.815	0.840	0.499	0.734	-0.055	NA	1.100	0.749	0.740	0.704	1.168	0.286	0.893	1.116	0.495	-0.039
6	90109374	rs6907843	-0.019	-0.074	-0.164	0.120	0.235	-0.177	0.115	0.938	0.824	0.475	0.918	0.280	0.109	0.518	0.731	0.628	0.297	0.619	-0.580	0.561	0.096	-0.430	-0.155	-0.058	-0.032	-0.100
6	100890991	rs241812	0.047	-1.018	-1.009	-0.078	-0.696	-0.425	-1.607	-0.397	0.492	0.840	-0.703	-0.173	-0.022	0.547	0.470	0.143	-1.011	-0.972	-1.544	-0.698	-0.172	-1.077	-1.564	-1.791	-2.171	-1.607
6	100909653	rs3798483	0.658	NA	1.448	1.141	0.568	1.188	1.453	-0.108	-0.069	0.560	-1.110	1.594	0.115	0.900	NA	0.154	-0.923	0.049	-0.248	0.001	-0.247	0.252	0.657	1.197	1.072	0.746
6	101044623	rs6570797	-1.409	-0.624	0.990	-0.793	-1.243	0.337	-0.377	1.268	-1.515	1.046	-0.032	NA	-2.173	NA	-1.763	-1.576	-0.432	-0.761	NA	2.818	NA	0.189	-0.571	-0.110	0.998	0.253
6	101202105	rs9390670	NA	NA	NA	NA	NA	NA	NA	NA	NA	-1.739	NA	NA	-2.498	-3.273	-2.350	-1.942	NA	NA	NA	NA	NA	NA	NA	NA	NA	NA
6	101306502	rs9390699	-1.035	-0.389	0.455	-0.310	-0.154	-0.483	0.238	0.989	-0.114	0.404	0.118	-0.548	-0.703	-0.748	-1.119	-0.639	0.346	0.932	-0.053	-0.407	0.202	0.435	0.373	0.558	1.612	0.909
6	101466446	rs76637347	NA	NA	NA	NA	NA	NA	NA	NA	NA	NA	NA	NA	-0.887	-0.393	-0.942	0.384	NA	NA	NA	NA	NA	NA	NA	NA	NA	NA
6	101483043	rs1626034	-0.367	-0.335	-0.790	-0.926	-0.416	-0.676	-1.202	0.353	0.429	1.095	0.612	-0.081	0.295	0.374	0.325	0.159	0.535	0.980	-0.042	0.837	1.053	-0.958	-0.894	-1.310	-1.566	-1.210
6	101822444	rs9373610	NA	NA	NA	NA	NA	NA	NA	NA	-0.583	-0.062	NA	NA	-1.851	NA	-0.748	-0.751	0.466	NA	NA	NA	NA	NA	NA	NA	NA	NA
6	101838272	rs1843487	-1.569	-1.649	-2.040	-1.306	-1.403	-1.266	-1.147	-1.951	-0.765	-0.455	-1.347	0.711	0.388	0.549	0.783	0.720	-0.919	0.463	-0.640	-0.837	-0.726	-0.284	-0.590	-1.050	-0.746	-0.554
6	106942605	rs78671834	NA	NA	NA	NA	NA	NA	NA	NA	-0.993	-1.152	NA	-1.251	0.073	-0.980	-0.045	-0.247	NA	NA	NA	NA	NA	0.213	NA	NA	NA	NA
6	107172979	rs7766720	-0.258	0.603	0.217	-0.065	0.403	0.225	0.108	-0.227	-1.189	-0.251	-0.360	0.253	0.217	-0.164	-0.029	0.703	-0.776	-0.650	-0.775	-0.415	-0.270	-0.396	-1.461	-0.667	-0.512	-0.720
6	116913543	rs17201530	NA	NA	-1.651	NA	NA	-0.251	-1.073	-0.488	-0.834	NA	-1.116	-0.263	-0.846	-1.065	-0.742	-0.205	-0.546	-0.075	-1.117	-1.022	-0.906	-0.632	-0.744	-1.140	-0.932	-0.808
6	122340494	rs62428421	NA	NA	NA	NA	NA	NA	NA	0.684	0.600	0.878	1.069	0.816	0.856	1.208	0.281	0.915	1.522	0.393	1.355	0.693	1.683	NA	1.461	NA	0.908	1.252
6	131882571	rs2781656	1.552	0.515	0.343	0.029	0.477	-0.095	-0.208	-0.836	-0.336	-0.148	-0.989	-0.470	-0.460	-0.762	-0.121	-0.779	-0.119	1.038	0.477	-0.243	0.051	-1.205	-0.526	-1.132	-0.573	-1.181
6	152153156	rs6903763	0.448	0.505	NA	0.062	0.836	0.703	0.768	0.634	1.068	0.424	0.571	-0.463	-0.230	-1.145	-0.326	-1.209	0.153	-0.664	-0.082	0.921	NA	-0.115	0.430	-0.133	0.420	0.114
6	160640881	rs2928035	1.603	0.462	1.667	0.697	1.398	1.758	1.432	0.585	0.290	1.923	0.776	0.465	0.822	1.477	1.119	0.521	-0.490	-0.216	-1.156	0.438	-0.334	-0.051	-0.302	-0.127	0.091	-0.235
6	160658130	rs10945658	0.502	-0.039	0.055	-0.276	0.740	0.641	0.301	0.129	0.522	0.329	-0.018	0.921	0.972	0.751	0.916	0.686	0.109	0.078	-0.544	-0.256	0.207	0.196	0.047	0.397	-0.183	0.190
6	160669081	rs316020	0.096	0.259	0.226	0.027	0.408	0.842	1.180	0.939	0.432	0.934	0.973	0.751	-0.008	-0.128	0.245	0.002	-0.113	1.091	-0.927	0.436	0.342	-0.204	0.018	0.126	0.380	0.272
6	160702163	rs548918	-1.115	-0.867	-1.458	-0.141	-0.862	-1.525	-1.250	-0.964	-0.362	0.090	-0.183	-0.391	-0.774	-0.328	-0.735	-0.550	0.242	0.494	-0.213	0.364	0.579	-1.078	-0.678	-0.544	-0.613	-0.309
6	160793183	rs78656926	NA	NA	NA	NA	NA	NA	NA	NA	NA	NA	NA	NA	0.750	-0.403	NA	-0.286	NA	NA	NA	NA	NA	NA	NA	NA	NA	NA
7	1246108	rs13239633	-0.608	-1.227	-1.397	-0.351	-0.096	-1.801	-1.477	1.082	0.984	0.818	0.514	-1.397	-1.282	-0.662	-0.939	-0.988	0.773	1.619	0.636	0.597	0.766	0.709	0.602	0.602	1.049	0.506
7	1293010	rs1533988	0.070	0.157	-0.552	0.782	-0.291	-0.421	-0.624	-1.466	-0.401	0.975	-1.225	0.030	-1.032	-0.529	-0.779	-0.261	-1.139	-1.517	-0.897	-0.761	-1.010	-1.273	-0.971	-0.903	-0.849	-1.308
7	1300708	rs1079443	0.472	0.612	0.924	-0.114	0.144	0.427	0.712	1.675	-0.867	-1.210	1.751	-0.103	-0.065	-0.166	0.099	0.087	0.221	0.524	1.708	1.520	1.825	3.062	0.562	0.216	0.431	1.139
7	18635619	rs2695026	0.257	0.145	1.027	0.353	0.120	0.212	-0.436	0.041	1.439	1.638	-0.348	-0.072	-0.288	-0.216	-0.042	-0.231	-0.559	0.232	-0.302	-1.359	-0.539	-1.692	-1.493	-0.886	-1.066	-0.825
7	30938167	rs1001733	-0.467	-0.613	-1.082	-0.706	-0.759	-0.645	-0.741	-0.204	0.048	0.140	0.086	0.501	0.495	0.528	0.134	0.373	-0.429	-0.817	-0.102	-0.209	-0.170	-0.402	-0.097	-0.348	0.042	-0.092
7	41068572	rs78503047	NA	NA	NA	NA	NA	0.027	-0.066	0.088	NA	NA	NA	-0.158	0.629	-0.306	0.315	0.131	0.899	0.064	-0.850	NA	NA	0.872	0.324	0.555	1.363	0.815
7	50826838	rs10272063	-0.011	0.428	-0.131	1.164	-0.337	0.096	0.974	-0.363	-0.863	-0.956	-0.013	-0.398	0.675	-0.537	NA	NA	0.288	-0.531	0.221	1.227	0.849	0.237	-0.196	-0.291	1.034	-0.445
7	75612803	rs41301394	0.890	0.518	1.342	0.523	0.712	0.273	0.915	0.502	1.242	1.028	0.491	0.656	1.375	1.305	0.573	1.703	1.419	-0.410	2.006	-0.181	-0.277	0.613	0.095	0.361	0.707	0.375
7	77406404	rs10263369	-0.228	0.210	0.095	0.605	0.104	0.259	0.456	0.553	0.328	-0.405	0.562	0.606	0.301	1.349	0.268	0.277	0.037	0.584	0.548	-0.203	0.236	-0.748	-1.094	-1.099	-0.416	-0.290
7	97853309	rs13231773	-0.211	-0.153	-0.446	-1.041	0.289	-0.013	-0.618	-0.052	0.070	-0.429	0.651	0.002	-0.224	0.904	0.117	-0.177	0.824	1.152	0.818	0.738	1.539	-0.368	0.134	-0.562	0.377	-0.538
7	105416054	rs6947195	-0.740	-0.654	-0.342	-1.847	-1.008	-1.321	-1.250	-1.092	-1.044	-1.032	-0.659	-0.404	0.038	0.103	-0.395	-0.701	-0.540	-0.063	-0.622	-0.268	-0.468	0.266	0.959	0.048	0.837	0.007
7	113834575	rs146302228	NA	NA	NA	NA	NA	NA	NA	NA	NA	NA	NA	0.845	-0.098	-0.486	-0.933	-0.720	NA	NA	NA	NA	NA	NA	NA	NA	NA	NA
7	128710210	rs7794772	-0.770	-1.959	0.414	-1.509	-1.023	-0.918	-1.562	0.024	0.040	1.140	0.543	0.082	-0.094	-0.568	-1.538	-0.241	0.518	0.358	-0.289	0.564	0.275	-1.148	-0.640	-0.086	-0.802	-1.580
7	129505141	rs3807120	-0.857	-1.034	-0.504	-0.218	-1.093	0.255	0.297	0.395	0.674	0.710	0.529	0.472	3.084	2.445	2.231	0.643	1.511	-0.791	1.179	-0.194	0.394	-0.276	0.090	0.507	-0.075	-0.728
7	138818934	rs17160806	1.720	1.435	1.072	1.296	1.966	0.423	-0.507	-0.487	0.955	2.061	-0.765	0.324	0.719	-0.094	0.143	0.005	-2.565	-2.802	-1.543	-1.821	-3.101	-1.662	-1.537	-1.595	-1.686	-1.740
7	155662386	rs28691751	-0.692	-0.864	-1.655	-0.581	-0.864	0.643	-0.851	-0.642	-0.515	-0.225	-0.968	-0.257	0.096	0.399	0.109	-0.161	-1.547	-1.216	-1.726	-0.742	-1.766	0.419	0.500	0.477	0.220	0.279
7	155672649	rs898696	0.556	0.383	0.336	0.292	0.690	0.076	1.106	0.276	-0.003	-0.452	0.488	0.309	0.122	-0.026	-0.184	0.239	0.528	0.613	0.383	0.870	0.444	0.064	-0.028	0.018	0.023	-0.018
7	156127443	rs10241238	-0.426	-1.564	-0.568	-0.960	-0.544	-0.566	-1.047	-0.827	0.046	-0.399	-0.405	-1.788	-2.048	-2.206	-1.769	-1.753	-0.527	-1.012	-0.565	0.008	-0.624	-0.804	0.110	-1.048	-0.245	0.046
8	15636116	rs187260456	NA	NA	NA	NA	NA	NA	NA	NA	NA	NA	NA	-0.792	-0.886	0.364	NA	0.082	NA	NA	NA	NA	NA	NA	NA	NA	NA	NA
8	23769618	rs1705694	-0.818	-0.064	0.049	-0.666	-0.153	-0.206	-0.011	-0.193	0.261	0.010	0.387	-0.956	-0.689	-0.427	-1.433	NA	-0.119	0.095	0.140	-0.220	-0.165	0.691	0.228	0.315	0.600	0.051
8	25861930	rs78365229	NA	NA	NA	NA	NA	1.129	-0.555	-1.141	-2.444	-2.542	-0.456	-0.057	0.438	-0.132	0.743	-0.405	1.563	-0.725	0.536	-0.638	-0.333	-0.497	-0.487	-0.095	-0.772	-0.639
8	32399849	rs4422737	1.173	-0.235	0.859	0.238	0.866	0.704	0.985	1.433	2.112	1.305	1.067	-0.065	-1.739	-1.568	-2.736	-1.059	1.062	0.618	0.895	1.150	1.960	0.880	1.352	1.629	1.184	1.160
8	37656757	rs7830319	0.327	0.262	0.157	-0.382	0.216	0.115	0.527	0.311	0.523	-0.374	0.119	-0.857	-0.677	-0.424	-0.558	-0.591	0.089	0.805	0.279	-0.192	-0.149	-0.267	0.175	0.762	0.903	0.066
8	40944012	rs7827050	-0.194	0.244	0.373	0.507	-0.506	0.199	0.275	0.912	0.116	0.859	0.669	1.588	1.334	1.554	1.113	1.120	0.088	0.326	-0.284	0.417	0.953	0.521	1.260	0.636	1.485	1.180
8	76028076	rs11991922	-0.064	0.932	1.327	1.259	0.954	-0.429	-0.202	-0.893	-0.208	0.497	-1.178	-0.725	-0.180	-0.441	-0.500	-0.350	-1.460	-1.157	-1.406	-1.891	-1.019	-1.324	-0.769	-0.828	-1.493	-0.553
8	108549998	rs77564308	NA	NA	NA	NA	NA	NA	NA	0.247	-0.651	-0.095	-0.169	0.472	0.642	0.961	0.406	0.698	-0.116	0.479	-0.343	-0.277	-0.101	0.423	NA	NA	0.135	NA
8	110339267	rs2980639	NA	1.723	1.122	NA	NA	1.366	0.967	0.268	0.742	-0.239	-0.375	-0.286	0.296	0.309	0.235	-0.259	-0.773	-0.363	-0.396	-1.314	-1.353	-0.120	-0.171	0.085	-0.209	-0.259
8	124552303	rs7835298	0.443	-0.639	0.114	-0.291	-0.538	-0.044	-0.113	-0.936	-0.192	0.646	-0.578	0.642	-0.104	0.363	-0.430	0.573	-0.329	-0.031	-0.610	-0.041	-0.583	-0.342	-1.382	-0.221	-0.325	-1.036
8	126482077	rs2954021	2.282	1.205	0.671	1.654	1.603	1.048	1.091	0.415	1.153	1.167	0.062	-0.770	0.009	-0.808	-0.191	-0.063	0.033	0.136	-1.199	0.385	-0.235	1.048	0.349	0.912	1.522	0.858
8	130371638	rs75834729	NA	NA	1.155	NA	NA	0.392	0.791	0.980	1.982	NA	-0.200	0.167	1.051	0.912	1.091	0.708	1.007	0.894	0.984	-0.512	0.809	0.742	1.356	0.799	1.361	0.865
8	135018643	rs1379436	NA	-0.145	0.135	-0.821	NA	0.050	-1.545	-2.007	-3.232	-2.373	-2.097	-0.498	-0.720	-0.660	-1.639	-1.083	-1.604	-1.543	-1.739	-2.616	-2.116	-3.673	-2.482	-2.980	-2.732	-3.295
8	135543194	rs1020236	0.503	0.236	-0.072	0.267	-0.012	0.146	0.050	-0.859	0.379	1.222	-0.153	-0.639	0.711	0.596	0.459	0.647	-1.296	-0.624	-0.125	-1.449	-1.267	0.172	0.227	0.104	-0.189	0.427
8	142067233	rs13282046	0.510	-0.787	-0.208	-0.508	-0.157	0.544	0.344	0.186	0.559	0.968	0.192	-0.165	0.162	0.234	0.025	0.187	0.261	0.534	0.661	0.988	0.909	0.294	0.103	0.141	0.449	0.064
9	4144996	rs10814853	0.514	0.578	0.265	0.088	0.760	0.864	0.779	-0.528	-0.814	-1.671	-0.279	-0.381	-0.844	-1.515	-1.552	-0.740	-0.074	-0.582	0.121	0.314	-0.219	-0.023	-0.563	0.174	0.187	0.103
9	22151139	rs6475611	-0.900	1.823	0.610	1.539	0.431	-0.102	-0.383	-0.393	-0.529	-0.629	-0.796	-2.107	-3.401	-3.206	-1.937	-2.308	-1.077	-1.082	-0.289	-1.688	-1.234	0.098	0.090	0.784	-0.614	1.178
9	33882692	rs62555928	-0.063	-0.356	1.499	-0.202	NA	0.049	0.676	-0.355	-0.463	-0.998	-0.881	0.047	0.038	0.847	-0.084	0.964	NA	-1.325	-0.058	NA	-2.366	-0.438	0.148	-0.406	-0.435	-1.358
9	71357314	rs11143594	NA	NA	NA	NA	NA	NA	NA	NA	0.640	-0.511	NA	0.055	-0.210	0.066	-0.646	0.059	-0.979	0.727	-0.070	-0.269	0.362	0.395	-0.448	-0.597	-0.090	-0.090
9	71432174	rs2039424	0.406	0.370	0.264	0.379	0.111	0.045	0.019	-0.345	-1.144	-0.664	-0.793	-0.182	1.007	0.006	0.701	0.518	-0.730	-0.509	-0.229	-0.435	-0.521	0.224	0.424	0.569	-0.267	-0.155
9	80623261	rs34688006	0.688	0.960	0.269	1.044	1.140	1.048	2.187	0.964	1.103	-0.144	1.048	-1.293	NA	0.339	-1.222	-0.434	0.061	0.869	0.643	1.390	1.034	0.897	0.678	0.756	1.132	0.434
9	100120564	rs1986141	-1.111	-1.089	-0.500	-1.342	-1.225	-1.033	-1.927	0.116	0.934	-0.089	-0.794	-1.527	-0.866	NA	-0.883	-0.982	-0.057	-0.366	-0.061	-0.372	0.100	-0.455	-0.356	-0.138	0.249	-0.406
9	113227531	rs7869377	0.711	0.265	-0.075	0.110	0.507	-0.555	-0.231	0.819	0.744	-0.465	0.409	0.102	0.674	0.156	0.492	-0.475	1.492	1.657	1.026	0.409	0.127	0.685	-0.073	0.621	0.148	0.026
9	119154616	rs4837374	0.326	0.695	1.656	0.548	0.592	0.303	0.516	-0.072	-0.370	-0.364	-0.144	-1.296	-1.185	-1.364	-1.215	-1.282	0.485	-0.264	0.322	0.995	0.193	-1.371	-0.609	-1.202	-0.787	-1.332
9	127663826	rs142083099	NA	NA	NA	NA	NA	NA	NA	-0.313	-0.121	-2.114	-1.132	NA	-1.417	-1.676	-1.248	-1.969	-1.176	-1.247	0.019	-0.265	-0.036	-0.834	-2.185	-0.450	-0.537	-1.564
9	128146064	rs10126025	-1.745	-0.892	-1.332	-0.982	-1.595	-1.060	-1.346	0.155	0.343	0.663	-0.232	-0.304	-0.441	-0.705	-0.507	-0.391	0.320	0.348	0.346	0.155	-0.118	0.220	0.004	0.083	0.172	0.150
9	129954223	rs2789520	-0.184	-0.247	-1.092	-0.260	-0.065	-0.180	0.005	-0.116	-0.410	-0.600	0.690	0.820	0.687	0.706	0.747	0.746	0.005	-0.984	-0.033	0.197	0.171	0.517	0.341	1.035	0.692	0.830
9	136122826	rs6597616	0.465	0.305	1.262	0.953	1.160	0.813	1.736	1.904	2.182	1.653	2.000	1.295	0.792	0.616	0.588	0.898	3.791	1.911	1.913	3.306	1.047	1.170	1.465	1.309	0.932	1.738
10	899071	rs80282103	0.983	0.567	0.084	0.582	1.302	1.346	0.975	-0.327	-1.061	-1.753	-0.025	-1.210	-1.686	-2.249	-0.961	-0.919	-1.065	0.421	-1.007	-0.132	-0.984	-0.252	-0.078	0.484	0.060	0.323
10	8725039	rs10795670	-0.436	-0.671	-0.481	-1.288	-1.218	-0.935	0.293	1.884	1.034	-0.128	1.882	0.140	0.605	0.226	0.074	-0.213	1.798	0.830	1.760	1.931	1.405	0.943	1.796	0.105	0.119	0.664
10	23129838	rs7899129	-0.279	-1.333	-0.551	-1.273	-0.381	-1.240	-1.850	-1.389	-0.290	-0.329	-1.891	-0.316	-0.120	-1.407	-1.137	-0.244	-0.724	-0.833	-0.680	-1.362	-0.654	-1.420	-1.180	-1.226	-0.849	-1.183
10	35151845	rs12776901	NA	NA	NA	NA	NA	-1.759	-1.811	-0.863	-1.425	-0.531	-1.286	0.501	-0.118	0.218	0.356	0.034	-0.165	-0.015	-0.581	-0.511	-1.285	-1.280	-1.068	-0.469	-0.475	-0.793
10	63770658	rs10995004	NA	NA	NA	NA	NA	NA	-0.501	-0.544	-0.901	-0.659	-0.265	1.193	0.387	0.691	0.255	0.918	NA	NA	NA	NA	NA	-0.203	0.550	-0.693	-0.667	-0.780
10	63795446	rs10740058	-1.375	-1.610	-0.954	-1.307	-1.705	-1.502	-1.446	0.091	0.079	0.524	-0.146	-0.634	-0.544	-0.461	-0.776	-0.400	0.232	-0.047	-0.030	-0.035	1.023	0.029	-0.323	0.311	0.184	0.257
10	69838819	rs79897233	NA	NA	NA	NA	NA	NA	NA	NA	NA	NA	NA	-0.705	NA	NA	-1.212	0.210	NA	NA	0.866	NA	NA	NA	NA	NA	NA	NA
10	69965177	rs7475348	0.769	-0.385	0.571	0.261	0.139	0.216	-0.229	-1.198	-0.791	1.344	-0.594	0.711	0.553	-0.043	-0.236	0.737	-1.018	-1.370	-0.939	-0.987	-0.461	-0.495	-0.556	-0.017	-0.544	-0.229
10	70009389	rs4746749	1.170	1.094	-0.149	0.883	1.190	-0.206	-0.628	-0.548	-0.041	2.170	-1.418	-0.024	0.443	-0.398	-0.093	0.058	0.003	-0.026	-0.775	-0.049	-1.044	-0.819	-1.039	-1.066	-0.851	-0.814
10	70101656	rs2273902	NA	NA	NA	NA	NA	NA	NA	0.234	0.296	0.320	0.851	0.150	0.070	-0.157	-0.170	-0.003	0.810	0.516	0.673	1.130	1.218	0.037	0.244	0.196	0.060	0.440
10	70348652	rs61868093	-2.811	-1.631	-1.651	-2.265	-2.462	-2.483	-1.757	0.011	-0.219	-1.849	-0.811	0.976	0.852	1.061	0.342	1.164	-0.263	0.213	-0.319	0.196	0.618	0.154	0.188	0.113	0.069	0.298
10	70584231	rs1163154	1.237	1.917	0.795	0.289	1.707	1.919	1.605	0.437	0.346	1.300	0.839	-0.457	-0.361	-0.548	-0.769	0.117	0.323	0.960	-0.046	-0.087	-0.192	-0.175	0.199	-0.260	-0.062	-0.129
10	70589478	rs10998449	NA	NA	-0.516	NA	NA	0.698	-0.060	-0.799	0.034	0.916	-0.619	-0.056	-0.276	-0.390	-0.343	-0.130	-0.694	-0.672	-1.114	-0.911	-0.665	-0.513	-0.277	-0.499	-0.586	-0.644
10	70796051	rs112984539	-0.825	-0.612	-1.343	-1.341	-0.736	-0.277	1.604	-1.096	-0.379	0.476	-1.007	NA	NA	NA	-0.630	0.868	-0.530	-0.102	-0.140	-0.443	0.142	-0.247	0.185	0.482	-0.286	0.064
10	70872181	rs10762256	0.635	1.037	0.628	0.777	0.397	0.927	0.894	1.313	-0.775	-1.919	1.725	0.203	0.519	0.272	0.700	0.010	1.200	0.120	0.837	0.161	0.745	0.298	0.502	0.011	0.188	-0.364
10	71408079	rs4746883	-1.182	-1.175	-0.524	-2.135	-1.844	-2.283	-1.712	-0.513	0.329	1.451	-0.475	-2.116	-1.596	-2.202	-2.698	-0.319	-0.529	-1.218	-0.742	-0.363	-0.321	-1.241	-0.915	-0.447	-1.269	-1.035
10	79202103	rs112675582	-0.184	0.645	-0.296	0.563	0.857	0.999	-0.393	2.133	1.823	1.162	1.426	0.095	-0.062	-0.018	-0.164	0.382	1.026	1.617	1.702	1.737	0.612	1.062	0.855	0.961	1.569	0.760
10	80922957	rs4980040	-1.920	0.083	-1.503	-0.208	-1.322	-1.820	-0.139	1.013	0.335	0.370	0.340	-0.117	-0.806	-1.141	-0.141	0.578	0.746	0.384	-0.073	0.298	0.412	-0.186	1.067	0.096	0.915	-0.084
10	103942907	rs78705584	0.689	NA	NA	NA	NA	NA	NA	-1.055	-0.598	-0.962	NA	-0.594	-0.959	-0.266	-0.496	-0.375	NA	NA	NA	NA	NA	-0.960	-0.055	-0.870	-1.111	-0.915
10	103985585	rs116929001	NA	NA	NA	NA	NA	NA	NA	NA	NA	NA	NA	NA	-1.280	-0.912	-0.708	-0.321	NA	NA	NA	NA	NA	NA	NA	NA	NA	NA
10	104217415	rs4919640	0.948	0.408	0.571	0.962	0.953	0.336	0.302	-0.628	-0.210	-0.527	-1.256	-0.597	-0.536	-0.553	-1.050	-1.027	-0.622	-0.863	-1.170	-0.954	-0.845	-1.521	-1.281	-0.732	-0.912	-1.179
10	104277093	rs75174967	NA	NA	NA	NA	NA	NA	NA	-2.137	-1.735	-1.660	NA	-0.362	-1.157	-1.362	-0.984	-0.261	NA	NA	NA	NA	NA	-0.019	NA	NA	NA	NA
10	104487443	rs7917772	0.102	-0.188	-0.125	-0.259	-0.359	-0.923	-0.618	0.572	0.805	0.822	0.112	1.252	1.623	1.485	2.474	2.148	0.809	0.733	0.975	1.345	0.527	1.196	1.567	1.362	1.164	1.116
10	104498033	rs76909165	NA	NA	NA	NA	NA	NA	NA	NA	NA	NA	NA	NA	-0.443	NA	0.528	-0.274	NA	NA	NA	NA	NA	NA	NA	NA	NA	NA
10	104575870	rs6892	NA	0.334	NA	NA	NA	NA	0.178	-0.392	-1.135	-1.153	-0.432	0.661	0.309	0.331	0.374	0.668	-0.549	-0.606	-0.248	-0.664	-0.380	-1.230	-0.947	-0.995	-1.136	-0.980
10	104582155	rs78362087	NA	NA	NA	NA	NA	0.953	NA	0.145	-0.416	-0.176	-0.294	0.199	-0.024	0.054	0.633	0.521	-0.459	-0.437	-1.086	-0.662	-0.498	0.051	0.332	0.437	-0.525	-0.224
10	104999266	rs6584545	NA	1.370	1.283	0.129	NA	NA	0.252	-0.419	-0.022	0.170	-0.472	0.144	-0.662	-0.678	-0.001	0.054	-0.452	-0.508	0.017	-0.475	-0.727	-0.367	-0.264	-0.332	-0.503	-0.279
10	105271296	rs117883235	NA	NA	NA	NA	NA	NA	NA	NA	NA	NA	NA	-0.861	-0.773	-1.668	-0.774	NA	NA	NA	NA	NA	NA	NA	NA	NA	NA	NA
10	105714171	rs7898041	-0.482	0.095	0.375	-0.202	0.206	0.602	1.093	0.480	0.554	0.425	1.168	0.913	0.909	0.458	0.765	0.121	NA	0.286	1.930	1.873	1.578	1.083	1.372	0.694	0.609	0.689
10	111962318	rs11195024	1.226	1.343	0.750	1.938	1.635	1.856	1.871	0.573	-0.074	0.001	1.076	0.310	0.578	0.545	0.328	0.651	1.557	1.058	1.328	1.143	0.897	-0.064	-0.108	-0.418	-0.405	-0.098
10	112539467	rs7903364	0.558	1.331	0.936	0.390	0.457	0.681	0.632	-0.382	-1.423	-1.016	0.117	0.291	1.574	1.155	2.245	0.515	0.035	0.596	0.253	0.174	-0.108	-0.751	-0.822	-1.050	-0.914	-1.059
10	126404141	rs4962687	-0.390	0.555	0.556	0.759	0.267	0.090	0.228	-0.554	-1.370	-1.320	-0.410	1.932	1.197	1.757	0.708	2.004	0.218	0.154	-0.070	-0.410	-0.028	-0.434	-0.551	-1.020	-0.680	-0.651
10	130786576	rs11016590	0.078	0.490	-0.709	-0.311	-0.647	-0.174	0.361	-0.448	-0.790	-0.130	-0.570	-0.929	-1.098	-0.825	-0.542	-1.070	0.001	0.062	0.203	-0.250	-0.507	-0.291	-0.255	-0.041	0.010	0.170
10	131801337	rs11017045	-0.801	-0.536	-0.685	0.531	-0.586	-0.464	-1.609	-0.809	-0.833	-1.016	-0.904	-0.516	-0.533	-0.658	-0.447	-0.848	-0.432	-0.639	-0.679	-0.630	-0.761	-1.187	-1.356	-1.410	-0.871	-1.127
11	1979861	rs77829123	NA	NA	NA	NA	NA	NA	NA	0.728	NA	NA	NA	-0.566	-2.522	-1.127	-2.688	-1.123	NA	-0.834	0.252	NA	NA	-1.417	-0.663	-1.599	-1.299	-0.900
11	1987832	rs149118369	NA	NA	NA	NA	NA	NA	NA	NA	NA	NA	NA	NA	-1.844	-0.888	-2.159	NA	NA	NA	NA	NA	NA	NA	NA	NA	NA	NA
11	2116493	rs10840341	0.364	0.614	0.935	0.003	0.180	-0.060	0.142	1.646	1.600	1.155	0.568	-0.078	-0.094	-0.273	-0.164	0.064	0.497	0.564	0.484	1.422	0.795	0.107	-0.003	-0.060	-0.021	-0.215
11	2231273	rs10840595	-0.162	0.138	0.094	0.309	0.034	-0.028	0.192	-0.043	-0.295	-0.200	0.859	0.983	0.861	0.764	0.497	0.665	1.265	1.085	0.860	1.573	1.203	0.996	0.776	0.738	0.032	0.913
11	4034033	rs11030608	1.890	-0.300	-0.333	0.910	1.637	-0.681	0.230	1.080	1.225	-0.419	1.447	0.080	0.688	0.408	0.600	0.616	1.068	0.637	0.865	0.885	0.403	-0.113	-0.249	0.387	-0.194	0.561
11	4597972	rs76446722	0.154	NA	-0.612	NA	NA	NA	0.356	-2.320	-2.025	-1.222	0.007	-0.820	-3.121	-0.942	-3.020	-0.189	-0.426	0.576	-1.231	-0.701	-0.506	-0.808	0.485	0.552	-1.576	0.046
11	4675379	rs10500609	-0.427	-0.321	-0.709	-0.258	-0.839	-0.409	-0.119	-2.566	-1.600	-1.874	0.032	-0.026	-0.726	-0.306	0.189	-0.093	NA	NA	NA	-0.673	NA	-0.475	NA	NA	NA	NA
11	15668826	rs1531903	-1.902	-1.418	-2.293	-1.773	-1.644	-1.538	-1.794	0.200	-0.182	-0.319	-0.066	0.673	NA	NA	0.061	0.461	-1.228	-0.240	-0.579	-0.758	-0.107	0.371	-0.315	0.554	-0.663	-0.443
11	16291133	rs12274377	0.164	-1.502	-0.774	-0.609	-0.408	-0.690	-0.348	-0.108	1.572	1.441	-0.846	0.416	1.039	0.847	NA	0.944	-0.187	-1.412	-1.367	-0.752	-1.008	-0.057	0.975	1.008	1.170	0.212
11	30493671	rs7102899	-0.811	-0.382	0.022	-1.012	-1.729	-1.016	-0.486	-0.304	0.249	0.197	-1.152	0.054	-0.640	-0.293	-0.009	-0.375	-0.050	0.066	-0.413	-0.636	0.486	-0.374	0.226	-1.500	-0.912	-1.246
11	30605859	rs7930738	0.144	0.141	0.798	0.603	0.045	0.282	0.564	0.203	0.581	0.738	-0.083	0.344	0.762	0.609	0.758	0.829	-0.742	0.226	-0.222	-0.367	-0.131	0.151	0.800	1.207	0.803	-0.041
11	30749090	rs963837	-0.002	-0.058	0.198	-0.308	-0.151	-0.530	-1.230	-1.204	-1.224	-1.330	-1.446	0.052	0.311	-0.010	-0.227	-0.041	-1.208	-0.721	-0.960	-0.647	-1.596	-1.097	-1.839	-1.504	-1.039	-1.014
11	30804996	rs4439488	-0.633	0.069	-0.009	-1.020	-0.786	-0.950	-0.516	0.482	-0.141	-0.481	-0.479	-0.418	-0.531	-0.582	-0.310	-0.692	-0.824	-0.453	-0.157	-0.950	-0.064	-0.150	0.115	-0.329	0.600	0.275
11	47581443	rs11039297	NA	NA	NA	NA	NA	0.220	1.741	0.156	0.347	-1.464	-0.739	-5.151	-0.060	-0.507	-2.246	NA	0.744	-0.089	NA	NA	0.385	-0.612	-0.336	-1.289	-1.069	-0.680
11	47714610	rs7101582	-0.185	0.353	0.842	0.116	0.233	0.190	0.128	1.104	0.097	1.195	0.659	0.883	-0.648	-0.065	-0.641	NA	1.274	0.179	0.718	1.181	0.822	0.325	0.627	0.117	0.081	0.029
11	47836026	rs10458914	NA	NA	-0.437	NA	NA	-0.484	-0.985	0.447	0.490	0.708	-0.634	NA	-0.283	NA	-0.233	NA	NA	-0.881	-1.279	NA	NA	0.552	0.649	0.573	-0.176	0.668
11	48349903	rs11039681	1.164	1.469	1.289	1.160	1.508	1.029	1.173	1.731	1.482	0.762	1.290	-0.433	1.000	0.942	1.223	0.695	1.766	2.556	1.805	1.481	1.164	0.461	0.270	0.437	0.300	0.660
11	49059362	rs2696914	0.440	0.189	0.977	0.090	0.555	0.486	0.768	0.993	0.941	0.061	0.545	-1.353	0.519	-0.750	-0.032	-1.008	0.016	0.767	-0.860	0.932	-0.190	-0.013	-0.138	-0.075	-0.266	-0.012
11	49707361	rs12364577	NA	NA	0.711	NA	NA	0.452	0.248	-0.443	-1.200	0.006	-1.357	NA	-1.204	-1.507	-1.289	-0.435	-0.761	-0.585	-0.886	-1.153	-1.188	-0.391	0.033	-0.117	-0.479	-0.133
11	55343517	rs7105587	0.686	0.110	0.782	0.508	0.493	0.576	1.212	NA	0.472	NA	0.711	NA	0.276	NA	1.139	NA	1.797	NA	1.237	0.785	NA	NA	NA	NA	NA	NA
11	55962241	rs1384061	NA	NA	0.023	NA	NA	0.338	0.101	-1.046	-0.438	-0.007	-1.041	0.888	0.249	-0.021	0.112	1.095	NA	NA	NA	NA	-0.552	NA	NA	NA	NA	NA
11	61547237	rs108499	NA	NA	2.565	NA	NA	1.354	1.980	1.036	0.202	-0.673	0.991	1.269	3.308	2.470	2.890	1.334	1.553	1.314	1.526	1.611	1.687	0.846	1.495	1.366	0.885	1.080
11	64972286	rs10895991	NA	NA	0.743	NA	NA	NA	0.018	0.116	-0.125	2.111	-0.782	-0.194	-0.890	-1.258	-1.318	-0.595	-0.102	NA	-0.197	-0.189	-0.679	0.078	NA	NA	0.361	0.559
11	65225908	rs140610644	NA	NA	NA	NA	NA	NA	NA	NA	NA	NA	NA	-1.372	-1.702	-1.662	-1.191	-2.172	NA	NA	NA	NA	NA	-0.473	NA	NA	NA	NA
11	65524252	rs7123489	-1.415	-1.483	-0.773	-0.167	-0.885	-0.753	-0.918	-0.018	1.079	1.155	-0.901	-1.894	-1.932	-1.535	-1.958	-2.134	0.432	-0.239	-0.006	-0.105	-0.061	-0.157	0.042	0.492	0.139	0.240
11	68875351	rs77954595	-0.500	-0.872	-0.514	-0.944	-0.512	-1.086	-1.122	-1.811	-0.757	0.505	-0.755	-0.274	-1.121	-1.093	-1.259	-1.466	NA	-0.232	-1.207	NA	NA	0.162	-0.075	-0.111	-0.488	0.777
11	68883556	rs7131509	0.202	0.360	0.498	0.871	1.010	0.832	1.497	-0.314	-0.816	-1.516	0.217	-0.114	0.180	-0.138	0.071	0.099	-0.658	0.338	-0.777	-0.366	-0.286	-0.892	-1.362	-0.861	-0.834	-1.191
11	69078794	rs12807388	1.332	0.160	1.148	1.091	0.997	1.246	1.255	0.522	0.930	1.590	0.209	NA	-0.395	-0.009	-0.185	NA	0.047	0.147	0.746	0.574	0.027	0.593	-0.139	0.207	-1.475	-0.665
11	69157360	rs11263465	-0.053	-1.468	-1.693	-1.664	1.034	-0.767	0.898	1.308	1.539	2.491	1.571	NA	0.436	0.542	0.063	NA	0.981	0.487	0.904	2.215	1.093	0.956	0.359	-1.002	0.886	0.662
11	69237188	rs4980600	-0.182	0.117	-0.607	0.676	-0.232	0.095	-1.387	-0.193	-0.555	-0.978	0.165	-0.179	-0.058	-0.322	-0.110	-0.282	0.477	0.449	0.607	0.808	0.640	0.830	1.287	1.024	1.074	1.201
11	72462058	rs77198110	NA	NA	NA	NA	NA	NA	NA	0.005	NA	-0.031	-0.128	-0.568	0.988	-0.205	-0.441	0.585	NA	-0.321	NA	NA	NA	0.182	-0.087	0.128	0.446	0.160
11	77836013	rs672159	-0.397	-0.686	-0.678	-0.655	-0.012	0.089	-0.207	-0.247	-1.391	-1.425	0.087	-0.942	-0.791	-0.946	-1.251	-0.646	-0.648	NA	-0.337	0.026	0.311	0.026	-0.627	0.024	-0.154	0.106
11	78119822	rs4945275	-1.709	-1.809	-2.441	-1.602	-2.058	-2.049	-1.978	-0.382	-0.225	1.108	-0.771	0.678	-0.044	0.539	0.232	0.359	-1.187	-0.971	-1.219	-0.773	-1.913	-0.274	-0.182	-0.493	-0.118	-0.422
11	78973937	rs493077	0.256	-0.130	-0.474	0.074	0.376	-0.156	0.427	-0.017	-0.363	0.133	0.248	-0.002	0.349	-0.232	0.184	0.277	0.153	0.316	-0.020	-0.034	-0.057	0.755	0.291	0.905	0.318	-0.346
11	90817873	rs114587013	NA	0.290	1.043	-0.686	0.082	0.572	0.438	0.957	1.055	-0.035	1.175	-0.385	-0.244	-0.583	0.145	-0.414	0.392	0.589	0.745	0.243	0.261	0.745	1.196	0.745	1.281	1.018
12	343632	rs11062070	0.881	0.811	0.564	1.024	1.026	0.779	1.120	2.418	0.428	-0.774	2.129	1.228	1.637	1.726	1.587	1.422	1.697	1.857	1.556	2.004	1.591	0.867	0.795	0.642	0.563	0.611
12	15346379	rs35949897	0.173	0.432	0.234	0.283	0.597	-0.037	-0.153	-0.350	-0.674	-0.235	-0.579	-0.473	-0.213	-0.260	0.174	-0.221	-0.249	-0.777	-0.494	-0.051	-0.381	-0.755	-0.796	-0.603	0.049	-0.619
12	23803584	rs2054470	-2.099	0.350	-0.931	-0.876	-0.684	0.468	0.103	-1.122	-0.238	-0.449	0.024	-0.810	-0.994	-0.556	-0.460	-0.537	0.462	0.196	-0.049	-0.063	-0.191	0.497	0.684	0.133	0.095	0.341
12	23899593	rs4399402	-1.798	-0.342	0.025	-0.691	-0.193	-0.084	-0.005	0.832	1.071	1.371	0.311	0.241	-0.318	-0.311	0.971	0.547	-0.282	-0.221	0.019	-0.090	-0.662	0.424	-0.046	-0.053	-0.445	0.133
12	26555730	rs3825165	-0.429	-1.243	-0.240	-0.938	-0.593	-0.197	-0.647	0.293	1.332	0.600	-0.032	-0.912	-0.100	-0.249	0.167	-0.673	-1.049	-0.724	-0.921	-1.322	-0.817	-1.664	-1.323	-1.849	-1.400	-1.770
12	33810597	rs12229110	NA	NA	NA	NA	NA	NA	-0.157	-0.805	NA	-0.612	-1.070	-1.268	-1.327	-1.187	-0.291	-1.021	NA	NA	NA	NA	NA	-1.210	-0.734	-0.592	-0.921	-1.109
12	50267335	rs836968	-0.547	-0.985	-0.366	-0.249	0.080	0.172	-0.146	-0.064	-0.793	-1.147	0.562	1.094	0.260	0.717	0.851	0.617	0.929	0.614	1.222	0.436	1.745	0.012	0.907	-0.157	0.674	-0.199
12	52356892	rs772222	0.061	0.011	-0.185	0.353	0.031	-0.297	-0.049	0.545	2.009	2.692	0.363	-0.570	-0.478	-0.885	0.104	-0.537	-0.609	-0.418	-1.035	-0.274	-0.987	-0.678	-0.678	-0.675	-0.663	-0.571
12	57367052	rs148427584	-0.152	0.033	-0.763	0.098	-0.045	0.011	-0.807	-0.440	-0.491	0.002	-0.477	0.613	0.659	0.591	-0.656	0.148	-1.182	0.175	-1.583	-0.656	-0.254	-0.783	0.373	-1.106	-0.236	-0.493
12	57524099	rs35140931	NA	NA	-0.068	NA	NA	0.381	-1.015	-0.764	0.266	0.821	-0.162	NA	0.762	NA	-0.286	-0.509	-0.554	-0.158	0.278	-0.257	-1.030	-0.514	0.591	-0.639	-0.141	-1.321
12	65803003	rs74947272	NA	-0.611	-1.238	-1.097	-0.682	-0.437	-0.222	-0.728	-0.392	-0.097	-0.622	NA	-0.321	NA	-1.017	-0.951	-0.613	-0.508	-0.696	-0.535	-0.352	-1.348	-2.833	-2.148	-1.695	-2.565
12	66211750	rs9669644	-1.624	-1.485	-0.793	-1.654	-1.988	-1.878	-1.557	0.660	-0.708	0.837	-0.353	-0.840	0.758	0.023	-0.281	-0.626	NA	NA	-0.010	NA	-1.127	-1.926	-2.396	-1.599	-1.110	-1.625
12	66342868	rs11175978	NA	NA	NA	NA	NA	NA	NA	-0.563	NA	NA	0.235	1.172	0.386	-0.543	-0.539	-0.121	-0.399	NA	NA	0.558	NA	-0.083	0.291	-0.464	0.145	0.530
12	67797362	rs7958752	0.276	0.791	-0.133	-0.477	0.023	-0.268	0.334	-0.314	1.030	0.430	-0.400	0.207	0.919	0.096	0.876	0.057	-0.032	-0.654	-0.732	-0.269	-0.737	-0.019	0.363	0.175	0.217	-0.459
12	67819376	rs1882033	0.889	-0.103	0.442	0.026	0.536	-0.574	-1.542	-2.869	-1.495	-0.265	-2.822	-2.468	-2.747	-2.887	-0.852	-2.719	-2.454	-2.807	-2.897	-2.681	-2.738	-1.994	-1.524	-2.045	-1.908	-1.759
12	76230706	rs937240	-0.030	0.817	1.053	-0.289	0.245	-0.007	-0.111	-0.165	0.143	0.644	-0.041	1.327	1.483	1.300	1.961	1.326	0.345	0.018	-0.185	0.595	0.165	0.895	0.560	-0.288	0.314	0.659
12	76266512	rs1275606	0.074	-0.942	-0.335	-0.114	0.047	0.309	0.394	1.160	1.381	0.646	1.149	-0.448	-0.189	-0.043	-0.080	-0.407	0.649	1.023	0.444	0.980	1.511	0.470	0.801	0.685	1.108	0.725
12	76271183	rs1275609	1.151	1.291	0.940	1.050	1.169	0.954	-0.219	-1.256	-2.026	-0.802	-1.189	0.100	0.107	-0.452	0.427	0.297	-1.240	-1.390	-1.745	-1.654	-1.713	-0.397	-0.972	-0.391	-0.997	-0.579
12	90102945	rs73437382	0.649	0.157	-0.094	0.679	0.189	-0.015	-0.497	-0.625	-0.421	-0.027	-0.694	-1.392	-0.568	-1.184	-1.167	-1.463	-0.058	0.569	-0.460	-0.326	-0.718	-0.923	-1.656	-1.149	-1.391	-0.939
12	109751576	rs192330922	NA	NA	NA	NA	NA	NA	NA	NA	NA	NA	NA	0.312	0.177	-0.741	-0.295	-0.668	NA	NA	NA	NA	NA	NA	NA	NA	NA	NA
12	110098272	rs79208462	NA	NA	NA	NA	NA	NA	NA	NA	NA	NA	NA	-0.443	NA	-1.373	-0.569	-1.271	NA	NA	NA	NA	NA	NA	NA	NA	NA	NA
12	110132304	rs1965659	0.425	0.378	0.821	0.123	0.318	0.486	-0.226	0.160	0.469	-0.057	-0.535	0.947	NA	1.343	1.161	0.878	-0.972	-0.628	-0.014	-0.408	-1.143	0.798	-0.041	-0.028	-0.234	0.705
12	110169146	rs11068025	-0.664	-0.427	-0.128	-0.584	-0.364	0.062	0.201	-0.257	-0.948	-2.013	0.153	-0.144	NA	-0.277	0.248	-0.406	-0.151	-0.227	0.218	0.375	0.224	-1.100	-0.924	-1.358	-0.639	-1.169
12	110228055	rs11068290	NA	NA	NA	NA	NA	NA	NA	-0.170	-0.513	NA	NA	-0.451	-0.199	-0.547	-0.749	-1.009	NA	-0.033	NA	NA	NA	-0.354	NA	0.044	0.361	-0.925
12	110259420	rs10850813	0.218	0.328	0.313	0.862	0.628	-0.083	0.114	-0.264	-0.232	-0.382	-0.389	-1.336	-1.874	-1.691	-1.598	-2.688	0.086	-0.154	-0.337	-0.198	-0.509	-0.266	-0.011	-0.110	-0.181	-0.138
12	110284149	rs4766636	-0.158	0.193	-0.403	-0.463	0.028	-0.141	-0.080	0.185	-0.440	-0.749	0.486	0.811	1.041	1.533	1.278	2.153	0.715	0.579	-0.051	0.709	0.940	-0.824	0.064	-0.682	-0.527	-0.529
12	110571374	rs75666959	NA	NA	NA	NA	NA	NA	NA	-1.252	-0.067	0.068	NA	-1.169	-0.079	-0.354	0.151	-0.383	NA	-0.910	NA	NA	NA	-0.606	NA	-0.303	-0.237	-0.395
12	111075823	rs11065687	NA	-1.054	-1.043	NA	-1.667	-0.444	-0.142	-0.055	-0.103	1.657	-0.261	-0.263	0.279	-0.242	-0.005	-0.778	-0.801	-0.862	-0.504	-0.654	-0.884	-0.685	-0.670	-0.264	-0.961	-0.972
12	111346399	rs3759381	-1.009	-0.687	-0.580	-0.131	-0.703	-0.943	-1.500	0.336	0.522	0.803	0.047	-0.845	0.309	0.028	-0.192	-0.758	0.101	0.499	-0.105	-0.102	-0.058	-0.496	-0.307	-0.311	-0.609	-0.516
12	111357727	rs2040571	2.245	2.826	2.658	2.011	1.564	2.803	1.838	0.866	1.554	1.306	2.202	0.970	-0.507	-0.275	-0.299	0.103	0.869	1.243	-0.212	0.554	1.010	0.693	0.579	0.788	0.409	0.787
12	111394644	rs2106405	0.880	0.621	-0.432	0.308	0.149	0.282	0.294	0.995	-0.067	-0.131	1.023	-0.515	0.538	0.460	-0.133	-0.202	1.076	1.244	0.611	0.584	1.292	0.359	0.423	0.819	0.433	0.725
12	111718231	rs79105258	NA	NA	NA	NA	NA	NA	NA	NA	NA	NA	NA	-1.388	-1.720	-2.258	-2.040	-2.142	NA	NA	NA	NA	NA	NA	NA	NA	NA	NA
12	111789977	rs7958312	-0.840	-0.244	0.153	0.160	-0.674	-0.025	0.775	1.248	0.626	0.333	1.821	-1.713	-1.094	-2.011	-1.604	-1.897	2.428	1.563	2.460	1.909	2.480	-0.303	-0.333	-0.833	-0.219	-0.409
12	111829557	rs11065889	-1.359	-0.961	-1.166	-0.796	-0.931	-0.796	0.015	1.147	0.652	1.681	1.573	0.175	-0.253	-0.563	-0.362	-0.063	2.325	1.548	2.219	1.848	2.366	1.338	0.899	0.585	1.125	1.218
12	111994852	rs11065950	NA	NA	NA	NA	NA	NA	-0.373	-0.211	-1.013	0.810	1.124	-0.230	-1.617	-1.747	-1.801	-1.617	NA	NA	NA	NA	NA	0.400	0.006	0.143	0.857	0.794
12	112325766	rs16941717	NA	NA	NA	NA	NA	NA	NA	NA	-0.014	0.833	NA	NA	-0.425	NA	NA	-0.087	NA	NA	NA	NA	NA	0.014	0.425	NA	NA	NA
12	112678697	rs11066211	NA	NA	NA	NA	NA	NA	NA	NA	0.651	0.491	NA	NA	-0.069	NA	NA	-0.358	NA	NA	NA	NA	NA	0.915	-0.130	NA	NA	NA
12	113196733	rs11614295	0.767	0.870	0.230	0.437	0.812	0.202	-1.529	-0.195	-0.088	0.336	-0.295	-1.608	-2.060	-1.979	-2.075	-1.300	0.900	0.419	1.108	0.816	0.652	-0.976	-0.580	-0.858	-0.632	-0.560
12	113207818	rs6489858	0.931	1.209	1.485	1.266	1.214	1.078	1.634	0.067	0.260	0.012	0.441	1.558	2.187	2.126	2.550	1.536	-0.863	-0.334	-1.248	-0.909	-1.262	1.615	1.211	1.381	1.213	1.092
12	113263518	rs7139170	-0.461	0.220	0.417	-0.517	-0.360	-0.554	-0.275	0.962	1.118	-0.397	0.814	0.496	0.904	1.025	1.574	0.710	1.051	0.970	0.961	0.814	1.029	NA	NA	NA	NA	NA
12	115786961	rs7295116	1.309	0.488	1.163	0.345	1.074	1.273	1.841	0.863	0.531	-0.363	1.684	0.555	1.530	0.970	1.399	1.656	1.995	2.913	2.382	1.255	1.096	0.516	0.246	0.457	0.370	0.278
13	25218490	rs55945953	-1.589	-0.368	-0.742	0.094	-0.790	-0.267	-1.956	-0.469	-0.007	0.636	-0.068	-0.130	-0.629	-0.263	0.312	-0.312	0.277	-0.853	0.377	0.528	0.339	-1.054	-0.834	-0.555	-0.877	-1.061
13	25295412	rs34424421	-0.646	0.017	0.580	0.369	-0.535	0.582	-0.520	0.201	-0.673	-0.722	0.252	-0.122	-0.468	-0.342	-0.913	-0.193	0.333	0.763	1.131	0.419	0.631	-0.931	-0.482	-0.689	-0.841	-0.668
13	32419710	rs142386496	NA	NA	NA	NA	NA	NA	0.246	-0.343	-0.314	-1.119	-0.569	-0.755	-0.303	0.331	-0.185	-0.634	0.331	-0.998	-0.266	-0.614	-0.659	-0.750	-1.471	-1.324	-1.453	-1.474
13	42749711	rs67332916	0.866	NA	0.558	1.081	-0.251	0.499	-0.938	-1.014	-1.216	-0.910	-1.777	-2.277	-2.118	-1.782	-2.451	-2.484	-0.625	-1.603	-0.421	-1.074	-1.493	-1.979	-3.368	-2.124	-2.683	-1.325
13	43226425	rs9594787	0.401	0.008	-0.567	0.122	-0.117	-0.203	0.105	0.228	-0.170	-0.714	-0.271	-0.609	-1.261	-0.726	-0.951	-0.851	-0.011	-0.080	-0.047	0.211	0.079	0.710	1.468	0.619	1.150	0.887
13	48673723	rs7333247	-3.026	-2.531	-1.816	-2.186	-2.416	-1.944	-1.646	-0.529	0.449	-0.568	0.465	0.553	1.946	1.845	1.370	1.348	-0.268	0.703	-0.051	-0.161	0.492	1.941	-0.430	1.395	0.116	1.529
13	49479229	rs9568126	0.616	0.259	0.307	0.458	0.058	-0.620	0.336	0.526	0.536	0.134	0.503	-0.690	0.115	-0.418	0.553	-0.638	0.404	0.315	0.516	0.589	0.970	-0.112	0.380	0.431	0.802	0.630
13	72347696	rs626277	-0.464	-0.569	0.504	-0.478	-0.394	-0.439	-0.902	-0.510	-0.125	1.429	-1.035	0.014	0.734	0.705	0.841	0.105	-1.210	-0.756	-0.921	-1.121	-0.776	0.889	0.134	0.443	0.309	0.784
13	107331828	rs74874390	NA	NA	NA	NA	NA	NA	NA	NA	NA	NA	NA	-0.211	-0.231	NA	-0.667	NA	NA	NA	NA	NA	NA	NA	NA	NA	NA	NA
13	110877046	rs630943	0.173	0.153	0.973	0.454	0.164	0.263	0.514	-0.868	-1.058	-0.783	-0.327	-1.659	-1.536	-1.348	-0.314	-1.629	-0.734	-1.033	-0.689	-0.910	-0.587	-0.696	-0.514	-0.703	-0.350	-0.387
13	111064526	rs1536622	-0.989	-0.800	-0.424	-0.882	0.004	-1.003	-0.640	-0.265	0.575	0.256	0.072	0.901	0.596	0.965	0.477	0.971	0.128	0.837	0.588	0.320	1.188	0.962	1.268	1.332	1.291	1.307
14	24574398	rs7143874	0.561	-0.667	0.397	-0.374	0.628	0.428	0.379	0.527	0.664	0.368	0.833	-0.745	-0.636	-1.002	-0.957	-0.390	0.285	-0.156	1.227	0.625	NA	0.482	-0.021	NA	0.198	0.692
14	37592510	rs12889779	-0.395	0.157	-0.845	NA	0.573	-0.232	-0.332	0.552	0.163	0.929	0.449	-0.512	-0.480	0.098	-0.053	-0.048	0.735	0.880	0.909	0.229	0.438	-0.036	-0.309	0.034	0.146	-0.610
14	53902415	rs6572911	0.112	0.396	-0.136	0.182	-0.335	-0.288	0.291	-0.044	0.959	0.902	-0.414	-2.507	-2.193	-1.263	-1.242	-1.852	-0.535	-0.150	-0.702	-0.938	-0.876	-0.523	0.177	-0.267	-0.415	-0.641
14	60549645	rs308987	1.597	2.029	1.759	1.473	1.615	1.141	0.529	1.945	1.743	1.034	2.435	1.674	1.255	0.794	0.136	-0.434	1.490	0.530	0.790	1.679	NA	0.582	-0.243	0.038	-0.149	0.460
14	62154782	rs4322580	-0.383	-2.447	-0.540	-1.896	-1.815	-0.359	0.380	3.931	3.064	4.031	2.798	2.165	1.477	1.466	1.406	1.291	3.233	1.028	1.569	3.613	1.621	1.399	2.525	1.102	1.997	1.486
14	64511933	rs4617770	-0.553	-0.787	-0.842	-1.090	-1.118	-1.169	-0.956	-2.006	-1.308	-0.622	-1.970	-0.951	-1.352	-1.337	-0.821	-0.937	-2.012	-1.451	-1.383	-1.098	-1.032	-1.591	-1.567	-0.729	-1.477	-1.156
14	68082337	rs7151920	0.599	0.972	-0.267	-0.123	0.899	0.127	-1.282	-1.300	-0.202	-0.346	-1.133	-0.695	-0.861	-0.791	-0.899	-0.950	-1.716	-0.987	-0.930	-1.455	-1.318	-1.025	-0.812	-1.118	-0.743	-1.458
15	27512292	rs35811155	-0.033	0.005	-0.007	0.847	-0.041	-0.359	0.383	1.309	0.504	-0.060	0.336	-2.242	-1.676	-2.752	-1.728	-2.208	1.949	2.316	2.942	1.586	1.665	-1.363	-0.414	-1.462	-0.761	-0.776
15	40667815	rs12911691	0.326	0.330	0.277	-0.790	0.541	0.955	-0.227	-1.900	-0.411	0.236	-1.597	-0.393	0.507	-0.166	0.116	0.286	-1.680	-0.643	-1.227	-1.623	-1.535	-1.061	-0.359	-0.186	-1.594	-1.087
15	47842395	rs59990286	-0.509	-0.293	-0.719	-0.296	-0.508	-0.380	0.242	0.843	0.395	-0.384	1.439	-0.772	0.206	-0.033	0.035	-0.059	1.254	1.123	1.678	1.233	2.115	-0.093	0.354	-0.174	0.810	-0.004
15	50730026	rs61565615	0.682	-0.972	-0.116	-0.264	-0.357	-0.176	0.415	1.353	1.750	0.471	0.753	-0.012	-0.172	-0.408	-0.345	-0.951	1.169	1.019	0.717	0.882	1.097	1.009	1.680	0.945	1.551	1.582
15	50847978	rs555569	NA	NA	NA	NA	NA	1.094	0.290	-0.325	-0.195	-0.369	-1.541	-1.246	-0.532	-0.809	-1.208	-1.216	-0.977	-0.853	-1.145	-1.318	-0.823	-0.214	0.198	0.383	-0.485	-0.571
15	50984644	rs12901379	1.074	NA	1.559	NA	NA	1.545	1.323	-0.214	-0.004	0.689	0.514	0.984	0.705	0.449	0.352	1.296	0.855	0.622	0.829	0.737	0.724	-0.261	0.116	0.010	0.235	-0.007
15	51125319	rs8023655	-0.168	-0.333	-0.661	-0.889	-0.279	0.527	-0.463	0.414	-0.508	-0.769	0.246	NA	0.380	-0.173	0.124	1.548	0.587	0.436	0.707	0.255	0.530	0.528	-0.563	0.294	0.171	0.237
15	51289395	rs2289304	-0.047	0.845	-0.117	NA	NA	0.335	0.381	-0.004	-0.896	-0.536	-0.955	-0.287	0.118	0.690	-0.184	-0.275	-0.685	-0.009	-1.395	-1.104	-0.799	-1.143	-0.822	-1.000	-0.795	-0.613
15	51605360	rs28538925	0.190	0.421	-0.289	0.239	0.386	0.487	0.472	1.214	0.791	0.253	0.886	0.296	0.638	0.157	0.753	0.185	0.860	0.345	0.434	0.922	1.236	0.407	0.757	0.388	0.525	0.614
15	52199967	rs17706040	NA	NA	NA	NA	NA	NA	NA	NA	NA	1.500	NA	0.227	-1.569	-0.248	-1.030	-3.982	NA	NA	NA	NA	NA	NA	NA	NA	NA	NA
15	53695557	rs11630461	0.936	1.007	0.484	1.205	1.105	0.468	1.283	-0.369	-0.015	0.104	0.080	0.897	0.889	0.980	1.156	0.484	0.102	0.173	-0.019	0.284	0.032	0.084	0.787	0.344	0.369	0.357
15	53797091	rs8028985	0.559	0.125	0.833	0.115	0.530	-0.087	0.656	0.102	NA	0.645	2.054	-0.950	-1.411	-1.012	-1.423	-1.410	-0.430	NA	NA	3.534	NA	-0.531	-0.474	-0.387	-0.797	-0.109
15	53823412	rs10518726	0.958	1.665	0.291	0.487	0.889	1.083	1.231	0.325	0.348	0.540	0.719	0.539	0.800	0.314	0.520	0.325	0.461	0.693	0.838	0.971	0.946	-1.353	0.036	-1.469	-1.013	-1.235
15	53849690	rs7169397	-0.527	-0.153	-0.318	-0.361	0.124	-0.054	-0.984	-1.118	-0.155	-0.892	-0.019	-0.015	-0.756	-0.101	-0.177	0.026	-1.596	-0.792	0.038	0.338	0.105	-0.693	-0.262	-0.757	-0.144	-0.274
15	53854269	rs12440881	0.421	0.523	0.342	0.727	1.087	0.420	-0.287	-0.124	0.130	-0.107	0.693	-0.678	-0.762	-0.166	-0.590	-0.521	-0.531	-0.786	-0.231	0.439	0.119	0.070	0.209	-0.119	-0.085	0.034
15	53903790	rs1906397	1.102	1.335	1.074	1.160	1.210	1.176	0.553	0.628	-0.098	0.211	1.056	1.075	0.671	0.203	1.036	0.645	1.837	0.478	1.591	1.574	2.058	1.873	2.008	2.237	2.473	2.222
15	53939042	rs10518732	0.475	0.296	1.208	0.533	1.748	0.486	-0.338	0.394	-0.001	-0.713	0.914	-0.439	-0.473	-0.129	-0.022	0.114	2.168	0.602	0.938	1.760	1.105	0.820	0.991	1.115	1.450	1.313
15	54010979	rs8037530	-0.822	0.108	-0.166	-0.527	-0.633	0.046	-0.188	0.179	0.689	0.092	0.531	1.477	1.151	0.974	0.648	0.925	-0.092	0.078	0.092	0.195	0.499	0.946	0.597	1.089	1.244	1.070
15	54020099	rs539856	0.698	0.928	0.359	0.694	0.844	1.176	0.524	0.012	NA	0.151	NA	0.507	-0.160	0.384	1.347	1.376	NA	NA	NA	NA	NA	NA	NA	NA	NA	NA
15	54033087	rs75934773	NA	NA	NA	NA	NA	NA	NA	NA	NA	NA	NA	-1.059	0.353	-0.164	-1.124	-0.830	NA	NA	NA	NA	NA	0.040	NA	NA	NA	NA
15	54088930	rs1599433	NA	-0.212	NA	0.367	NA	-0.626	0.686	1.149	1.225	1.834	0.837	0.035	0.648	0.675	0.814	0.695	0.121	1.008	0.409	0.150	0.582	0.045	0.882	0.984	0.501	0.749
15	67561355	rs12443279	-1.219	-0.788	-0.606	-1.220	-0.268	0.406	-0.534	-0.300	0.145	-0.147	0.143	-2.618	-1.397	-1.101	-2.931	-2.757	0.848	-0.135	NA	0.530	0.080	0.646	-0.368	-0.471	-0.444	-0.289
15	75333494	rs12050628	0.856	1.473	-0.381	1.298	-0.426	0.069	-1.118	-1.203	-0.462	-0.819	-1.341	0.487	-0.771	0.003	-0.013	-0.091	-1.480	-1.725	-1.773	-1.461	-0.618	0.839	1.439	1.594	1.566	1.351
15	75664570	rs4886696	1.353	1.822	1.339	1.611	1.864	1.309	1.579	0.446	-0.864	-0.820	0.587	-0.761	-0.549	-0.753	-0.042	-0.269	-0.284	-0.226	-0.526	-0.245	0.209	-1.385	-1.687	-1.431	-1.251	-1.025
15	76198708	rs1699263	-1.959	-2.200	-2.094	-1.633	-2.203	-1.650	-1.396	-1.214	-1.530	-1.625	-0.747	-0.541	-1.454	-1.412	-2.455	-1.740	0.048	-0.039	-0.415	-0.532	-0.856	0.046	0.620	0.714	0.436	0.708
15	76375968	rs118044989	NA	NA	NA	NA	NA	NA	NA	NA	NA	NA	NA	NA	NA	0.159	-1.228	NA	NA	NA	NA	NA	NA	NA	NA	NA	NA	NA
15	81017619	rs11072937	-1.041	-2.062	-1.880	-0.967	-1.096	-1.200	-1.194	-0.403	-0.357	0.229	0.965	-1.540	-1.223	-1.176	-1.655	-1.953	0.836	0.037	0.998	0.398	0.700	-0.718	-1.073	-0.802	-1.041	-0.624
15	81136718	rs79170539	NA	0.679	1.887	1.243	-0.610	1.982	1.261	-0.945	-1.153	-0.197	-0.638	0.472	0.747	0.395	1.089	0.929	-0.074	-1.748	-0.319	-0.101	0.744	-0.160	-0.048	-0.435	0.117	-0.719
15	85305142	rs11633788	0.760	-0.229	1.328	0.474	0.654	-0.321	-0.486	0.428	0.112	-0.279	0.913	0.349	1.078	0.808	-0.498	0.761	NA	NA	-0.329	1.025	0.587	0.161	-0.542	-0.668	-0.461	-0.674
15	97714562	rs12441665	1.395	1.066	1.507	1.159	0.906	1.118	0.876	0.802	0.060	0.035	0.760	-0.161	0.292	-0.185	-0.126	0.199	1.308	0.943	1.177	0.694	0.558	-0.118	-0.998	-0.799	-0.503	-0.432
15	99240481	rs11630479	-0.332	-0.839	-1.293	0.029	-0.630	-0.089	-1.796	-1.651	-1.062	-1.131	-1.524	-1.241	-1.720	-1.389	-1.936	-1.272	-1.627	-1.423	-2.471	-2.056	-2.265	-1.708	-1.580	-1.829	-1.441	-1.846
15	99309542	rs4966025	-0.862	-1.582	-1.482	-0.904	-1.038	-1.864	-2.392	-1.260	-1.081	-1.296	-1.415	-0.188	-0.743	-0.475	-0.522	-0.393	-0.913	-2.008	-1.231	-1.235	-0.858	-0.398	-0.107	-0.036	-0.409	-0.427
15	99321452	rs74325933	0.784	0.450	-1.596	0.394	0.771	0.212	0.527	0.208	0.359	1.181	1.397	-0.792	0.040	-0.164	-0.465	-1.259	0.463	1.461	1.362	0.454	0.213	0.650	0.265	0.460	0.293	0.334
16	20268056	rs9922144	1.074	0.601	0.533	1.049	0.848	1.374	0.644	-0.049	0.270	0.334	-0.041	0.544	0.375	0.258	0.596	0.334	-0.554	-0.740	-0.344	-0.512	-0.452	-0.740	0.128	-0.351	-0.630	-0.484
16	20313529	rs75509089	NA	NA	NA	NA	NA	NA	NA	NA	NA	NA	NA	0.969	NA	NA	1.576	NA	NA	NA	NA	NA	NA	NA	NA	NA	NA	NA
16	20342000	rs4780882	-0.846	-0.935	-1.361	-1.056	-1.262	-0.670	-0.311	0.436	0.258	0.246	0.552	1.550	1.359	1.241	1.495	1.627	1.267	1.188	1.026	0.854	1.204	0.462	1.027	1.145	0.981	0.856
16	20350242	rs6497474	NA	NA	NA	NA	NA	NA	-0.081	-0.623	-1.728	-2.093	-0.583	-2.794	-3.298	-2.543	-1.241	-3.469	-0.375	-0.464	-1.152	-0.508	0.191	-1.998	-1.250	-1.380	-1.575	-1.277
16	20385774	rs73543347	0.109	0.363	-0.806	0.333	-0.267	-0.325	-0.670	-0.908	-0.568	-0.484	-0.053	0.386	-0.525	-0.292	0.314	-0.509	-0.228	0.843	0.012	0.314	0.273	-1.101	-0.214	-0.818	-0.107	-0.282
16	20392332	rs77924615	0.279	-0.272	-0.771	NA	-1.106	-0.068	-0.640	0.006	0.720	-0.800	-0.527	0.541	0.437	0.932	0.603	0.710	0.789	0.452	-0.243	0.045	0.797	-1.219	-0.962	-0.776	-0.937	-0.499
16	20409579	rs78709322	-0.761	-0.526	-0.794	-0.506	-0.656	-0.261	-0.360	0.463	0.895	-0.135	0.672	-0.257	-0.727	-0.431	-0.484	-0.193	0.829	2.038	1.206	0.121	0.553	0.179	0.290	-0.072	0.167	-0.232
16	20411469	rs7193249	0.756	0.306	0.301	0.990	0.588	0.424	0.475	0.526	0.397	-0.894	0.481	0.179	-0.389	0.328	-0.079	-0.135	0.791	1.103	0.601	0.723	0.852	0.057	0.156	-0.005	0.217	0.039
16	20674116	rs231930	0.512	0.444	0.543	0.315	0.154	-0.215	-0.105	0.093	0.318	-1.007	-0.206	0.493	-0.215	-0.062	-0.583	0.528	-0.511	-0.772	-0.194	-0.546	0.248	0.160	0.262	0.314	0.292	0.291
16	21089905	rs66487676	1.800	1.321	1.982	1.998	1.797	1.750	1.349	0.292	0.834	-0.455	0.864	0.330	1.384	0.868	1.509	0.643	0.994	1.103	0.826	1.008	1.174	0.114	0.534	0.168	0.574	0.498
16	51754991	rs12935539	-1.377	-1.872	-1.396	-1.707	-0.899	0.031	-1.755	-0.657	-0.421	-0.316	-1.135	-2.596	-1.866	-1.484	-1.152	-2.150	-0.347	-0.962	-0.741	-0.293	-0.249	-0.907	-1.290	-0.640	-0.666	-1.217
16	69627247	rs11648249	1.127	1.292	NA	1.132	0.692	0.570	0.344	1.241	1.249	0.041	0.727	NA	0.303	-0.568	-0.509	-0.628	0.094	0.299	0.590	0.084	0.409	0.573	0.917	-0.071	1.154	0.880
16	69823443	rs12444699	NA	NA	NA	NA	NA	NA	0.643	-1.270	-1.267	-0.747	-0.885	-0.479	-1.861	-1.137	NA	-1.300	NA	NA	NA	NA	NA	-0.669	-1.382	0.231	NA	NA
16	70472713	rs62049031	-0.140	-0.253	NA	NA	NA	0.541	-0.109	-0.002	0.413	0.996	-0.178	-1.938	-1.378	-1.123	-1.380	-0.887	-0.379	-0.033	0.200	-1.907	0.132	0.310	0.298	0.030	0.383	0.367
16	81081525	rs74030503	-0.445	-0.195	-0.219	-0.424	-0.368	-0.416	0.106	0.727	NA	NA	NA	NA	-1.252	NA	-0.651	-1.432	NA	NA	NA	NA	NA	NA	NA	NA	NA	NA
17	1982790	rs12952051	-0.475	0.185	-0.005	-0.006	-0.606	0.269	0.627	1.544	2.334	1.165	2.065	0.529	0.193	0.438	-0.100	0.489	0.928	0.984	0.722	1.429	1.188	1.123	1.397	1.287	0.610	1.281
17	6227903	rs7223171	-1.350	-1.106	-0.731	-1.564	-1.120	-0.723	-0.266	0.283	0.518	-0.718	0.601	0.036	-0.002	-0.322	-0.254	0.294	0.279	0.282	-0.412	0.295	1.094	1.968	1.241	0.519	1.389	1.728
17	6548693	rs35207073	0.826	0.477	0.003	1.783	0.237	0.331	0.312	0.965	1.096	-0.482	1.967	0.461	1.348	1.336	0.945	0.935	1.069	0.977	1.403	1.287	1.808	1.377	1.203	0.742	1.777	0.810
17	19304375	rs147979067	NA	NA	NA	NA	NA	NA	NA	NA	NA	NA	NA	0.333	-0.949	-0.060	-0.043	-0.730	NA	NA	NA	NA	NA	0.624	NA	NA	-1.262	NA
17	19416028	rs74555736	-0.518	-1.465	-0.193	-0.634	-0.810	-0.215	-0.168	0.435	1.335	1.399	0.802	0.790	0.793	0.627	-0.003	0.746	0.213	0.437	0.292	0.041	0.316	0.906	0.459	0.919	0.502	1.054
17	32642725	rs3138034	NA	NA	0.435	NA	NA	0.701	0.388	-0.066	0.071	-0.704	-0.953	-0.995	-1.687	-1.201	-1.495	-1.452	-1.216	0.188	-1.115	-0.030	-0.807	-1.374	-2.156	-1.411	-1.850	-2.183
17	37607904	rs7212715	-0.707	-0.755	0.698	-0.698	-0.434	-0.395	-0.098	-0.352	-0.780	1.132	-0.246	NA	1.285	NA	2.738	0.810	-1.033	-0.621	NA	NA	NA	0.164	0.961	1.019	0.482	1.346
17	43820907	rs117867702	NA	NA	NA	NA	NA	NA	NA	NA	NA	NA	NA	-0.211	NA	-0.746	-0.844	NA	NA	NA	NA	NA	NA	NA	NA	NA	NA	NA
17	47347441	rs72835467	-0.511	-0.249	-0.945	-1.443	-1.342	-0.481	-0.318	-0.238	-0.235	-1.015	0.056	-0.241	-0.576	0.038	-1.230	-1.398	0.431	-0.834	0.325	0.114	-0.312	-0.889	-1.342	-0.285	-0.858	-0.485
17	55784828	rs17658362	-0.111	0.261	-0.645	-0.119	0.435	-0.457	-0.196	0.172	0.500	0.909	0.337	0.491	0.892	0.764	-0.974	0.518	-1.170	-1.042	-0.501	-0.299	-0.304	-0.023	-0.078	-0.690	-0.834	-0.715
17	58674306	rs8081099	0.678	0.652	0.077	0.928	-0.102	-0.160	-0.908	-2.059	NA	-0.872	-2.310	-1.174	-1.570	-1.501	-1.678	-0.759	NA	NA	NA	-4.734	NA	-1.515	-1.245	NA	-1.900	-1.442
17	58915261	rs9903801	0.134	0.192	-0.072	0.186	0.232	0.134	-0.583	-0.747	-0.863	1.491	-1.350	-0.163	-1.287	0.809	-1.259	0.199	-1.332	-1.518	-2.291	-2.360	-1.316	-0.266	-1.758	-0.923	-1.907	-1.160
17	59242914	rs8080123	-0.931	-1.095	-0.074	-0.618	-1.114	-0.555	-0.170	2.134	1.119	0.594	1.830	0.709	1.955	2.037	1.861	0.970	2.662	2.927	2.116	2.397	3.187	2.675	3.848	3.590	3.140	3.528
17	59456589	rs9895661	-0.070	0.338	NA	0.984	-0.720	0.544	0.985	1.721	0.664	0.089	1.688	-0.177	0.042	0.032	0.079	-0.063	2.359	0.602	2.168	2.882	2.330	1.127	1.209	1.275	1.679	1.435
17	59471686	rs2286527	-0.677	-1.523	0.214	-1.094	-0.182	-0.515	0.073	0.119	-1.206	-1.068	0.108	0.063	-0.264	0.465	-0.450	-0.142	0.236	2.510	2.752	0.976	-0.121	-0.465	0.044	-0.234	-0.437	-1.077
17	63537142	rs9910654	NA	NA	NA	1.072	NA	0.446	0.888	0.235	0.831	0.298	1.087	1.832	0.933	NA	0.928	NA	0.842	-0.479	0.297	-0.060	1.184	0.020	-0.225	-0.911	0.158	0.088
17	67460813	rs2440134	1.334	0.801	0.387	0.886	0.823	0.713	0.321	0.416	0.630	0.593	0.042	0.561	0.570	0.544	0.819	0.667	0.298	-0.016	0.104	0.202	-0.181	0.318	0.145	0.279	0.364	0.155
17	81046644	rs7220522	0.483	0.076	-0.237	1.240	0.603	0.239	-0.197	-0.624	0.482	-0.005	0.240	-0.778	-1.099	-1.033	-0.225	-0.554	0.213	-0.168	-0.537	1.168	0.693	-0.087	-0.470	0.307	-0.254	-0.438
18	731794	rs6506489	-0.152	-0.398	-0.288	-0.230	-0.840	-0.241	0.470	1.127	0.859	0.566	1.010	0.067	0.025	0.005	-0.192	0.909	1.174	1.856	1.086	1.028	0.658	0.752	1.051	0.370	0.573	0.995
18	9462875	rs329029	-0.227	-0.294	-0.001	0.083	0.242	-0.652	-0.172	-0.034	0.376	0.652	0.010	0.448	0.437	1.007	0.489	1.051	-0.749	-0.400	-0.388	0.008	-0.627	0.034	0.315	-0.137	-0.075	-0.468
18	12995185	rs9948139	NA	0.251	0.692	-0.720	0.612	0.983	1.160	1.411	1.354	1.470	1.591	NA	2.408	1.846	NA	2.321	2.132	1.891	1.028	1.487	0.639	1.551	2.050	2.126	2.038	1.751
18	24370868	rs2040215	-0.194	-1.633	0.241	-0.823	-0.454	-0.483	0.060	1.490	0.632	1.325	0.989	-0.655	NA	NA	NA	-0.380	0.442	0.772	0.335	0.649	0.574	NA	NA	NA	NA	NA
18	24393213	rs16942751	-1.157	-0.736	-0.911	0.079	0.016	-0.158	-0.932	-1.131	-1.024	-0.835	-0.947	-0.640	-0.435	-0.681	-0.117	-0.216	-0.317	-0.408	0.874	-0.748	-0.734	-0.280	-0.205	0.282	-0.284	0.113
18	24449103	rs151246	-1.415	-1.451	-1.720	-1.655	-1.955	-1.466	-1.650	-0.513	-0.633	-0.793	-0.756	-0.388	-0.424	-0.108	0.160	-0.318	-0.738	0.107	-0.650	-0.278	-0.807	-0.191	-0.215	-0.179	-0.082	0.410
18	46460903	rs2337106	NA	NA	-2.343	NA	-0.891	0.560	-1.281	-1.637	-1.639	-1.822	-1.454	-1.198	-0.361	-1.276	-0.801	-1.583	-1.142	-0.940	-0.690	-0.812	0.075	-1.377	-1.450	-1.337	-1.806	-0.928
18	49216415	rs1613017	0.729	0.821	-0.040	2.031	1.213	1.017	1.174	-0.638	-0.466	-1.428	-0.866	-0.190	-0.058	-0.353	0.433	-0.579	-0.955	-1.146	-1.391	-0.831	-1.164	-0.340	-1.216	-1.239	-0.621	-1.118
18	59590944	rs9319987	-0.509	0.545	-0.816	-0.392	-0.867	-0.200	-0.827	0.219	-0.447	0.209	0.110	1.185	0.845	0.948	0.910	0.927	0.034	1.015	0.292	0.302	0.488	-0.036	-0.683	-0.292	-0.061	-0.101
18	60826760	rs4940573	1.944	0.620	2.562	1.350	1.414	2.519	2.099	1.641	1.767	0.661	2.068	0.546	1.031	0.718	0.374	0.185	2.256	2.743	2.133	1.943	1.939	0.896	0.661	1.159	0.917	0.856
18	77158225	rs549752	0.588	1.232	1.042	0.898	0.709	0.847	0.883	-0.212	0.566	1.426	-0.025	0.828	0.614	1.292	1.238	1.165	0.443	0.253	0.381	-0.444	0.186	-0.068	-0.184	-0.552	0.132	-0.559
19	14586245	rs2241359	-1.136	-0.206	0.813	0.062	-0.161	-0.560	0.267	0.903	-0.672	0.224	0.004	-0.390	-0.215	0.480	-0.075	0.146	-0.217	0.027	-0.015	0.617	-0.224	0.726	0.853	1.466	0.820	1.090
19	22234938	rs416312	0.485	1.044	0.650	0.801	1.082	1.097	0.425	-0.072	0.545	1.286	0.156	0.644	0.157	0.087	0.475	0.496	-0.288	-0.511	-0.484	-0.761	0.052	1.255	1.734	0.784	1.228	0.954
19	33370376	rs17304604	NA	NA	NA	NA	NA	NA	0.667	-2.881	NA	-3.011	NA	-2.016	-2.442	-2.033	-0.931	-2.013	NA	NA	NA	NA	NA	NA	NA	NA	NA	NA
19	33402419	rs8101667	-0.772	0.693	-0.650	0.003	-0.562	-0.714	1.107	0.918	2.218	3.411	0.890	0.997	1.030	0.576	-0.005	0.721	0.124	0.713	0.150	0.335	-0.683	0.547	0.776	1.467	0.971	1.317
19	41207095	rs3852866	1.496	1.242	1.334	1.854	1.042	1.463	1.211	0.182	0.616	1.354	-0.467	0.882	1.108	1.147	0.954	0.586	-0.484	-0.559	-0.812	-0.855	-0.565	0.169	-0.161	-0.037	-0.438	0.253
19	41947728	rs12986356	0.617	0.986	0.969	-0.055	0.739	0.178	0.009	-1.165	-1.441	-0.618	-0.674	NA	NA	-0.422	-0.547	NA	-0.672	-1.123	0.022	-0.986	-1.176	NA	NA	-0.841	NA	-0.936
19	45410002	rs769449	NA	NA	NA	NA	NA	0.521	-0.113	-1.167	0.841	0.216	0.175	NA	NA	1.355	0.029	0.235	-0.120	-0.467	-0.378	NA	NA	NA	NA	NA	NA	NA
19	50121451	rs117417784	NA	NA	NA	NA	NA	NA	NA	-0.983	-1.984	-0.713	-1.608	0.464	0.372	0.418	0.127	-0.361	NA	NA	NA	NA	NA	-0.275	NA	NA	NA	NA
19	55148945	rs272424	NA	0.211	NA	NA	NA	NA	NA	-0.307	0.294	0.332	-0.423	1.767	NA	0.676	NA	0.244	0.088	-1.982	-0.278	-0.474	0.057	-0.912	-0.618	-0.321	0.282	0.502
20	4052298	rs867722	-0.593	0.155	0.442	0.706	-0.714	0.048	-0.182	0.532	-0.514	-0.472	0.114	-0.732	-0.407	-0.674	-0.665	-1.794	0.114	0.238	0.507	0.323	1.566	0.367	-0.121	0.086	0.639	-0.007
20	4057551	rs4813659	0.446	0.090	0.018	0.755	0.766	-0.084	0.007	0.680	-0.018	-0.275	0.629	0.398	0.288	0.382	0.235	0.207	0.601	-0.090	0.583	-0.169	0.618	0.591	0.854	0.706	1.050	0.388
20	23544084	rs6515358	-0.247	-0.605	-0.797	-1.236	-0.076	0.021	0.109	0.683	0.764	0.430	1.534	0.626	1.108	0.418	0.928	0.297	0.964	1.231	1.153	1.076	0.786	0.127	-0.014	0.135	0.791	0.629
20	25039099	rs3746332	NA	NA	NA	NA	NA	1.419	NA	-0.569	0.074	0.061	NA	-0.140	0.169	0.726	0.564	-0.028	NA	0.114	NA	NA	NA	-1.156	0.466	-1.140	0.071	NA
20	42564468	rs144915643	NA	NA	NA	NA	NA	NA	NA	NA	NA	NA	NA	0.035	-1.425	-0.230	-0.719	-0.726	NA	NA	NA	NA	NA	NA	NA	NA	NA	NA
20	42609185	rs6073268	0.366	-0.788	1.160	-0.427	0.143	0.200	-1.151	-1.247	-1.062	-1.723	-0.668	-0.036	-1.255	-1.169	-1.159	-1.904	-0.289	-0.917	-1.009	-0.307	0.019	-1.117	-0.629	-0.512	-0.618	-0.803
20	43967310	rs2284277	0.425	0.522	-1.252	0.420	0.634	0.508	0.688	-0.027	0.986	0.364	-0.462	-1.060	0.396	0.440	-0.475	-1.128	0.231	-0.322	-0.033	-0.033	0.095	0.030	-0.453	0.158	-0.038	0.036
20	56108386	rs717436	-1.155	-0.806	-1.801	-1.287	-1.796	-1.315	-1.383	0.629	0.827	0.769	0.605	0.780	0.519	0.088	1.852	0.705	0.437	-0.335	0.389	-0.191	0.018	0.293	0.778	0.866	0.279	0.628
20	57392844	rs78236399	NA	NA	NA	NA	NA	NA	NA	NA	NA	NA	NA	-0.399	0.161	-0.441	-0.224	-0.512	NA	NA	NA	NA	NA	-1.611	NA	NA	NA	NA
20	57463472	rs6026578	-0.029	-0.855	-1.691	-0.437	-0.100	-0.752	-0.687	1.045	1.715	0.898	1.085	0.699	0.385	0.290	0.117	0.660	1.033	0.723	0.495	0.857	0.252	1.805	1.006	1.859	1.046	1.502
20	61022377	rs56333948	-0.123	-0.056	-0.075	-0.173	0.092	-0.764	-0.062	-0.192	-0.414	0.019	0.916	-0.195	0.272	-0.295	0.165	-0.273	0.510	1.591	0.751	1.292	1.833	-0.158	-0.240	-0.245	0.342	0.275
20	62012775	rs911053	-0.220	-0.183	0.201	-0.499	0.149	0.329	-0.040	0.257	0.270	0.759	0.033	0.245	0.636	0.694	0.632	0.491	-1.017	0.014	-0.610	0.261	0.216	1.247	1.090	1.183	1.048	1.038
21	23635039	rs1029245	NA	0.689	-0.330	-0.214	0.091	1.067	0.808	0.849	0.288	0.461	0.292	-0.088	-0.453	-0.459	-0.908	0.046	0.546	0.279	1.152	0.098	0.565	0.223	0.622	0.254	0.561	0.370
21	34893344	rs2834233	-1.412	NA	NA	NA	-0.952	-0.250	-0.027	-0.242	-1.312	-0.286	-1.559	-0.997	-0.260	-0.547	-1.000	-0.814	0.125	-0.540	-0.541	-0.541	0.444	-1.938	-1.535	-1.740	-1.861	-2.121
21	37781046	rs75530000	NA	NA	NA	NA	NA	NA	NA	0.428	0.429	NA	NA	0.372	0.265	0.637	0.852	NA	0.405	-0.761	1.018	0.196	0.977	-0.547	-0.740	-0.839	-0.055	-0.655
21	37834258	rs128494	-1.430	-0.948	-0.455	-1.097	-1.941	-1.147	-0.702	0.857	0.411	1.151	0.670	1.488	1.449	1.397	1.540	1.112	1.064	0.933	1.436	1.687	1.262	0.065	-0.466	-0.237	0.043	-0.742
21	38166235	rs73212663	-0.281	0.545	-0.589	0.189	-0.175	0.284	-0.045	-0.384	0.223	0.590	1.053	0.595	1.155	0.551	0.457	-0.031	0.682	0.737	1.949	0.570	1.157	1.240	1.258	1.597	1.070	1.638
22	18413975	rs4484121	0.167	0.001	-0.350	-0.162	-0.175	-0.398	0.264	-0.274	1.002	1.904	-0.131	0.248	0.935	0.832	1.709	1.032	-1.601	-0.492	-0.430	-1.307	-1.170	-0.881	-1.036	-1.703	-0.790	-1.405
22	24134758	rs738794	0.357	0.525	-0.099	1.429	-0.067	0.711	0.748	-0.505	0.301	1.079	0.348	1.763	2.690	3.085	1.855	2.395	0.219	0.013	0.723	0.215	-0.246	0.202	0.619	-0.014	1.086	0.292
22	24188193	rs59315374	-0.235	-0.049	-0.291	0.311	-0.076	-0.156	-0.186	-0.646	0.066	0.905	-0.621	1.224	1.297	1.278	1.023	1.078	1.055	2.062	1.155	-0.430	0.484	0.885	0.273	0.295	0.251	0.608
22	29700536	rs174760	-1.445	-1.397	-1.112	-1.683	-1.418	-0.413	0.073	0.553	0.800	0.141	-0.690	-0.808	-1.388	-0.978	-1.217	-0.317	0.307	0.508	1.130	0.447	0.308	0.659	-0.365	0.363	0.693	0.377
22	30710598	rs9620970	-0.898	-0.926	-0.434	-0.268	-1.340	-1.727	-2.498	0.526	-0.257	0.264	1.385	0.157	-1.696	-0.629	-0.569	1.095	0.402	-0.676	0.769	0.178	0.475	-0.998	-1.587	-1.224	-1.311	-1.073
22	37837203	rs139892769	NA	NA	NA	NA	NA	NA	NA	NA	NA	NA	NA	NA	NA	NA	-0.758	NA	NA	NA	NA	NA	NA	NA	NA	NA	NA	NA
22	38224552	rs80235626	NA	NA	NA	NA	NA	NA	NA	NA	NA	NA	NA	0.266	0.283	0.024	-1.524	-0.187	NA	NA	NA	NA	NA	-0.546	NA	NA	NA	NA
22	38600542	rs2267373	1.023	0.010	0.478	0.364	0.684	0.330	0.544	0.378	0.739	1.114	0.792	0.622	1.250	1.665	1.389	0.797	1.681	1.326	1.508	0.666	0.614	-0.152	0.092	-0.323	0.614	-0.058
22	40299158	rs713925	-1.453	-0.645	-0.807	-0.660	-1.275	-0.990	-0.182	1.388	2.139	0.575	1.413	-0.171	-0.497	-0.455	NA	-1.532	1.070	1.128	1.964	1.566	1.360	0.667	0.818	0.636	0.276	0.498
22	40892794	rs6001939	1.086	0.600	-2.168	0.207	0.218	0.341	-0.634	0.808	-1.517	-0.973	-1.467	-0.563	0.257	NA	0.244	-0.207	-0.637	0.231	-0.632	-0.433	-0.421	0.902	0.888	1.010	0.683	0.365
22	42321591	rs5996087	0.841	-0.335	0.893	0.235	0.833	0.028	-0.052	-0.271	-1.267	0.189	-1.520	-1.236	-0.202	-0.750	-0.285	-0.407	-1.263	-0.515	-0.354	-0.554	-0.565	-0.461	0.309	-0.251	-0.038	-0.011
22	43123873	rs6002930	0.136	-1.205	-0.456	-0.930	-0.631	-0.442	-0.348	-0.265	-1.320	-0.620	0.036	1.013	1.137	0.451	0.565	0.977	-0.212	-0.193	0.971	-0.145	0.068	0.932	1.040	0.688	0.635	1.021
22	44879306	rs146453186	NA	NA	NA	NA	NA	NA	NA	NA	NA	NA	NA	0.092	-0.110	-0.013	-0.065	0.842	NA	NA	NA	NA	NA	NA	0.629	NA	NA	-0.617
