chr	pos	bstat
1	10479635	421
1	10566148	662
1	10709441	657
1	10736993	780
1	15539259	885
1	15781443	730
1	16083898	658
1	16316119	468
1	16367777	620
1	16400004	764
1	17550314	912
1	22863296	594
1	23050352	852
1	23069649	855
1	23076916	850
1	23109291	780
1	23145603	813
1	23692229	267
1	23730151	524
1	31858901	563
1	35184208	859
1	47961691	772
1	54198925	828
1	57126919	823
1	58344610	882
1	78023173	346
1	78276977	317
1	78549646	469
1	78644935	590
1	78715204	675
1	88585750	943
1	94056279	635
1	100416755	362
1	100818728	637
1	155197602	69
1	156061222	326
1	156202640	507
1	156480831	625
1	161645877	814
1	164658057	968
1	171455322	452
1	171478706	369
1	171663510	661
1	180909061	862
1	184749266	583
1	186803226	719
1	204386265	730
1	211395345	840
1	227085824	735
1	231351737	648
1	243485126	684
1	245425008	972
2	3087667	985
2	4882658	975
2	15792518	773
2	27118679	349
2	27370530	321
2	27730940	92
2	27755168	135
2	27840539	107
2	27851918	126
2	44390369	670
2	44857116	743
2	51171458	762
2	54581356	695
2	65675914	832
2	66659345	691
2	66676367	663
2	111740290	896
2	111918560	716
2	113967075	647
2	114007166	665
2	114014936	688
2	121310269	970
2	121997698	854
2	122028721	906
2	122038783	894
2	122042750	894
2	148706370	367
2	148956584	685
2	163097970	276
2	164626627	829
2	166608629	469
2	170161595	839
2	170164072	838
2	170200452	813
2	177331710	849
2	177347148	836
2	178148470	573
2	179633298	4
2	183077254	735
2	211562924	756
2	211602556	778
2	212263271	565
2	212285816	599
2	217604547	937
2	217646555	942
2	217682453	938
2	218367887	898
2	233646920	467
2	234233491	687
2	234753514	861
2	237616956	988
3	12095130	732
3	12348581	760
3	12765927	809
3	15402714	684
3	24647528	980
3	38519424	388
3	53884914	653
3	69735098	901
3	105438957	607
3	121635818	327
3	121834057	664
3	123422817	845
3	124256135	644
3	124281313	725
3	125874388	929
3	130614150	472
3	130930731	523
3	141102833	423
3	141722878	698
3	168698059	726
3	168898732	799
3	169108811	694
3	169150632	710
3	177958139	876
3	185089485	756
3	185359579	593
3	185409000	588
3	186431785	845
3	186434491	838
3	193800484	975
4	3421309	825
4	5800494	958
4	23729290	937
4	23746304	870
4	23759757	948
4	40608447	949
4	57866976	525
4	62014323	884
4	77245904	554
4	77312617	521
4	77351732	592
4	77410318	732
4	77420822	762
4	77425514	773
4	77439979	819
4	77615404	776
4	81182554	797
4	85374879	873
4	88931303	817
4	89036353	778
4	89879212	871
4	100138538	856
4	101124422	889
4	103758301	482
4	109713650	876
4	129234493	723
4	153271110	554
4	153309538	595
5	664323	940
5	678950	958
5	2174877	1000
5	3569556	994
5	3595978	987
5	4481431	933
5	14093588	897
5	34510387	946
5	34566488	946
5	35002766	720
5	40307979	812
5	43720044	334
5	44120236	682
5	52195127	752
5	57157732	872
5	61695607	468
5	62032916	829
5	101625750	689
5	112378816	627
5	112385447	640
5	115053841	788
5	119632518	947
5	120572178	964
5	139599134	237
5	151101708	766
5	151107096	728
5	151296257	633
5	168703951	954
5	176807197	581
6	1766776	967
6	12342789	947
6	19387225	960
6	24354045	837
6	25704190	646
6	31096575	929
6	31126845	929
6	31227650	934
6	31838713	900
6	32579695	934
6	32629764	940
6	34225075	788
6	34296370	705
6	34371707	707
6	41673580	878
6	41686988	865
6	43801100	891
6	43806609	898
6	44104573	761
6	50782834	586
6	51579595	726
6	53560828	842
6	53590928	818
6	53796305	703
6	53869298	826
6	53955484	786
6	54003052	629
6	54165300	765
6	54174127	753
6	54192008	762
6	54285667	797
6	54607799	832
6	54724405	782
6	54764320	657
6	55021490	803
6	55178026	807
6	55282856	805
6	55368815	718
6	55383708	727
6	55561957	825
6	75456769	855
6	90019309	725
6	90109374	659
6	100890991	654
6	100909653	617
6	101044623	408
6	101202105	598
6	101306502	677
6	101466446	773
6	101483043	778
6	101822444	650
6	101838272	762
6	106942605	874
6	107172979	872
6	116913543	380
6	122340494	903
6	131882571	829
6	152153156	902
6	160640881	845
6	160658130	818
6	160669081	809
6	160702163	856
6	160793183	823
7	654607	976
7	1246108	975
7	1293010	965
7	1300708	973
7	18635619	858
7	30938167	923
7	41068572	964
7	50826838	908
7	75612803	666
7	77406404	333
7	97853309	720
7	105416054	919
7	113834575	799
7	128710210	598
7	129505141	617
7	138818934	797
7	155662386	988
7	155672649	988
7	156127443	993
8	15636116	908
8	23769618	801
8	25861930	878
8	32399849	905
8	37656757	840
8	40944012	925
8	76028076	888
8	108549998	886
8	110339267	402
8	124552303	889
8	126482077	937
8	130371638	951
8	135018643	957
8	135543194	888
8	142067233	946
9	754119	886
9	4144996	855
9	22151139	965
9	33882692	302
9	71357314	871
9	71432174	780
9	80623261	752
9	84230322	923
9	100120564	526
9	113227531	567
9	119154616	576
9	127663826	342
9	128146064	371
9	129954223	462
9	130778598	799
9	136122826	912
10	899071	574
10	8725039	979
10	23129838	854
10	35147414	854
10	35151845	860
10	63770658	826
10	63795446	720
10	69819627	381
10	69838819	432
10	69965177	619
10	70101656	333
10	70348652	487
10	70520706	387
10	70584231	430
10	70589478	449
10	70796051	608
10	70801599	675
10	70872181	688
10	71408079	946
10	79202103	946
10	80922957	948
10	103942907	112
10	103985585	87
10	104217415	256
10	104277093	130
10	104487443	181
10	104498033	175
10	104575870	169
10	104582155	170
10	104960710	146
10	104965552	159
10	104999266	143
10	105271296	432
10	105714171	598
10	111962318	714
10	112539467	849
10	126404141	710
10	130786576	989
10	131801337	945
11	1979861	976
11	1987832	976
11	2116493	988
11	2159248	988
11	2231273	988
11	4034033	626
11	4597972	824
11	4675379	834
11	15668826	873
11	16291133	524
11	30493671	721
11	30605859	797
11	30749090	848
11	30804996	674
11	47249463	23
11	47581443	10
11	47714610	11
11	47836026	16
11	48349903	123
11	49059362	191
11	49464833	214
11	49707361	221
11	49820530	224
11	50388005	226
11	50430956	226
11	50467961	226
11	51448131	223
11	51525878	223
11	55072182	193
11	55343517	144
11	55638209	151
11	55962241	161
11	61547237	574
11	64972286	382
11	65114885	375
11	65225908	402
11	65524252	278
11	68875351	906
11	68883556	906
11	69078794	934
11	69157360	934
11	69237188	940
11	72462058	612
11	77836013	577
11	78119822	640
11	78973937	953
11	90817873	948
12	343632	697
12	3358261	976
12	15346379	831
12	23803584	899
12	23899593	931
12	26555730	875
12	33810597	894
12	50267335	593
12	52356892	673
12	57367052	299
12	57524099	409
12	65803003	722
12	66211750	774
12	66342868	623
12	67797362	783
12	67819376	900
12	76230706	902
12	76266512	962
12	76271183	960
12	90102945	594
12	109751576	735
12	110098272	783
12	110132304	739
12	110169146	724
12	110228055	628
12	110259420	612
12	110284149	517
12	110314312	362
12	110571374	190
12	111075823	185
12	111346399	584
12	111357727	603
12	111394644	619
12	111631765	589
12	111718231	509
12	111734681	479
12	111789977	348
12	111829557	252
12	111994852	126
12	112325766	58
12	112678697	38
12	113196733	734
12	113207818	746
12	113263518	873
12	115786961	976
13	25218490	912
13	25295412	835
13	32419710	808
13	42749711	599
13	43226425	795
13	48673723	657
13	49479229	840
13	72347696	896
13	107331828	972
13	110877046	976
13	111064526	982
14	24574398	424
14	37592510	649
14	50547214	476
14	53902415	885
14	60549645	307
14	62154782	717
14	64511933	375
14	68082337	519
15	27512292	988
15	40667815	346
15	47842395	675
15	50730026	339
15	50847978	207
15	50984644	301
15	51125319	353
15	51289395	317
15	51395509	431
15	51605360	623
15	52199967	261
15	53695557	928
15	53797091	799
15	53823412	776
15	53849690	770
15	53854269	775
15	53903790	738
15	53939042	748
15	54010979	828
15	54020099	841
15	54033087	849
15	54037095	850
15	54088930	877
15	67561355	391
15	75333494	496
15	75664570	165
15	76191644	566
15	76198708	567
15	76375968	666
15	76382660	666
15	81017619	946
15	81136718	940
15	84822385	645
15	85305142	335
15	97714562	993
15	99240481	969
15	99309542	948
15	99321452	952
16	20268056	900
16	20313529	835
16	20342000	845
16	20350242	824
16	20378322	803
16	20385774	808
16	20392332	808
16	20409579	840
16	20411469	846
16	20674116	588
16	21089905	488
16	23692405	365
16	51754991	904
16	69627247	102
16	69823443	165
16	70472713	108
16	81081525	658
17	1982790	451
17	6227903	904
17	6548693	637
17	19304375	649
17	19416028	749
17	32642725	895
17	34951327	451
17	37607904	49
17	43820907	642
17	47347441	593
17	55784828	898
17	58674306	570
17	58915261	474
17	59242914	589
17	59456589	772
17	59471686	700
17	63537142	824
17	67460813	917
17	75273228	970
17	81046644	958
18	731794	803
18	9462875	779
18	12995185	525
18	24370868	901
18	24393213	904
18	24449103	867
18	46460903	931
18	49216415	962
18	59590944	888
18	77158225	982
19	14586245	964
19	22234938	988
19	33370376	603
19	33402419	611
19	35485637	878
19	41207095	579
19	41947728	830
19	45410002	861
19	50121451	688
19	50932545	917
19	55148945	988
20	4052298	900
20	4057551	912
20	23544084	878
20	25039099	824
20	42564468	933
20	42609185	939
20	43967310	736
20	56108386	905
20	57392844	863
20	57463472	909
20	61022377	934
20	62012775	934
20	62143013	934
21	23635039	994
21	34893344	186
21	37781046	749
21	37834258	835
21	38166235	928
22	18413975	887
22	24134758	611
22	24188193	835
22	29700536	333
22	30710598	347
22	37837203	895
22	38224552	336
22	38600542	744
22	40299158	628
22	40892794	243
22	42321591	235
22	43123873	809
22	43125006	809
22	44879306	982
