chr	pos	bstat
1	1887245	867
1	1999006	946
1	2141866	883
1	2315263	940
1	2330190	917
1	10725387	744
1	10730910	763
1	10733081	770
1	10757199	855
1	10820215	933
1	15768023	721
1	15914545	410
1	15946233	410
1	16046109	433
1	16047329	436
1	16063560	564
1	16113757	649
1	16557691	512
1	18774783	928
1	18783600	917
1	18792300	899
1	18807953	813
1	18821416	913
1	19791092	758
1	21577159	675
1	21844736	846
1	23271675	576
1	23289568	504
1	23546858	407
1	23618706	309
1	23681232	289
1	23702531	320
1	23721847	516
1	23724183	519
1	27021913	144
1	27174180	188
1	27284913	287
1	27520865	471
1	27829387	340
1	27845119	397
1	28548705	505
1	37440261	930
1	40774951	706
1	43711723	638
1	45810865	118
1	45901125	158
1	46021630	120
1	46039077	79
1	46433102	91
1	46503217	85
1	47984438	794
1	48002447	848
1	48050570	881
1	48130715	906
1	51510938	489
1	53581670	721
1	54204448	839
1	54409951	697
1	55522415	718
1	55718708	818
1	56715908	909
1	56760616	936
1	56922359	879
1	59042997	814
1	66216575	889
1	68009663	929
1	78023173	346
1	78666990	594
1	82863367	943
1	82957871	931
1	89144053	630
1	89157443	549
1	92377819	615
1	93410291	592
1	94050911	615
1	100739833	427
1	100808363	647
1	102376001	880
1	109806442	460
1	109817192	637
1	109820919	652
1	109843775	203
1	109846278	159
1	109961700	147
1	110046195	411
1	110193645	546
1	112664919	906
1	113073289	230
1	113248365	387
1	113258293	477
1	113334478	827
1	113757138	788
1	147312533	812
1	147391614	929
1	149876124	302
1	150159616	330
1	150203716	197
1	150276022	100
1	150419345	82
1	150474513	100
1	150486988	126
1	150531380	136
1	150573104	113
1	150662179	76
1	150666860	75
1	150686011	72
1	150818339	66
1	150936280	66
1	150940625	71
1	150950800	85
1	150955582	93
1	150991221	156
1	151117010	125
1	151178491	112
1	155029253	264
1	155033308	255
1	155584657	77
1	156165881	476
1	156425710	679
1	156674130	738
1	156958472	509
1	157621835	830
1	160160801	735
1	163738950	937
1	165586816	928
1	165950768	939
1	169073346	911
1	170649277	807
1	170658324	765
1	170945292	829
1	171095524	723
1	171415856	679
1	171435542	657
1	171528416	370
1	172098794	656
1	172337081	601
1	172346548	539
1	176419459	922
1	180900448	846
1	180905694	851
1	183073453	449
1	184662181	450
1	184672098	440
1	184770289	582
1	185026908	456
1	185465012	870
1	186401206	387
1	186658212	505
1	186767709	611
1	186837495	851
1	186916746	757
1	193015062	342
1	199185297	897
1	201013947	814
1	201016296	814
1	202082619	833
1	202972706	688
1	204113692	855
1	204431089	620
1	205484585	872
1	205537858	804
1	207231751	493
1	207755736	884
1	208007032	863
1	208051123	893
1	209771994	870
1	212428931	768
1	214744893	855
1	214807473	725
1	216969887	943
1	217525251	867
1	220157849	533
1	220224321	563
1	220320623	444
1	220495169	773
1	220681755	653
1	220967854	861
1	220991171	822
1	221001142	833
1	221007855	835
1	221099886	779
1	221126914	866
1	223924236	769
1	226900415	785
1	226969857	755
1	228270268	445
1	228532195	309
1	228587435	435
1	235516145	435
1	236387642	761
1	243469669	670
1	245466780	961
1	245575662	963
2	226933	849
2	11317483	589
2	12115479	978
2	12953264	752
2	15722503	867
2	15782471	637
2	15784855	647
2	15785070	652
2	15808935	855
2	15812577	854
2	15839159	925
2	16715408	858
2	18676265	942
2	18737788	899
2	20224887	724
2	24432211	401
2	25481149	588
2	26009456	423
2	27219653	253
2	27482090	72
2	27503262	74
2	27605983	46
2	27686480	45
2	27741237	116
2	27783392	110
2	27796159	106
2	27818254	105
2	27960776	216
2	28066122	189
2	28090820	169
2	28350375	388
2	28417504	458
2	28517861	594
2	32940834	492
2	32996556	510
2	40680149	869
2	43433257	906
2	43484556	719
2	43519977	707
2	43777964	611
2	43798792	610
2	43808065	632
2	44406686	627
2	44670996	632
2	45740908	738
2	45878760	945
2	45947109	952
2	46558225	889
2	54581356	695
2	54744814	528
2	54920968	477
2	54943102	523
2	55065271	632
2	55192082	428
2	60612070	555
2	60635067	452
2	61573935	132
2	61607510	137
2	61872634	398
2	61884681	434
2	64168437	338
2	64879863	725
2	65220910	820
2	67559176	735
2	67768340	925
2	67838694	873
2	67866542	882
2	67870850	950
2	67874553	945
2	67925043	908
2	71106068	878
2	73372212	638
2	73475971	500
2	73552057	541
2	73596594	472
2	73644481	385
2	73777049	395
2	73895765	513
2	73897764	513
2	73950547	553
2	73966271	553
2	74093652	628
2	74103186	663
2	76762660	967
2	76924347	961
2	85779050	312
2	101692762	768
2	102580825	679
2	102880823	762
2	102991369	575
2	103166325	662
2	103399456	596
2	111870220	754
2	113801373	768
2	113967075	647
2	119050849	920
2	120211796	788
2	120540224	484
2	120936492	571
2	121306440	975
2	121516307	955
2	121940001	952
2	121988884	865
2	122004596	854
2	122046743	895
2	135426564	761
2	135451302	749
2	135721175	297
2	135755119	531
2	137142500	888
2	143705957	847
2	144142507	938
2	144177167	695
2	144294095	753
2	144327859	744
2	144463315	782
2	145681570	716
2	146201993	804
2	148516678	634
2	148776438	466
2	152235529	644
2	152365775	106
2	152635358	328
2	158646738	743
2	159810691	666
2	159837242	647
2	163948534	853
2	164416901	851
2	164454611	811
2	169836730	728
2	169910811	742
2	169961897	751
2	169995581	680
2	169996556	675
2	170000582	657
2	170025340	514
2	170036028	526
2	170092395	420
2	170092655	420
2	170187105	802
2	170206062	844
2	170216267	834
2	175367298	720
2	176574516	816
2	176608949	818
2	176780507	641
2	176916410	639
2	176930828	630
2	176962501	565
2	176970247	547
2	176974104	561
2	176975973	551
2	176993583	391
2	177132655	737
2	177263153	744
2	177576731	809
2	177616844	812
2	177678868	731
2	177774801	678
2	177936403	670
2	177952547	581
2	178125142	537
2	178368343	305
2	179432185	0
2	179681330	30
2	181806188	870
2	182617191	695
2	183057497	729
2	183086648	742
2	183210271	809
2	183307013	719
2	187776584	692
2	187856862	684
2	188129669	663
2	196272301	870
2	204322298	158
2	208362801	779
2	209439732	653
2	210849283	410
2	210916076	393
2	211302627	504
2	211361342	515
2	211510528	653
2	211528709	683
2	211540507	763
2	211548674	723
2	211552605	720
2	211565535	758
2	211571627	753
2	211580491	765
2	211587304	769
2	211608006	772
2	211637186	771
2	211673377	811
2	211740982	831
2	211775411	819
2	211777653	816
2	211803160	776
2	211804652	779
2	211832982	809
2	211858092	840
2	211878120	860
2	211889665	860
2	212264598	565
2	213841096	624
2	214015745	784
2	217580726	923
2	217607538	947
2	217638499	946
2	217665788	912
2	217681961	938
2	217690268	930
2	217971021	955
2	219027024	599
2	219286541	297
2	219538799	116
2	220299541	641
2	220308949	684
2	220358198	551
2	225467840	599
2	226045190	883
2	226164727	919
2	226800914	956
2	226999772	934
2	227201709	954
2	227251095	947
2	227344207	939
2	227399071	877
2	230665303	354
2	233708806	479
2	234144883	744
2	234257105	707
2	238637918	917
2	239033382	900
2	242496325	952
3	4590858	970
3	13660809	906
3	13675049	912
3	13675694	912
3	13707300	927
3	13951673	846
3	14121757	830
3	14238743	772
3	14825395	923
3	15905676	498
3	19992812	702
3	20298061	773
3	25432090	917
3	30750404	853
3	30781874	815
3	31027815	916
3	31336206	941
3	38546726	403
3	38548658	411
3	38592406	553
3	38607356	759
3	38665580	798
3	38927854	442
3	39212164	631
3	39212907	631
3	40432645	654
3	48443816	14
3	48446237	14
3	48764954	1
3	48768586	1
3	48951640	0
3	49111878	0
3	49322027	1
3	49415301	1
3	49572140	1
3	49746570	2
3	49875327	1
3	50176589	3
3	50205315	3
3	50457737	7
3	50471408	7
3	50929873	8
3	51243119	8
3	51299038	8
3	51593113	7
3	51725534	9
3	52287293	87
3	52537969	65
3	52575831	33
3	52818986	61
3	52835514	109
3	52852897	123
3	52930803	136
3	53071797	194
3	53101640	203
3	53116851	207
3	57530156	208
3	58325230	419
3	63792668	558
3	64000464	504
3	64077753	627
3	69836592	770
3	70180381	733
3	76080710	941
3	78785017	627
3	99469036	378
3	105415038	581
3	119048954	793
3	119105663	779
3	121354583	213
3	121657593	334
3	121674899	391
3	121727915	512
3	121753694	636
3	121899848	674
3	121934177	665
3	121976926	497
3	122228974	345
3	124315336	709
3	124377196	600
3	124725659	770
3	125875579	934
3	125906237	934
3	126275729	889
3	127812792	673
3	128103714	767
3	129167659	386
3	129289831	599
3	129434434	443
3	132163284	494
3	132184526	295
3	132435871	542
3	132437034	548
3	132465768	818
3	135249478	893
3	135337113	864
3	135655008	482
3	135931586	320
3	136036226	304
3	136241028	341
3	136328270	394
3	136536835	425
3	141301451	379
3	141554074	835
3	141573305	778
3	141622911	715
3	141644808	697
3	141652242	697
3	141654757	697
3	141736258	695
3	141750810	681
3	141821665	722
3	141824924	722
3	141827803	723
3	141848046	734
3	141905630	684
3	141918938	684
3	141942679	489
3	142081390	172
3	142300610	241
3	142929888	909
3	152177708	461
3	153657588	857
3	153929990	717
3	157243556	784
3	168859282	637
3	168884726	764
3	169078058	779
3	169092038	831
3	169099907	774
3	170070702	583
3	170928797	809
3	171651789	949
3	183400741	506
3	185298868	574
3	185425976	618
3	185520137	756
3	185550317	803
3	185613363	840
3	185803532	657
3	186432839	844
3	186450863	833
3	187458121	840
3	193811162	969
3	196818853	648
4	971266	759
4	1019312	867
4	1351509	795
4	1365858	810
4	1841133	641
4	2850142	666
4	3047537	620
4	3196029	427
4	3255258	568
4	3287655	654
4	3442011	862
4	3449781	873
4	5785697	970
4	9971749	856
4	10272429	878
4	19158596	903
4	19607089	925
4	19745578	936
4	23743962	872
4	23813109	506
4	23863409	870
4	38664715	765
4	39429471	622
4	40420708	831
4	41656630	702
4	41710551	778
4	48372735	282
4	48464679	291
4	49063872	376
4	52687939	377
4	54402371	791
4	55239947	901
4	55291724	840
4	76465457	723
4	76644744	537
4	76785184	744
4	76986467	542
4	77037960	527
4	77040830	526
4	77129908	706
4	77130934	740
4	77146751	769
4	77172716	739
4	77212517	720
4	77243257	558
4	77263208	537
4	77280542	512
4	77298704	502
4	77326185	541
4	77340081	562
4	77354030	603
4	77391701	742
4	77392553	742
4	77411996	743
4	77412140	744
4	77423228	767
4	77425317	773
4	77436991	803
4	77440267	824
4	77461382	844
4	77463809	839
4	77465025	839
4	77629766	755
4	77645210	734
4	77697071	744
4	81084349	824
4	81164723	819
4	84570345	875
4	90272120	928
4	90372775	934
4	96098367	591
4	101263917	932
4	103235640	900
4	103554733	675
4	103640143	637
4	103812499	482
4	103903600	541
4	104114742	575
4	104189893	721
4	106043027	851
4	106106709	673
4	106312287	773
4	109693926	911
4	109694866	911
4	114862603	911
4	115498457	868
4	115524864	821
4	118850402	804
4	119272958	547
4	119497440	656
4	124375248	912
4	126709616	937
4	129540393	946
4	144030040	684
4	144331671	779
4	144355290	741
4	149568881	925
4	160070530	814
4	165560063	982
4	165569031	981
4	186772579	934
4	188061709	975
5	471478	825
5	498235	929
5	670909	958
5	676962	958
5	699046	958
5	2635891	994
5	8294815	988
5	16887063	975
5	26342126	988
5	34504277	946
5	34532782	934
5	39201444	757
5	39326283	750
5	39351466	773
5	39363814	606
5	39380965	575
5	39392727	594
5	39421736	699
5	39428625	739
5	39428975	742
5	39436821	768
5	39450608	811
5	39588499	874
5	39612939	874
5	39623337	875
5	39625116	875
5	39763011	845
5	39802767	872
5	39950266	856
5	39990416	860
5	40116715	873
5	40133931	875
5	40186315	851
5	40297844	812
5	40438917	787
5	40577912	751
5	40655316	481
5	40806116	405
5	40908575	480
5	43959854	688
5	44125846	691
5	44699051	624
5	52651459	812
5	52714131	772
5	52765331	777
5	52787358	758
5	52808873	859
5	52809884	858
5	52990909	777
5	53015163	790
5	53107031	849
5	53213371	903
5	53275370	890
5	53276301	892
5	53281025	891
5	53287166	883
5	53298716	857
5	53339587	883
5	53371864	878
5	53418275	800
5	53463117	860
5	53620443	918
5	65013192	463
5	67662781	900
5	67691880	900
5	67714246	902
5	67742038	894
5	67762172	931
5	67919370	944
5	68008742	918
5	68037048	928
5	68043894	906
5	68087725	925
5	68111615	896
5	68192740	889
5	68217620	923
5	68257726	867
5	68324853	862
5	68396948	736
5	68541779	692
5	68575181	727
5	68698168	862
5	70736266	964
5	70982335	964
5	72453958	824
5	76539997	920
5	76847499	857
5	78322650	620
5	82810884	560
5	96481532	867
5	97906471	818
5	107309566	911
5	115016311	768
5	123964328	812
5	126201232	729
5	126641654	637
5	129637007	627
5	129684777	631
5	129732054	592
5	129873659	583
5	130190501	509
5	130359215	494
5	130497123	380
5	130503717	375
5	130766662	191
5	130796547	149
5	131230383	177
5	131257027	176
5	131340702	344
5	131432689	393
5	131517355	374
5	131556309	378
5	131616374	443
5	131633355	430
5	131790662	491
5	131803652	484
5	131870689	545
5	131887986	477
5	132226669	180
5	132360653	440
5	132368189	438
5	132388959	396
5	132474053	754
5	133853877	559
5	135245777	791
5	137897817	140
5	138506278	406
5	142553082	889
5	142709986	546
5	146613862	928
5	148520669	656
5	148544809	729
5	150696447	788
5	153524650	882
5	176171695	898
5	176463651	522
5	176477828	524
5	176532513	522
5	176579356	373
5	176633791	374
5	176680269	371
5	176701395	373
5	176790807	572
5	176813404	583
5	176831119	604
5	176836426	656
5	176845964	716
5	176904521	689
5	177019182	769
5	179974245	647
5	180631121	878
6	2093432	934
6	6674593	982
6	6781883	982
6	7032944	905
6	7109665	864
6	7168023	791
6	7203714	755
6	7207990	752
6	7217220	739
6	7287579	743
6	7308982	774
6	7733862	908
6	12358066	951
6	16278390	738
6	20367264	956
6	20428432	917
6	21150457	930
6	21202154	886
6	25414163	824
6	25419318	798
6	25684405	740
6	25759511	615
6	25772047	593
6	25817705	591
6	25848911	551
6	25867566	554
6	26033843	470
6	26090025	504
6	26104632	501
6	26124243	499
6	26158993	642
6	26385093	693
6	26396727	689
6	26626038	509
6	26651053	513
6	26903384	666
6	27072542	671
6	27151933	662
6	27332298	600
6	27410422	568
6	27905509	463
6	28262686	498
6	28678357	721
6	28939283	744
6	29335154	784
6	29753348	856
6	29842444	862
6	30038647	862
6	30255089	793
6	30323110	835
6	30656828	851
6	30762093	895
6	30800068	912
6	30849124	917
6	30886729	917
6	30889260	917
6	30919391	917
6	31030636	929
6	31115655	929
6	31169477	929
6	31191636	934
6	31199839	934
6	31206719	934
6	31236115	934
6	31244520	934
6	31274027	934
6	31326960	934
6	31329291	934
6	31329365	934
6	31350303	934
6	31356598	934
6	31404373	934
6	31442731	934
6	31475655	934
6	31564167	929
6	31581896	884
6	31597875	873
6	31604355	862
6	31740454	889
6	31783863	895
6	31843924	900
6	31873292	912
6	31892484	917
6	32149801	923
6	32153406	929
6	32159956	929
6	32204433	934
6	32211085	934
6	32219320	934
6	32338283	934
6	32409242	934
6	32421469	934
6	32426458	934
6	32605713	940
6	32629091	940
6	32675645	940
6	32682135	940
6	32886487	929
6	33534880	696
6	33546930	701
6	33640874	632
6	34180297	798
6	34305072	705
6	34335091	707
6	34439569	730
6	34532836	632
6	35361873	457
6	37099123	880
6	39700424	808
6	41670769	878
6	41690823	860
6	41702227	855
6	41983395	833
6	41989828	833
6	42914748	311
6	43330756	139
6	43354431	201
6	43378058	272
6	43412865	278
6	43433330	503
6	43563077	219
6	43679423	526
6	43759927	832
6	43798902	894
6	43800943	892
6	43806609	898
6	43825459	910
6	43834251	917
6	44030011	915
6	44681840	763
6	44738548	757
6	45395873	699
6	48307190	874
6	50386986	888
6	51492862	710
6	51662942	640
6	51735786	579
6	52630153	923
6	52740798	917
6	54854504	708
6	55422618	748
6	89959665	809
6	90118764	689
6	90294088	375
6	100629078	930
6	108518770	626
6	108856449	797
6	108979306	668
6	109018046	766
6	109036081	878
6	111528221	428
6	115817610	787
6	116363149	591
6	125823526	879
6	126245845	648
6	126258892	729
6	126727908	683
6	127260497	795
6	127977160	791
6	130341235	803
6	130356608	744
6	131728258	878
6	131869914	828
6	131873982	827
6	131882078	829
6	133383469	749
6	133459096	841
6	133830320	643
6	133844137	584
6	133849789	550
6	133864025	850
6	133869809	876
6	133916421	844
6	133923265	872
6	134129501	890
6	134211282	790
6	134308725	708
6	134331737	858
6	149913584	351
6	150164378	450
6	153285517	757
6	153397958	905
6	154858365	954
6	154986664	928
6	156919000	976
6	158631141	764
6	160368242	834
6	160427443	845
6	160502848	641
6	160503622	641
6	160543562	707
6	160556642	754
6	160559234	764
6	160566392	804
6	160568896	809
6	160575366	819
6	160575985	819
6	160599396	889
6	160633107	878
6	160633223	878
6	160674557	830
6	160700325	856
6	160722598	856
6	160756435	854
6	160759840	854
6	160766334	850
6	160794429	822
6	160877141	806
6	160890231	828
6	160963230	861
6	161085120	900
6	161171664	895
6	161385670	861
6	161608252	923
6	161663877	946
6	165838952	970
7	1044953	906
7	1248935	974
7	1267600	950
7	1286192	964
7	1286217	964
7	1295611	971
7	1299334	972
7	1311237	973
7	1323814	975
7	2518104	940
7	17199487	934
7	17221063	940
7	17284577	885
7	17325168	848
7	17492960	872
7	25770729	736
7	25775690	762
7	27206197	435
7	29160604	895
7	32919927	648
7	33065102	739
7	33095688	755
7	41068572	964
7	45923471	917
7	46706813	976
7	46708867	976
7	46753684	976
7	46760129	976
7	50739738	893
7	55352841	929
7	56050525	608
7	65072811	637
7	65337902	488
7	65609817	460
7	66030612	483
7	66390255	527
7	75612803	666
7	77190070	494
7	77243095	443
7	77453357	358
7	77596812	603
7	77602503	640
7	101823635	653
7	101907059	758
7	101955936	794
7	102103293	679
7	113443065	655
7	113702000	623
7	127457228	0
7	127716892	463
7	128576086	565
7	128603415	379
7	128671086	405
7	128728754	734
7	128740355	740
7	129422136	764
7	129564134	652
7	129632840	769
7	129640197	759
7	129718129	672
7	140122523	840
7	145425768	987
7	150690176	856
7	150695726	824
7	150798980	754
7	151324246	910
7	151371120	946
7	151393354	964
7	151402192	970
7	151408459	970
7	151410803	970
7	151414225	970
7	151415041	970
7	151425449	970
7	151436642	970
7	151442897	975
7	155596637	969
7	155605071	976
7	155619498	975
7	155656235	988
7	155662181	988
7	155664686	988
7	156114595	989
7	156243562	988
7	156246810	988
7	156247345	988
7	156258179	988
7	156297949	988
7	156405323	976
7	156568317	924
8	6388533	926
8	8097217	940
8	8177117	823
8	8225262	874
8	8349138	931
8	8363683	936
8	8432208	936
8	8460889	926
8	8502230	926
8	8523912	922
8	8553609	877
8	8659454	851
8	8671962	866
8	8974673	903
8	9002545	858
8	9024421	901
8	9040858	922
8	9054422	911
8	9153619	939
8	9165654	940
8	9173358	933
8	9194974	921
8	9242557	921
8	9305402	881
8	9335968	848
8	9338146	856
8	9411986	660
8	9446457	647
8	9738334	779
8	9747377	774
8	9860588	842
8	10131241	915
8	10190040	917
8	10225159	933
8	10465942	923
8	10806569	883
8	10831868	934
8	11109269	889
8	11287148	929
8	11417493	928
8	11595829	908
8	11606312	888
8	11701253	840
8	11850995	976
8	17419074	856
8	22492143	493
8	22538384	623
8	23288346	642
8	23396645	837
8	23396830	837
8	23618463	900
8	23667658	783
8	23731875	757
8	23735047	758
8	23779181	809
8	23789259	865
8	23797763	893
8	23899349	900
8	23952462	902
8	25935636	910
8	29865740	934
8	30280065	820
8	30419334	687
8	30530064	793
8	32343569	857
8	32423280	896
8	32466409	838
8	32511640	774
8	32585434	706
8	53091538	882
8	59473938	483
8	61369006	691
8	66692011	709
8	70942229	855
8	73101821	952
8	76345925	830
8	76483239	786
8	76565418	845
8	86056031	486
8	86361082	446
8	87176499	717
8	87247209	689
8	87495484	493
8	87523430	506
8	95663606	567
8	95922491	382
8	102671384	834
8	108389915	820
8	120729055	510
8	120894208	652
8	120946265	673
8	120990068	736
8	122501534	963
8	125810112	922
8	126476873	926
8	129918389	976
8	132350983	963
8	134331059	940
8	135664673	865
8	142239318	862
8	144910239	713
8	144968996	809
8	144976654	712
8	145018354	512
9	3827120	883
9	3840882	943
9	3865097	931
9	16903374	904
9	20559727	855
9	20840240	572
9	22014137	840
9	33144809	670
9	33169412	699
9	33698804	466
9	33705685	460
9	33956791	300
9	34065392	396
9	34358893	239
9	34997727	130
9	35917880	449
9	71070814	869
9	71105722	837
9	71170503	871
9	71177110	900
9	71189353	903
9	71189471	903
9	71192804	905
9	71215222	906
9	71243215	905
9	71261086	898
9	71362396	864
9	71385500	764
9	71432174	780
9	71473203	788
9	71545518	786
9	71546543	785
9	71560253	852
9	71596876	867
9	71604123	889
9	71613947	894
9	71638671	889
9	88009912	946
9	90160010	965
9	92230747	905
9	95886051	809
9	98644548	613
9	98979691	855
9	103350672	607
9	109890688	795
9	112241370	817
9	116853660	753
9	119266695	710
9	119342218	609
9	119364425	590
9	123359549	431
9	128137418	304
9	130377252	442
9	130633176	809
9	132523860	929
9	133007856	958
9	133496402	695
9	136128467	906
9	136146597	900
9	136184798	862
9	136933445	861
9	139109861	794
9	140094605	906
9	140103272	906
9	140130606	840
9	140147152	830
10	752538	900
10	822427	889
10	833755	835
10	846003	693
10	874896	552
10	899071	574
10	1151723	688
10	1152067	688
10	1196187	814
10	5541181	904
10	15313310	922
10	17008961	848
10	23840849	939
10	26481386	639
10	29679692	835
10	29781798	819
10	32307971	452
10	35100812	829
10	35149075	859
10	42432655	862
10	43664033	456
10	50874549	757
10	51006054	777
10	51049027	688
10	52133138	854
10	52608405	755
10	52642500	865
10	52645424	878
10	52734996	918
10	54726056	988
10	55666822	881
10	63751748	799
10	63785089	725
10	64936361	259
10	65261184	454
10	68899177	696
10	69563811	598
10	69942254	613
10	69960430	609
10	69963440	611
10	70056515	525
10	70100355	337
10	70120252	317
10	70315389	508
10	70357152	469
10	70380498	527
10	70982532	747
10	74769847	70
10	75073606	23
10	75573778	39
10	75649470	170
10	79291868	888
10	79343778	922
10	80792528	965
10	88162238	702
10	88949045	829
10	91458093	513
10	91839847	907
10	93393008	428
10	93655643	383
10	94153435	359
10	94822686	523
10	94839642	568
10	97258464	731
10	97781710	386
10	100043147	838
10	101686509	383
10	101769392	447
10	101806523	492
10	104079091	43
10	104573017	168
10	104852002	99
10	105187746	122
10	111855674	435
10	111963221	702
10	125505453	928
10	126426951	663
10	126456997	623
10	126473309	626
10	126605316	649
10	126693480	734
10	126727353	765
11	408174	906
11	438662	900
11	624151	929
11	983966	867
11	1070757	964
11	2122012	988
11	2156930	988
11	2167641	988
11	2169110	988
11	2177429	988
11	2178330	988
11	2187439	988
11	2372177	988
11	2751415	982
11	2766825	982
11	2770777	982
11	2781519	982
11	2794392	982
11	2797430	982
11	2798849	982
11	2806329	982
11	2927951	964
11	2949861	923
11	5566789	771
11	5571897	770
11	5583551	804
11	8036249	883
11	9890052	552
11	9909127	585
11	10018225	556
11	10177348	570
11	10308034	569
11	10309588	565
11	13791904	821
11	13820814	846
11	13857495	821
11	14345559	440
11	15891884	838
11	17025712	654
11	18671414	670
11	27141676	778
11	29642280	894
11	30079370	731
11	30128239	733
11	30296503	663
11	30431144	573
11	30571347	823
11	30636742	712
11	30669037	682
11	30718534	778
11	30730098	793
11	30730449	792
11	30749646	843
11	30751596	812
11	30754837	823
11	30759939	823
11	30760335	823
11	30771782	795
11	30781773	791
11	30832798	595
11	30933646	470
11	31113275	379
11	31247475	342
11	31285284	342
11	31424823	449
11	31434854	471
11	31678948	0
11	31793808	520
11	32450825	783
11	32673019	368
11	32956492	357
11	46176712	402
11	46803708	12
11	47097364	24
11	47410888	26
11	47662932	10
11	47913097	73
11	47980568	98
11	48250675	124
11	48539415	166
11	49057603	191
11	50468801	226
11	51515460	223
11	55076217	193
11	55343517	144
11	55572549	145
11	57409538	280
11	57659832	215
11	61942373	744
11	62735411	455
11	62758799	453
11	65143892	426
11	65278461	296
11	65371604	312
11	65461158	279
11	65499022	278
11	65561368	303
11	65774596	281
11	66188904	127
11	67488999	754
11	67874072	605
11	68843715	895
11	68846578	895
11	68855595	895
11	68912221	917
11	68957110	917
11	69052061	929
11	69188078	934
11	69207345	940
11	69275432	940
11	69353592	946
11	69391327	946
11	69392272	946
11	70007770	884
11	72257285	803
11	72323881	664
11	74381181	639
11	75435554	764
11	75470813	673
11	78035832	546
11	83516953	795
11	85552758	516
11	85939286	668
11	111278901	729
11	111662109	110
11	111926528	90
11	114032484	944
11	114053768	904
11	118789952	520
11	118966780	218
11	119255795	730
11	121568262	893
11	121645005	896
11	122598602	953
11	123739251	802
11	125840999	631
11	128269098	935
11	128350653	879
11	128609505	899
11	131521878	971
12	296292	873
12	315449	867
12	335434	804
12	349164	649
12	349583	640
12	359002	594
12	362674	563
12	364739	554
12	418326	404
12	524061	735
12	556297	814
12	603424	917
12	624978	923
12	3243450	969
12	3292146	976
12	3327324	976
12	3332691	975
12	3350499	976
12	3351844	976
12	3356086	976
12	3357992	976
12	3367883	963
12	3392351	934
12	3408027	970
12	3436701	970
12	4591100	834
12	4672394	856
12	6835536	526
12	12209203	952
12	15277113	787
12	15302206	829
12	15307394	865
12	15325031	880
12	15370878	821
12	15395793	837
12	15461045	804
12	28545864	791
12	31578930	911
12	31769664	946
12	48178194	680
12	48413565	336
12	48622765	343
12	48740855	403
12	48780228	520
12	48978467	680
12	49168798	539
12	49305999	218
12	50610321	216
12	50898728	262
12	51209838	277
12	51321994	363
12	52314388	709
12	53497801	538
12	53785861	134
12	54040410	251
12	56552960	62
12	56623347	75
12	56857422	348
12	56863770	346
12	56973373	588
12	57791833	192
12	57975910	319
12	63872263	922
12	65983158	775
12	66317487	778
12	76271975	955
12	82164673	880
12	89349282	884
12	89405713	911
12	89771903	689
12	99255763	866
12	103786854	905
12	110382361	221
12	110754097	134
12	111910219	101
12	112200150	107
12	112217138	104
12	112486818	34
12	112501766	34
12	112817847	77
12	112906415	91
12	114018963	963
12	115630895	977
12	115712053	980
12	118416749	911
12	119811323	897
12	120196051	450
12	120938200	368
12	121138361	366
12	121416864	618
12	122410160	633
12	124478566	469
13	22499827	994
13	28614740	777
13	41381077	692
13	42762971	599
13	43219289	825
13	48688902	673
13	50349898	513
13	50655989	590
13	51088194	875
13	51088356	875
13	51177170	901
13	51444628	883
13	67532205	898
13	72372524	896
13	72741545	916
13	73271811	615
13	73621975	718
13	73725782	879
13	74178925	837
13	74726097	954
13	96068204	928
13	96080061	923
13	99194498	888
13	104690948	981
13	111018009	980
13	111073710	982
14	31721103	584
14	35424436	449
14	35581148	452
14	38019108	595
14	50512111	804
14	50735947	434
14	51207741	447
14	54418411	752
14	54573538	786
14	54808943	855
14	55367385	453
14	69158128	878
14	69372979	772
14	73244469	768
14	73339048	627
14	73341666	601
14	73356307	509
14	73723189	453
14	73884540	359
14	73940636	410
14	74056804	549
14	81853291	766
14	85811809	866
14	85995608	843
14	88797615	672
14	88829975	419
14	89111678	237
14	89331966	448
14	91132239	908
14	93072317	929
14	93129810	929
14	93406702	878
14	93533666	851
14	93564690	830
14	93754437	454
14	94047990	445
14	100642760	884
14	100752644	793
14	100763369	819
14	100996312	894
14	101056280	934
14	101218652	976
14	101592359	982
14	102964654	529
14	103058037	665
14	105271836	970
15	26260477	994
15	38178039	918
15	39228610	932
15	39277781	927
15	39305443	939
15	40365733	706
15	40886841	186
15	41065890	266
15	41270302	149
15	41399951	136
15	41524236	198
15	41655435	126
15	45150797	616
15	45343507	620
15	45364892	608
15	45387550	501
15	45415645	575
15	45425652	530
15	45433646	514
15	45444280	478
15	45453237	472
15	45495028	509
15	45604136	424
15	45620147	416
15	45652278	337
15	45653394	337
15	45659709	337
15	45660758	337
15	45702799	368
15	45736788	465
15	45768855	410
15	45806150	396
15	45809613	398
15	45821123	399
15	45857897	466
15	45892919	499
15	45895020	494
15	45932871	572
15	45943716	607
15	45944594	607
15	45948077	615
15	45949886	622
15	45950259	624
15	45951471	636
15	45966268	707
15	45972328	716
15	45972336	716
15	45985548	739
15	46029851	790
15	46040457	802
15	46092747	779
15	46097445	785
15	46102301	800
15	46292497	883
15	49734634	375
15	53839779	806
15	53962748	742
15	53964439	741
15	53972484	730
15	54014073	843
15	57749610	912
15	57766915	911
15	57779337	893
15	57793765	878
15	57835295	872
15	62752983	922
15	62808539	905
15	62894319	902
15	63381095	615
15	63580155	545
15	63605954	637
15	66067188	195
15	67320382	917
15	67463391	782
15	67501592	476
15	70391877	939
15	73554544	507
15	74060078	812
15	74081521	835
15	74100160	835
15	74124543	827
15	74243744	830
15	74247471	824
15	74278126	814
15	74477239	830
15	74629723	658
15	74721270	495
15	75027880	386
15	75225186	441
15	75328595	497
15	75481877	535
15	75610684	399
15	75628841	371
15	75847217	216
15	75878956	248
15	75897001	262
15	75908357	272
15	75929991	321
15	75950163	549
15	76031587	591
15	76032283	591
15	76093771	633
15	76099098	633
15	76119092	649
15	76151081	559
15	76244113	569
15	76292262	570
15	76304503	570
15	76306546	570
15	76364075	657
15	76394663	666
15	76451365	576
15	76477323	539
15	76557615	401
15	76678692	268
15	76704878	266
15	76734232	266
15	76987794	294
15	76994111	294
15	77060064	298
15	77252741	449
15	77333335	461
15	77652245	0
15	79052755	769
15	79070171	779
15	79148683	814
15	79542925	940
15	81166740	917
15	83501722	508
15	83722059	457
15	84703470	716
15	85191274	416
15	85419498	620
15	90682185	824
15	90732642	709
15	93903068	993
15	96409603	963
15	99186488	968
15	99276521	939
15	99308094	946
16	1374951	819
16	1986980	769
16	1997004	769
16	2003425	774
16	2012453	721
16	2025604	671
16	3215557	749
16	3610642	588
16	3747042	684
16	16127916	889
16	16168340	883
16	20344532	840
16	20351937	814
16	20357398	775
16	20369797	808
16	20375571	795
16	20377735	802
16	20384729	809
16	20390734	808
16	20392332	808
16	20392670	808
16	20402499	814
16	20407525	840
16	20408696	840
16	20414772	851
16	20421556	814
16	20436287	804
16	20475469	788
16	20705705	222
16	20786745	143
16	20854647	143
16	22920146	887
16	28561982	686
16	28823755	380
16	28917644	381
16	51158710	844
16	51165149	705
16	51165891	689
16	51464595	931
16	51560761	956
16	51735746	868
16	51761084	924
16	51776895	918
16	53189672	179
16	53333569	200
16	53387481	784
16	53875016	875
16	54236822	957
16	65315421	873
16	67847341	8
16	67853425	8
16	68323115	38
16	68371913	42
16	68660565	274
16	69692468	81
16	69795323	151
16	71705774	71
16	71949163	78
16	73024276	754
16	74727781	809
16	75654031	492
16	79330312	974
16	79620369	894
16	79744401	974
16	79797289	952
16	79838311	917
16	79843856	947
16	79942679	985
16	79997583	952
16	80144480	924
16	81008945	729
16	84022485	940
16	84093062	706
16	84225986	804
16	84267783	911
16	84764879	878
16	84940980	964
16	86417539	994
16	87027693	988
16	88039979	889
16	88881638	830
16	88973937	884
16	89001840	895
16	89033019	912
16	89141490	889
16	89341168	654
16	89535888	780
16	89632725	809
16	89634439	809
16	89694431	754
16	89708003	693
16	89744756	689
16	89871168	608
16	89893375	620
16	89896481	624
16	89985441	667
16	90029402	754
16	90050201	778
17	1967501	478
17	4757861	442
17	4801194	373
17	4943176	438
17	5017863	592
17	5594138	847
17	7446027	300
17	7541982	326
17	12139964	933
17	16940073	629
17	17045733	429
17	17351643	808
17	17387079	747
17	17426127	779
17	17543846	749
17	17625318	720
17	17843358	298
17	19308768	693
17	19370619	725
17	19417761	749
17	19437187	784
17	19460972	759
17	19465391	759
17	19486592	754
17	19513770	665
17	19633055	725
17	19753922	508
17	19777031	562
17	19926836	589
17	20169624	559
17	20215352	576
17	34882998	352
17	37041349	723
17	37070658	702
17	37170708	642
17	37295391	689
17	37349710	534
17	37365138	501
17	37371141	499
17	37374806	482
17	37382246	429
17	37403979	72
17	37430358	72
17	37453811	65
17	37480822	50
17	37555627	48
17	37581422	47
17	37635650	47
17	37696852	0
17	37716330	0
17	37725404	54
17	37861718	149
17	37879588	152
17	37891116	163
17	37911521	182
17	37949924	140
17	37979986	158
17	37992281	167
17	38075501	247
17	38085385	267
17	38107966	298
17	38144229	250
17	38164135	250
17	38211383	269
17	38582460	233
17	38592070	254
17	38621007	393
17	40399444	310
17	40497828	265
17	41172481	273
17	41462675	463
17	44931399	739
17	44967815	677
17	44989888	655
17	45969808	402
17	46242955	0
17	46261239	0
17	46935350	428
17	53372566	819
17	54633697	897
17	54760614	931
17	55758646	866
17	56460852	120
17	56538639	49
17	56732770	27
17	56755223	27
17	56804230	27
17	57009024	38
17	57114497	68
17	57341436	162
17	57363548	252
17	57404213	317
17	57934169	127
17	58014072	108
17	58266649	314
17	58681552	562
17	58778660	563
17	58988738	470
17	59239259	562
17	59249289	599
17	59428069	856
17	59431190	849
17	59450105	801
17	59457203	771
17	59459853	765
17	59471686	700
17	59476415	678
17	59478591	654
17	59486624	620
17	59497845	748
17	59511572	813
17	59522241	780
17	65373979	827
17	66427696	824
17	73835281	416
17	76367106	877
17	77837141	952
17	79355294	950
17	79571391	787
18	412335	968
18	3075872	834
18	5585158	944
18	5590408	954
18	5630676	980
18	8800547	881
18	13493183	970
18	19069699	236
18	19476977	366
18	21626635	809
18	24254349	950
18	42092893	838
18	42336042	898
18	42346956	896
18	42777064	748
18	42825040	866
18	46315420	963
18	46482070	919
18	46490397	938
18	46670741	716
18	46960814	747
18	47818749	778
18	59095819	975
18	59244189	945
18	59272606	902
18	59323075	951
18	59328934	915
18	71936321	952
18	71945298	952
18	77118857	896
18	77153339	976
18	77156537	976
18	77158397	982
18	77172078	958
18	77832658	867
19	1167158	988
19	1391235	946
19	3753656	976
19	4495156	934
19	11521204	851
19	13038415	476
19	14578354	958
19	17194794	923
19	18221213	904
19	18280096	878
19	18398628	934
19	18457333	958
19	18733355	878
19	18843752	917
19	19658472	476
19	21762189	988
19	21790275	988
19	21838626	988
19	22259782	988
19	33061342	725
19	33107938	689
19	33123086	680
19	33199227	587
19	33214073	554
19	33322086	511
19	33342977	530
19	33346204	564
19	33352654	580
19	33396382	611
19	33402419	611
19	33416801	616
19	33467576	662
19	33468482	675
19	33476369	745
19	33507781	779
19	33776212	911
19	35537706	867
19	37017633	662
19	37278306	684
19	37282366	684
19	37561087	658
19	37595835	658
19	37855488	647
19	37906510	646
19	37943658	646
19	37980167	651
19	38028907	647
19	38157969	628
19	38176842	628
19	38266429	621
19	38304809	612
19	38457837	611
19	38464262	619
19	39020336	596
19	39241924	576
19	39285180	632
19	39937255	577
19	40851371	529
19	45367473	884
19	47214411	637
19	49133761	631
19	49214470	638
19	49236465	601
19	49561942	819
19	49586561	772
19	49621964	769
19	50138143	735
19	53357172	994
20	1340244	861
20	2751173	806
20	2799897	711
20	3223212	500
20	8303120	955
20	8320830	958
20	9056587	931
20	10683995	843
20	14659420	891
20	14673838	847
20	14677650	885
20	31925189	576
20	32533524	374
20	32800849	310
20	32903904	215
20	33110846	102
20	33156742	105
20	33332473	42
20	33411048	63
20	33529766	88
20	33560172	93
20	33763764	213
20	33780768	231
20	33866753	274
20	33885155	279
20	34025756	181
20	38637581	895
20	39719202	278
20	39970385	344
20	40309230	791
20	42720099	900
20	42732000	900
20	42815795	856
20	42832308	779
20	43034016	878
20	44528919	411
20	44650846	486
20	48101751	778
20	50823651	937
20	51235613	942
20	52692678	963
20	52707522	969
20	52714706	970
20	52715186	970
20	52717000	970
20	52717229	970
20	52727865	970
20	52731402	970
20	52737123	964
20	52737687	963
20	52739524	957
20	52744487	939
20	52749937	925
20	52763184	911
20	52774427	913
20	52781091	934
20	52784612	946
20	52786073	940
20	52790786	945
20	52819900	964
20	55836040	817
20	55990405	883
20	55991522	889
20	55999911	911
20	56098733	911
20	56123800	882
20	56126962	895
20	56135199	886
20	56143169	889
20	57472174	894
20	58004991	979
20	60531444	912
20	60586790	846
20	60825595	808
20	60892116	819
20	62152519	929
20	62351150	804
20	62353933	804
20	62706105	830
20	62724253	830
20	62911019	814
21	16521176	961
21	16528752	954
21	16576783	968
21	16798463	977
21	30287485	318
21	30694729	488
21	35273508	756
21	35322824	782
21	35356706	818
21	35356814	818
21	35360291	824
21	37385600	782
21	37818141	846
21	37818902	846
22	21920817	699
22	23850482	982
22	25937821	946
22	28188203	850
22	30121285	457
22	30133045	379
22	30153242	377
22	30403996	299
22	30407364	300
22	30579617	365
22	30898015	616
22	31521404	338
22	36517472	940
22	36539804	934
22	36540783	940
22	36545016	946
22	38598234	744
22	40464452	547
22	40492800	547
22	40544031	440
22	40653882	222
22	40809034	260
22	40836024	248
22	40884662	240
22	41499822	109
22	42101815	107
22	42403446	236
22	42563308	255
22	42677913	301
22	43104014	789
22	43111670	804
22	43112818	804
22	43158555	819
22	46425646	969
22	47285486	955
22	48252487	992
22	50733818	676
22	50795620	754
