chr	pos	bstat
1	17306029	698
1	40060025	286
1	45946636	141
1	60913143	930
1	111738108	793
1	218689155	866
1	219924894	878
1	239901006	945
2	9290357	929
2	42433247	653
2	157013035	526
2	218683154	775
2	229569919	930
2	239872704	988
3	11640601	926
3	25520582	902
3	29472412	942
3	55158224	868
3	57746515	231
3	123077042	792
3	127961178	551
3	141147414	494
3	168746145	692
4	75673363	901
4	89883818	870
4	106819053	836
4	145489098	655
5	52195033	752
5	72144005	310
5	95036700	748
5	147854970	712
5	150595073	884
5	156937043	550
5	170901586	929
6	7211818	748
6	19842661	863
6	22004909	965
6	30713580	884
6	32151443	923
6	109266255	765
6	117257018	455
6	140280398	711
6	142668901	493
7	2752152	940
7	20418134	655
7	99630342	95
8	8697658	882
9	4143749	858
9	85126163	972
9	101661650	884
9	119401650	567
10	12277992	803
10	78318879	690
10	81706324	905
10	105656874	543
11	13171236	916
11	86444761	825
12	28320536	831
12	96237570	763
12	115947901	977
13	44842503	936
14	93105953	923
15	49984710	391
15	71612514	932
15	78898932	611
15	84392907	751
16	10709013	970
16	58022625	711
16	75340231	657
17	28413129	141
17	36835079	674
17	38218773	324
17	43924200	603
17	69216687	936
18	8808464	887
19	46294136	465
21	35661745	910
22	18488883	946
22	33335386	877
