chr	pos	RSNUM	ESN	GWD	LWK	MSL	YRI	ACB	ASW	CLM	MXL	PEL	PUR	CDX	CHB	CHS	JPT	KHV	CEU	FIN	GBR	IBS	TSI	BEB	GIH	ITU	PJL	STU
1	17306029	rs9435731	0.113	-1.246	0.327	-0.491	-0.062	-0.207	NA	-0.260	-0.600	-0.170	-0.373	NA	NA	NA	NA	1.294	-1.227	-0.535	-1.229	-0.828	-0.787	-0.145	-0.406	-0.052	-0.326	0.046
1	40060025	rs76841360	1.214	0.984	-0.843	0.422	-0.885	1.130	1.028	0.637	0.416	-0.189	-0.465	-0.404	-0.896	-0.102	0.354	-0.479	0.372	-0.227	-0.192	-0.178	0.623	0.502	2.366	0.387	1.631	0.614
1	45946636	rs4660861	0.263	0.291	0.136	0.112	0.338	-0.180	-0.513	-0.534	-0.175	-0.321	-0.582	-0.098	-0.376	-0.460	-0.272	0.080	-0.880	-1.172	-1.093	-0.793	-1.258	NA	NA	NA	NA	NA
1	60913143	rs72673419	0.720	2.056	0.160	0.548	1.077	1.048	0.109	1.397	1.364	-0.385	0.928	NA	NA	NA	NA	NA	1.540	1.027	0.747	0.962	1.680	0.388	1.738	1.605	-0.270	1.673
1	111738108	rs629619	0.380	0.219	0.399	0.378	0.512	0.159	0.054	0.459	0.641	0.371	-0.123	NA	NA	NA	NA	NA	0.219	-0.733	0.193	-0.100	0.171	0.146	0.176	0.372	0.261	0.047
1	218689155	rs3009947	-0.974	-1.017	-0.125	-0.959	-0.371	-0.828	-0.454	0.255	0.208	0.012	0.163	0.425	0.408	0.206	-0.036	0.589	0.446	0.350	0.562	0.939	0.609	0.774	0.887	0.880	0.947	0.768
1	219924894	rs11118406	-0.503	-0.035	-0.371	0.058	-0.429	-0.584	-0.964	-0.791	-1.056	-0.537	-0.749	0.612	0.815	0.900	1.540	0.820	-1.344	-1.337	-1.746	-0.941	-1.147	-0.259	0.121	-1.159	-0.435	-0.598
1	239901006	rs11579382	0.244	0.305	-0.987	0.122	-0.233	0.541	0.405	0.113	1.056	0.198	0.453	1.022	0.124	0.546	0.383	1.242	0.721	0.773	0.342	0.328	-0.201	0.086	-0.313	-0.474	-0.005	-0.680
2	42433247	rs12466981	0.918	-0.657	0.099	0.086	-0.357	0.342	-0.599	0.188	-1.766	-1.660	1.452	0.191	0.612	-0.633	0.430	-0.187	1.533	1.806	2.254	1.526	1.514	-0.023	0.009	0.670	-0.182	0.757
2	157013035	rs72902175	NA	NA	NA	NA	NA	NA	-0.919	-0.483	-0.253	0.043	-1.474	0.605	0.879	0.834	0.336	1.145	0.921	0.535	-0.679	0.029	-0.165	0.051	0.837	0.962	0.117	0.095
2	218683154	rs2571445	-1.917	-1.847	-1.105	-1.785	-0.407	-1.114	-2.757	-2.110	-0.781	-0.040	-3.481	-0.786	-1.691	-1.123	-1.242	-0.923	-2.005	-1.841	-2.842	-2.186	-2.125	-2.302	-2.047	-1.771	-2.803	-1.605
2	229569919	rs16825267	-0.197	0.724	1.680	0.690	-0.120	0.835	1.394	1.970	0.553	0.317	0.400	0.882	0.903	0.321	0.950	0.760	1.177	1.429	0.391	0.866	1.002	0.935	0.225	0.827	0.580	0.865
2	239872704	rs62191105	NA	NA	-1.112	NA	NA	-1.817	-0.644	-0.664	0.049	0.292	-1.225	-0.219	-0.420	-0.426	-0.531	-1.366	0.003	0.184	-0.292	-0.744	-0.517	0.139	-0.395	-0.710	-0.236	-0.413
3	11640601	rs2442776	-0.284	-1.373	0.161	-0.355	-0.594	-1.062	-0.496	-0.728	-0.436	0.862	-1.417	0.492	0.949	0.685	0.747	0.263	-2.288	-1.624	-1.998	-2.224	-1.564	0.459	-0.127	0.244	0.158	0.697
3	25520582	rs1529672	-0.873	-0.575	-0.238	-1.186	-1.961	-0.741	-0.670	0.346	0.556	-0.588	0.725	0.694	0.555	0.360	0.714	0.478	0.888	1.081	1.156	1.183	1.266	1.288	0.828	1.951	1.347	0.407
3	29472412	rs13073544	0.406	0.987	0.842	0.835	0.349	-0.006	0.788	-0.196	-0.299	-0.213	0.170	-0.999	-1.186	-0.966	0.189	-0.712	-0.108	-0.287	0.174	0.323	0.506	-1.567	-1.164	-0.964	-0.248	-0.870
3	55158224	rs17759204	-0.174	-0.350	-0.719	-0.822	-0.542	0.039	-0.515	-0.345	0.081	0.190	-1.284	0.438	-0.479	0.467	0.224	0.373	-1.050	-1.055	-1.208	-1.477	-1.228	-1.052	-1.376	-0.776	-0.841	-0.808
3	123077042	rs4093840	0.523	0.385	-0.073	0.644	0.904	0.660	0.965	0.436	1.321	1.446	-0.316	-0.081	-0.573	-0.302	-0.661	-0.017	0.205	-0.352	-0.816	-0.534	-0.487	0.802	0.248	0.398	0.614	0.246
3	127961178	rs2955083	0.401	1.317	0.309	1.364	0.735	0.942	1.108	0.182	0.227	1.686	0.260	NA	NA	NA	NA	1.993	2.085	2.651	1.482	-0.226	-0.644	1.102	1.519	1.690	0.756	0.464
3	141147414	rs7650602	-0.486	-0.891	-0.942	0.187	0.305	-0.147	-0.144	-0.907	-0.567	1.046	-0.569	-1.259	-0.630	-0.783	-0.985	-1.947	0.069	-0.196	-0.179	-0.476	-0.412	-1.764	-1.833	-1.881	-1.080	-1.997
3	168746145	rs7642001	2.113	0.489	2.250	1.175	1.900	1.736	1.607	-0.273	-0.017	-1.673	0.949	0.135	0.762	0.102	-0.060	0.329	0.038	0.190	0.398	-0.144	-0.382	1.487	0.908	0.906	1.272	0.377
4	75673363	rs4585380	0.285	-0.361	0.262	0.346	0.968	0.631	-0.004	0.080	0.041	0.258	1.054	0.521	0.111	-0.070	NA	0.757	0.599	0.019	0.416	1.058	0.795	-0.123	-0.300	-0.231	0.074	-0.448
4	89883818	rs7671261	1.105	0.687	0.288	0.644	0.770	0.705	0.479	0.695	0.945	0.243	0.293	0.379	0.418	0.491	0.523	0.782	0.660	0.305	0.839	0.471	0.336	0.008	0.714	0.230	0.701	0.241
4	106819053	rs34712979	NA	NA	NA	NA	NA	0.959	0.308	0.544	0.874	-0.054	0.293	NA	NA	NA	NA	NA	0.377	0.521	-0.165	0.103	-0.086	1.259	1.382	0.837	1.035	0.620
4	145489098	rs13140176	0.923	0.558	0.798	1.090	NA	-0.377	0.024	-0.500	-0.805	-0.075	-0.334	-1.228	-0.531	-0.640	-0.531	-1.037	-0.733	-0.185	-0.273	-0.430	-0.781	-1.545	-0.974	-1.069	-1.030	-0.840
5	52195033	rs1551943	-0.566	-0.534	-0.327	-1.105	-0.334	-0.222	0.146	0.805	0.031	-0.543	-0.571	-0.571	-0.845	-0.123	-0.010	-0.119	0.218	1.027	1.011	0.421	0.525	-0.931	-0.594	-0.762	-1.200	-1.185
5	72144005	rs34651	NA	NA	0.461	NA	NA	NA	-0.048	-0.100	-1.256	-0.254	-0.168	-0.292	-0.823	0.032	-0.411	-0.099	-1.342	-0.769	-0.768	-1.349	-0.401	-1.288	-0.532	-2.680	-0.109	-1.141
5	95036700	rs153916	-1.325	-0.566	-0.995	-1.177	-0.795	-1.124	-0.841	1.277	0.567	2.013	0.641	0.543	0.151	0.349	-0.237	0.720	0.968	0.727	1.245	0.492	1.152	0.440	0.038	0.537	0.375	0.093
5	147854970	rs10037493	1.440	0.853	1.098	0.782	1.369	0.892	0.741	1.186	0.542	0.039	1.370	0.402	0.425	0.481	0.959	0.598	1.830	1.756	1.366	2.098	1.239	1.554	1.891	1.433	1.045	1.601
5	150595073	rs979453	1.082	0.969	0.689	1.062	0.442	-0.072	-0.216	-1.308	-1.545	-0.582	-0.825	-0.153	-0.246	0.047	-0.743	-0.068	-0.500	-0.442	-0.624	-0.465	-0.154	-0.505	-0.681	-0.717	-0.321	-0.592
5	156937043	rs10866659	-0.035	0.916	1.682	-0.065	-0.104	0.924	0.692	0.099	0.387	0.749	-0.161	0.123	-0.145	-0.133	0.224	-0.293	-0.686	0.259	-0.197	0.087	0.104	0.123	0.042	-0.139	0.215	0.006
5	170901586	rs12519165	0.050	-0.545	-0.450	0.335	0.103	-0.105	-0.757	-1.487	-0.731	-0.414	-1.468	0.388	-0.153	-0.153	0.326	-0.276	-0.975	-0.643	-0.773	-0.845	-0.667	0.288	0.245	0.336	0.120	0.487
6	7211818	rs1334576	1.225	1.955	1.168	1.396	0.236	1.491	1.183	-0.089	-0.186	0.401	0.654	-0.290	0.298	-0.277	0.627	-0.081	0.206	-0.380	0.255	0.362	0.864	-0.596	-0.450	-0.666	-0.638	-0.489
6	19842661	rs9350191	-0.635	-0.422	-0.208	-0.276	-1.708	-0.427	-0.358	-0.734	-0.352	-1.491	-1.337	1.534	-0.280	0.175	NA	0.964	-0.944	0.553	-1.089	-1.436	-1.350	-0.436	-0.248	0.361	-0.029	0.250
6	22004909	rs13198656	-0.788	-2.478	-1.351	-1.870	-0.696	-1.321	-1.312	-0.211	0.747	0.152	-0.266	1.014	1.237	1.812	-0.274	1.396	0.706	1.025	0.644	0.647	0.945	-1.060	-0.693	-1.313	-0.595	-1.092
6	32151443	rs2070600	NA	NA	NA	NA	NA	-0.199	NA	NA	NA	NA	NA	-2.523	-1.954	-2.054	-0.469	-2.249	NA	-1.104	NA	-1.755	NA	-2.008	-2.376	-1.787	-3.090	-0.477
6	109266255	rs2806356	NA	0.491	1.381	NA	0.949	-0.331	0.783	0.363	0.137	0.560	0.616	0.259	0.123	0.435	0.659	0.666	0.331	0.392	0.998	0.579	1.064	0.496	0.592	0.672	0.732	0.733
6	117257018	rs674621	1.206	0.665	1.200	0.777	0.621	0.128	0.383	-0.041	-0.192	-0.219	-0.077	-0.399	0.176	-0.312	-0.114	-0.109	0.119	-0.050	0.407	0.065	0.037	0.322	0.587	1.053	0.444	0.518
6	140280398	rs646695	0.088	0.467	-0.051	-0.205	0.014	-0.046	-0.118	-1.037	-0.259	-0.213	-1.870	0.171	0.613	0.077	-0.636	0.230	-0.930	-0.434	-1.887	-1.316	-1.593	-1.677	-1.435	-1.455	-1.341	-1.798
6	142668901	rs9399401	-0.901	-0.906	-0.116	-0.622	-0.215	-0.036	0.135	1.673	1.894	-0.103	3.108	-0.025	-0.189	-0.005	0.034	-0.049	2.298	1.118	1.810	2.220	1.789	1.339	2.146	1.811	1.919	2.380
7	2752152	rs798565	0.401	-0.537	1.227	-1.207	0.729	0.495	0.244	0.187	-1.721	-0.821	-0.737	0.815	0.041	0.138	0.525	0.003	0.045	0.129	-0.297	-0.770	-0.063	-0.445	0.181	0.236	-0.991	-0.645
7	20418134	rs2040732	-1.595	-1.364	-2.361	-1.861	-2.437	-1.538	-1.144	0.438	-0.134	-0.021	0.916	1.291	1.886	1.618	1.278	1.268	2.535	2.411	1.741	1.403	1.223	1.271	0.761	0.032	0.590	0.396
7	99630342	rs2897075	1.030	1.864	0.741	2.067	2.079	1.376	0.807	0.159	0.065	-0.642	0.131	0.358	-0.039	-0.095	-0.542	0.047	0.202	0.558	0.244	0.209	0.165	0.347	0.670	0.380	0.431	0.027
8	8697658	rs9329170	0.217	0.063	0.826	0.755	0.457	0.226	0.215	0.398	1.559	1.409	0.810	NA	NA	NA	NA	NA	0.424	0.469	1.100	1.267	1.317	0.665	-0.351	-0.020	0.749	0.928
9	4143749	rs10114763	-0.541	-0.705	-0.355	-0.349	-0.801	-0.826	-0.645	0.688	1.224	1.378	0.379	0.346	0.901	0.936	1.157	0.831	0.130	0.478	0.310	0.262	-0.199	0.170	0.207	0.092	-0.298	-0.172
9	85126163	rs7866939	-0.259	0.378	-0.451	-0.305	-0.153	0.131	0.522	1.753	1.340	0.684	2.027	0.337	0.248	0.220	0.532	0.771	1.755	1.346	1.314	1.423	1.205	1.278	2.205	1.526	1.635	1.632
9	101661650	rs10760580	-2.166	-1.838	-0.574	-1.162	-1.086	-1.846	-2.041	-0.967	-0.896	-0.804	-0.601	-1.141	-1.427	-1.229	-0.637	-1.464	-0.651	-0.366	-0.902	-0.080	-0.195	-1.214	-1.327	-0.939	-1.102	-1.081
9	119401650	rs803923	-0.222	1.558	1.077	0.483	0.663	-0.059	-0.200	0.381	-1.046	-0.557	0.002	1.945	0.745	1.573	1.569	1.129	1.634	1.610	1.956	1.846	0.944	-0.268	0.226	0.267	-0.061	0.437
10	12277992	rs7068966	0.509	0.170	0.342	-0.451	0.489	-0.647	-0.883	0.177	-1.093	0.547	-0.670	0.522	0.178	-0.171	-0.566	-0.291	0.254	0.034	0.326	-0.137	-0.316	-0.744	-0.224	-0.743	-0.933	-0.813
10	78318879	rs2579762	0.108	0.805	0.272	0.590	-0.134	0.354	0.100	-0.668	-0.686	-0.958	-0.747	0.370	0.441	0.314	0.456	0.263	0.108	-0.118	0.102	-0.172	-0.148	-0.675	-0.864	-0.523	-0.893	-0.807
10	81706324	rs721917	-1.807	-1.727	-0.784	-1.813	-1.478	-1.355	-1.222	-0.224	-0.043	-0.753	0.223	-0.142	-0.442	-0.282	-0.702	-0.176	0.353	0.618	0.421	-0.114	-0.029	0.302	0.837	0.242	0.327	0.608
10	105656874	rs1570221	-0.241	-0.816	-0.322	-0.178	0.027	-0.057	-1.189	-0.539	-1.079	-1.120	-0.784	-0.399	-0.578	-0.469	-0.909	-0.064	-0.068	0.259	0.058	-0.345	-0.232	-0.559	-0.416	-0.833	-0.689	-1.079
11	13171236	rs4757118	-0.212	0.721	-1.185	0.462	1.113	0.105	-0.219	-0.811	-0.601	-0.092	-1.052	0.558	0.872	0.595	-0.024	0.500	-0.319	0.231	-0.239	-0.538	-0.026	1.210	0.704	0.802	0.890	0.579
11	86444761	rs117261012	NA	NA	NA	NA	NA	1.852	1.824	0.453	0.435	0.170	0.464	NA	NA	NA	NA	NA	0.899	1.203	1.774	1.666	1.860	0.961	0.846	0.557	1.741	1.153
12	28320536	rs11049386	NA	NA	NA	NA	NA	0.211	0.697	0.757	0.939	0.465	0.575	0.236	-0.853	-0.750	0.664	0.766	0.013	-0.677	-0.214	-0.131	0.040	0.995	0.212	0.247	0.376	0.714
12	96237570	rs7307510	0.081	1.060	0.412	0.516	0.504	1.091	0.555	0.292	0.562	-0.171	-0.670	0.134	0.653	-0.011	-0.700	-0.268	-0.825	0.048	-0.350	-1.247	-1.182	-0.823	-1.211	-1.137	-0.548	-0.393
12	115947901	rs7958945	-0.497	0.827	-0.183	0.251	-0.284	0.507	0.678	-0.597	-0.218	-1.050	0.755	0.239	-0.120	-0.035	-0.030	0.395	0.482	0.449	0.154	0.226	-0.313	0.625	-0.008	0.298	0.597	0.431
13	44842503	rs9525927	-0.425	0.853	-0.114	0.621	0.963	0.878	0.979	-0.321	-0.108	0.020	-0.670	-0.887	-0.933	-1.324	-1.555	-1.123	-0.874	0.338	-0.882	-0.703	-0.243	-1.375	-0.497	-1.023	-0.499	-1.259
14	93105953	rs72699855	-0.336	0.658	-0.758	-0.013	-0.018	0.389	-0.328	-0.464	-0.191	1.392	-1.592	NA	NA	NA	NA	-1.033	-0.897	-1.317	-1.044	-1.166	-0.800	-1.366	-0.893	-1.610	-1.216	-1.398
15	49984710	rs72731149	-1.261	-1.567	-1.391	-0.458	-1.384	-0.576	-1.195	-0.851	-0.258	0.930	-0.139	1.151	1.231	0.994	0.564	1.423	-0.966	-0.401	-0.444	-0.847	-0.061	0.500	0.192	-0.365	-1.066	1.493
15	71612514	rs1441358	-1.252	-1.485	-1.781	-1.563	-1.408	-1.887	-1.682	-1.728	-1.236	-1.126	-0.910	-0.380	-0.683	-1.122	-1.103	-0.669	-0.788	-1.169	-0.863	-1.423	-0.906	-0.709	-0.820	-0.407	-0.547	-0.525
15	78898932	rs55676755	0.947	1.365	0.560	0.947	0.953	0.335	0.926	-0.712	0.205	0.488	-0.567	-0.120	0.885	-0.838	-0.388	-0.146	-0.584	-0.572	-0.448	-1.155	-1.192	0.613	0.323	0.409	0.343	0.893
15	84392907	rs10152300	-1.169	-0.462	-1.140	NA	-1.363	-0.358	-0.282	-0.304	-0.266	0.426	-1.211	-0.303	-0.051	-0.830	-0.128	0.350	-1.059	-1.135	-0.871	-1.480	-0.906	-0.530	-0.038	-0.161	-0.782	-0.038
16	10709013	rs56134392	0.087	-1.818	-0.011	-1.191	-0.312	-0.952	-1.100	-0.015	1.054	1.410	-1.557	0.381	0.300	0.696	1.412	0.429	-1.136	-1.042	-1.198	-2.156	-1.569	-1.151	-0.806	-0.591	-1.315	-0.774
16	58022625	rs8044657	0.211	-0.197	-0.580	-0.525	-0.402	-0.074	-0.011	0.566	0.708	0.916	0.469	-0.326	0.568	-0.526	-0.296	-1.359	-0.220	-0.161	-0.199	0.047	-0.229	-0.317	0.142	-0.225	0.441	-0.258
16	75340231	rs4888379	1.407	0.779	-0.045	1.167	0.343	0.926	0.432	0.110	-0.251	0.153	-0.527	0.252	0.796	0.524	0.994	0.163	0.564	-0.585	-0.435	0.228	0.731	0.260	1.465	1.473	0.517	1.257
17	28413129	rs8080772	NA	0.318	0.250	0.529	NA	0.393	0.353	0.699	0.607	-0.237	0.090	1.878	0.796	1.090	1.820	1.113	-0.152	0.026	0.084	-0.076	0.365	0.892	0.778	0.803	0.621	0.922
17	38218773	rs62065216	-0.693	-2.046	-1.199	-1.592	-1.074	-1.853	-1.354	-0.600	0.330	1.270	-0.606	-0.592	-0.526	-0.808	-0.616	-1.312	0.127	0.076	0.032	0.088	0.819	0.501	0.644	0.720	1.220	0.446
17	43924200	rs12373142	NA	NA	NA	NA	NA	-1.103	NA	-0.784	-0.605	-1.040	-1.652	NA	NA	NA	NA	NA	NA	-0.792	-0.747	NA	-2.346	-0.282	0.206	0.734	-0.020	0.480
17	69216687	rs11655567	1.022	1.377	0.933	0.411	0.145	0.015	0.436	-0.185	0.040	0.588	-0.334	-0.312	-0.435	-1.044	-0.782	-0.270	-0.438	-0.492	-0.926	-0.618	-0.343	0.094	0.037	-0.445	0.380	-0.314
18	8808464	rs647097	1.069	0.236	0.242	0.679	0.451	0.742	0.159	1.543	2.123	-0.338	1.323	-0.003	0.200	0.404	0.395	-0.451	-0.148	0.261	-0.199	0.850	1.592	-1.129	-1.017	-0.984	-0.737	-1.628
19	46294136	rs72626215	1.005	-0.705	-0.138	-0.229	-0.228	-0.100	-0.535	-1.034	-0.926	-0.089	-0.780	-1.814	-1.588	-1.074	-0.793	-1.543	-1.677	-0.970	-1.036	-1.572	-1.613	-1.576	-1.084	-1.927	-1.931	-1.293
21	35661745	rs2096468	-0.354	-0.577	-0.361	-1.308	-0.766	-0.561	-0.270	-0.028	0.359	-0.501	0.161	0.780	1.645	1.374	1.792	1.932	-0.078	0.607	0.837	0.266	0.248	0.077	-0.750	-0.680	-0.153	0.150
22	18488883	rs9617650	-0.330	-0.772	0.022	0.046	0.051	0.087	-0.262	-0.461	-0.188	0.282	-0.480	0.507	0.652	0.614	1.295	-0.513	-0.117	0.408	-0.384	-0.659	-0.997	0.855	0.430	0.953	0.874	0.980
22	33335386	rs73158393	0.693	NA	1.006	NA	NA	-0.081	-1.508	-0.944	-0.407	0.073	-1.038	-0.764	-1.163	-0.925	-2.180	-0.540	-0.699	-0.702	-0.433	0.204	0.169	-0.080	0.162	-0.430	-0.336	-0.461
