chr	pos	RSNUM	ESN	GWD	LWK	MSL	YRI	ACB	ASW	CLM	MXL	PEL	PUR	CDX	CHB	CHS	JPT	KHV	CEU	FIN	GBR	IBS	TSI	BEB	GIH	ITU	PJL	STU
1	7917076	rs707475	0.584	-0.020	0.434	0.337	0.309	-0.067	-0.040	-0.093	1.045	1.873	0.985	0.429	1.565	1.214	1.295	1.275	0.035	-0.663	0.392	0.736	0.708	1.547	2.121	1.754	0.544	0.704
1	10566215	rs616488	-2.028	0.346	0.022	-1.626	-1.796	-0.638	0.021	-0.106	-0.375	-0.754	0.456	-0.538	-0.196	-0.262	-0.707	-0.452	0.212	0.206	-0.049	0.255	0.670	-0.877	-0.585	-1.236	-0.410	-1.171
1	18807339	rs2992756	0.164	0.164	0.219	0.695	-0.369	-0.505	-0.763	1.276	0.477	0.651	0.223	0.685	0.389	0.227	0.080	-0.140	0.209	1.009	0.498	0.194	0.568	0.644	0.821	0.707	0.449	1.075
1	41380440	rs4233486	-0.420	-1.388	-0.598	-1.180	-1.364	-0.435	-0.309	2.056	1.563	1.995	0.542	0.365	0.736	0.565	0.312	0.614	-0.275	-0.064	0.156	0.281	1.051	0.283	-0.454	-0.235	-0.289	-1.395
1	41389220	rs114282204	NA	NA	NA	NA	NA	NA	-1.859	NA	NA	NA	-0.459	NA	NA	NA	NA	-0.386	-1.606	-0.707	-0.951	-1.673	0.223	NA	-1.125	NA	2.827	NA
1	88156923	rs17426269	-0.690	0.532	0.239	-0.021	-0.008	0.184	0.262	1.098	0.779	1.495	0.574	NA	NA	NA	NA	NA	0.195	0.106	-0.579	0.398	0.501	1.300	0.654	1.205	-0.258	1.369
1	88428199	rs2151842	0.035	-0.570	-0.100	0.339	0.097	-0.926	-0.255	0.873	1.915	-0.051	0.646	2.253	1.751	2.433	2.001	2.105	0.896	1.314	1.530	1.269	0.937	0.818	0.579	-0.141	-0.269	0.912
1	100880328	rs612683	2.348	1.932	1.858	1.700	2.226	2.409	0.900	0.253	-1.064	-0.293	0.432	-0.824	0.152	0.585	0.206	0.361	0.806	-0.132	0.318	1.125	0.008	-0.797	-0.330	-0.303	-0.312	-0.277
1	114445880	rs7513707	NA	NA	1.535	NA	NA	1.188	1.594	-0.199	-0.679	-1.197	-0.001	-1.040	-1.325	-1.233	-1.319	-0.699	0.359	0.068	0.765	0.280	0.881	0.539	0.507	0.250	0.900	0.416
1	118141492	rs12406858	-0.548	-0.215	-0.552	-0.376	-0.056	-0.773	-0.447	1.186	-0.031	-0.043	-0.345	-1.508	-0.444	-0.854	-1.313	-0.934	-1.127	-0.927	-0.426	-0.615	-0.200	-0.392	0.186	-1.047	0.651	-0.844
1	120257110	rs637868	0.889	0.481	1.763	0.936	1.078	1.255	1.136	0.697	0.281	-0.580	0.714	1.617	1.426	1.500	0.833	1.877	-0.118	0.365	-0.388	-0.088	0.169	0.626	0.732	0.147	0.218	0.016
1	121280613	rs11249433	NA	NA	NA	NA	NA	NA	NA	NA	NA	NA	NA	NA	NA	NA	NA	NA	NA	NA	NA	NA	NA	NA	NA	NA	NA	NA
1	121287994	rs111458676	NA	NA	NA	NA	NA	NA	NA	NA	NA	NA	NA	NA	NA	NA	NA	NA	NA	NA	NA	NA	NA	NA	NA	NA	NA	NA
1	149906413	rs11205303	NA	NA	NA	NA	NA	NA	0.478	NA	0.444	0.922	-1.673	NA	NA	NA	NA	NA	NA	NA	NA	NA	-1.442	NA	NA	NA	NA	NA
1	201437832	rs35383942	NA	NA	NA	NA	NA	NA	NA	-0.749	0.051	-1.186	-0.316	NA	NA	NA	NA	NA	-0.771	-0.085	-0.859	0.176	0.961	NA	-0.879	NA	NA	NA
1	203770448	rs7514172	-1.419	-1.525	-0.688	-1.541	-1.063	-1.917	-1.940	0.404	0.421	2.145	-0.093	0.274	0.431	0.667	0.755	0.404	-0.941	0.285	-0.865	-0.973	-0.574	0.309	0.336	1.244	-0.188	0.067
1	208076291	rs2785646	-0.343	0.756	0.894	-0.602	0.729	-0.102	-0.736	-0.624	-0.501	-0.049	-0.697	-0.794	NA	-1.028	NA	-0.341	-1.966	-0.771	-1.367	-1.730	-1.067	-1.375	-1.365	-1.157	-1.293	-0.952
1	217053815	rs2576261	-0.002	0.355	0.755	0.335	0.914	-0.075	0.785	1.115	0.660	0.960	0.004	-0.684	0.194	-0.374	-0.084	-0.212	0.561	0.270	0.661	0.811	0.115	0.899	0.684	0.289	-0.153	0.738
1	217220574	rs11117758	-0.038	0.066	-0.101	-0.288	0.286	0.253	0.789	1.853	1.559	2.257	1.150	-0.715	1.444	-0.688	1.276	-0.141	0.429	0.379	0.444	1.260	0.840	0.534	0.881	0.848	0.676	0.888
1	220671050	rs11118563	NA	NA	0.588	-0.688	NA	1.105	1.306	0.677	0.199	0.340	0.489	-0.263	-0.788	-0.103	-0.127	0.177	0.782	0.348	0.413	0.611	0.768	0.823	0.832	0.926	1.449	-0.519
1	242034263	rs72755295	NA	NA	NA	NA	NA	NA	-0.747	-0.760	-0.260	NA	-0.281	NA	NA	NA	NA	NA	-0.117	-0.522	-0.897	0.231	0.175	0.028	NA	NA	NA	0.098
2	19315675	rs6743383	0.568	0.482	0.700	0.324	0.854	0.556	0.726	-0.206	-0.393	0.208	-0.104	-0.995	-0.560	-0.906	-0.523	-1.024	0.000	0.067	0.278	0.365	0.372	0.581	1.522	1.012	1.321	1.129
2	25129473	rs6725517	-0.138	-0.262	-0.333	0.288	-0.196	0.056	1.153	2.284	2.381	2.602	1.393	1.437	1.672	1.737	1.031	1.448	1.086	1.669	1.422	1.133	1.205	2.067	0.898	0.753	1.335	0.761
2	29179452	rs12472404	0.347	0.029	-0.144	0.180	-0.318	0.807	0.455	-0.047	-0.838	-0.849	0.722	-0.614	-0.038	-0.022	-0.013	0.266	1.177	0.207	1.360	0.877	1.476	1.330	1.424	1.901	1.455	1.456
2	29615233	rs4322799	-0.661	-0.021	-1.403	-0.290	-0.489	-0.440	-1.063	-0.381	-0.193	0.895	-0.499	4.222	3.038	NA	1.845	0.258	-0.913	-1.408	-1.510	-1.629	-1.820	-0.282	-1.282	-0.397	-0.347	-0.244
2	70172587	rs6756513	-2.115	-0.898	-2.120	-1.915	-2.059	-2.164	-1.874	0.172	-0.030	0.279	0.367	-0.901	-0.472	-0.564	-0.592	-0.946	0.687	0.803	0.465	0.226	0.873	0.377	0.625	0.399	0.477	0.234
2	88358825	rs1036759	NA	NA	NA	NA	NA	NA	NA	NA	NA	NA	NA	NA	NA	NA	-0.146	NA	NA	NA	NA	NA	NA	NA	NA	NA	NA	NA
2	121058254	rs6746250	-0.716	-1.683	-0.214	-1.063	-0.906	-0.510	-0.236	0.331	-0.042	-0.275	-0.233	0.200	0.018	0.153	-0.314	0.778	0.299	0.210	0.815	0.283	0.337	-0.067	-0.305	0.226	0.176	0.100
2	121089731	rs17625845	-0.067	0.131	-0.070	-0.420	-0.047	-0.726	-1.470	-0.040	0.495	-0.045	-0.252	0.576	0.381	-0.042	-0.607	1.137	0.626	0.849	1.065	0.421	0.300	-0.061	-0.089	-0.605	0.195	-1.280
2	121246568	rs10179592	3.642	2.830	1.905	2.836	2.050	3.662	3.344	2.510	2.159	1.409	1.376	1.801	1.476	1.773	1.006	1.341	1.812	NA	2.232	2.614	1.802	1.011	1.472	0.792	1.815	0.786
2	172974566	rs17726078	0.122	0.602	-0.113	0.712	0.501	0.470	0.037	-0.514	-0.383	-1.237	-0.368	0.174	2.133	1.969	0.919	1.181	-0.115	0.141	0.153	-0.403	0.181	-0.020	-0.235	-0.360	-0.041	-0.188
2	174212910	rs1550622	1.248	1.261	0.994	1.722	1.527	1.540	2.054	1.380	1.099	1.489	1.812	0.257	NA	NA	0.689	NA	1.772	1.261	1.276	1.526	0.961	1.713	1.255	1.078	1.831	1.149
2	202204741	rs10197246	-1.200	-0.026	-0.730	-0.744	-0.754	-1.180	-0.905	0.318	0.345	0.693	-0.295	-0.781	-1.071	-0.886	-1.245	-0.485	0.255	0.967	-0.302	0.418	0.120	0.557	0.893	0.395	0.351	0.111
2	217920769	rs4442975	0.617	1.452	1.003	0.976	1.531	1.513	1.023	1.763	1.834	2.280	1.112	2.863	2.941	3.914	4.189	2.431	0.351	0.170	1.358	0.860	0.536	1.756	1.363	1.259	1.730	1.541
2	218292158	rs11693806	-0.481	0.178	-1.274	0.252	-0.393	0.582	0.375	1.007	0.311	-0.290	1.220	-0.559	-0.546	-0.148	0.721	-0.642	1.181	1.270	1.412	1.404	1.775	-0.389	0.275	-0.617	-0.607	-0.380
2	218714845	rs3791977	-0.020	0.797	1.829	0.985	-0.065	0.552	0.343	-0.083	-0.639	0.445	-0.307	-0.987	-1.471	-0.508	-0.679	-1.904	-0.811	-0.213	0.299	-0.206	-0.736	0.447	-0.360	0.001	0.125	-0.204
2	241388857	rs4676356	NA	NA	NA	NA	NA	NA	NA	NA	NA	NA	NA	NA	NA	NA	NA	NA	-1.202	-0.248	-1.441	-0.616	-0.916	-0.671	NA	NA	-0.248	NA
3	27353716	rs552647	NA	NA	0.689	NA	NA	1.304	0.274	-0.627	-0.146	-0.425	-0.951	-1.488	-1.380	-1.505	-0.095	-0.357	-0.501	-1.066	-0.818	-0.687	-0.426	-0.545	-0.100	-0.287	-0.399	-0.208
3	29294845	rs112476261	NA	NA	NA	NA	NA	NA	NA	NA	NA	NA	NA	NA	NA	NA	NA	NA	-1.316	NA	-0.960	-1.159	NA	NA	NA	NA	-1.648	NA
3	30684907	rs17838698	1.234	0.772	1.412	0.308	0.619	1.005	0.984	0.623	-1.043	0.192	0.155	-0.905	-0.422	-0.321	-0.594	-0.859	0.343	0.236	0.569	0.326	0.217	-0.142	-0.129	-0.269	-0.301	-0.239
3	46888198	rs56387622	-0.815	-0.607	1.156	-1.020	-0.478	-0.561	-0.511	-0.587	-0.703	0.531	-0.594	-0.101	-0.111	-0.256	0.214	0.160	-0.851	-0.925	-1.298	-0.275	-0.834	0.844	0.916	0.755	0.637	0.587
3	59373745	rs2886671	0.754	-0.563	0.179	1.105	0.963	-1.233	-0.125	-1.088	-1.249	-1.632	-0.201	-2.143	-1.524	-1.423	-1.106	-2.000	-1.253	-1.640	-1.280	-0.482	-0.226	-0.524	-0.286	-1.380	-1.123	-1.399
3	71620370	rs9825432	1.766	0.821	1.649	1.380	1.165	1.183	1.400	-0.477	-0.613	-1.150	-0.003	0.470	-0.349	-0.778	-0.282	-0.572	0.096	0.723	0.384	0.976	0.554	-1.188	-0.902	-0.774	-1.189	-1.352
3	87037543	rs13066793	0.290	-0.268	-0.487	0.855	0.415	0.975	NA	-0.197	0.802	0.793	0.803	0.152	NA	NA	NA	0.030	0.097	0.571	0.586	0.946	0.075	-0.395	0.983	0.435	0.498	0.586
3	99403877	rs639355	-1.661	-1.339	-1.175	-0.974	-1.115	-0.821	-1.185	1.162	1.532	0.507	1.010	1.815	1.941	1.836	1.537	1.665	1.622	1.683	1.974	1.611	1.763	0.907	1.608	0.905	1.462	0.711
3	172285237	rs58058861	0.226	0.263	2.090	0.562	-0.027	0.057	-0.211	0.351	0.084	-0.221	0.521	-0.477	-0.087	-0.227	-0.215	-0.315	0.273	0.561	0.260	1.194	0.479	-0.011	-0.474	-0.103	0.089	-0.277
3	189774456	rs9882792	-2.297	-0.410	-1.627	-1.373	-0.688	-1.030	-0.883	1.155	0.220	0.403	0.967	0.597	0.328	0.603	-0.585	0.506	1.719	0.599	1.062	1.775	1.083	0.785	0.988	1.170	0.762	0.326
4	38784633	rs10012017	-0.703	-1.545	-0.677	-1.281	-0.636	-1.471	-1.257	-0.910	-0.545	-0.615	-0.432	-0.460	1.320	1.016	2.282	-0.091	-0.377	-1.679	-0.934	-0.868	-0.249	0.002	-0.073	-1.106	-0.712	-0.324
4	89240476	rs17014016	-2.460	-1.830	-1.283	-1.610	-1.825	-1.513	-2.091	-1.418	-0.432	-0.784	-1.243	NA	NA	NA	-1.820	-0.521	-1.513	-1.965	-1.238	-1.202	-1.834	-1.083	-1.583	-1.040	-1.417	-1.388
4	106069013	rs62331150	NA	NA	NA	NA	NA	0.117	1.210	0.705	-0.095	-1.228	-0.008	-0.081	-0.183	-0.096	0.847	-0.393	0.046	-0.154	-0.160	-0.291	-0.668	0.699	-0.246	-0.037	-0.416	0.150
4	143467195	rs56039025	0.610	-0.145	0.847	0.483	0.613	-0.016	0.525	1.625	1.221	0.519	0.771	1.398	2.146	2.309	NA	1.846	0.189	1.258	1.100	1.038	2.529	0.405	0.520	1.115	0.475	0.571
4	175842495	rs28436676	-1.438	-0.382	0.004	-0.525	-1.435	-0.686	-0.204	-0.347	0.299	-0.259	0.072	0.138	-0.292	0.294	-0.113	0.420	0.548	-0.324	0.327	0.478	0.668	-0.298	-0.751	-1.100	-0.523	-0.652
4	175847436	rs62334414	0.996	1.313	1.506	0.974	1.448	0.534	0.825	0.830	0.347	0.413	0.408	0.930	0.743	NA	0.875	NA	-0.121	-0.735	-0.355	-0.020	-0.037	-0.172	-0.522	0.057	-0.349	-0.113
5	1279790	rs10069690	-0.290	-0.039	-0.560	0.354	-0.662	0.252	-0.321	-0.218	-0.622	-0.602	0.087	0.261	-0.075	-0.041	-0.110	-0.016	0.097	0.041	-0.083	0.072	0.287	0.358	0.307	0.150	0.152	0.373
5	2777029	rs4866496	-0.363	0.448	0.442	-0.209	-0.241	-0.918	-0.326	0.667	0.656	0.318	0.950	1.598	1.244	1.247	0.428	1.046	1.841	1.031	1.507	1.436	1.650	0.287	0.196	-0.569	0.492	0.439
5	16231194	rs17611291	1.157	0.010	0.489	0.455	0.690	-0.279	-0.455	-0.634	-0.111	0.977	-1.591	1.326	0.406	0.587	0.929	1.598	-0.656	-0.396	-1.085	-0.716	-1.209	0.254	0.360	-0.034	0.035	0.032
5	44619502	rs187108781	NA	NA	-0.084	NA	NA	-0.516	NA	0.240	0.219	0.304	-0.488	NA	NA	NA	NA	NA	0.306	0.870	0.071	-0.302	-0.654	0.132	0.240	0.371	0.663	0.883
5	44649944	rs4613718	-0.432	-0.759	-0.068	-0.326	-0.421	-0.437	-0.272	0.045	-0.176	0.165	-0.460	-0.652	-0.007	0.252	-0.312	0.395	-0.694	-0.816	-0.330	0.381	0.198	-0.172	-0.093	-0.408	-0.124	-0.498
5	44706498	rs10941679	-0.114	-0.194	-0.114	-0.541	-0.005	-0.215	-0.634	0.341	0.260	0.845	0.132	0.999	0.327	0.267	0.611	0.300	0.377	-0.910	0.216	1.199	-0.028	-0.287	-0.207	-0.168	-0.031	-0.315
5	55965167	rs889310	0.427	0.209	0.858	0.275	0.902	0.872	0.423	0.223	0.745	-0.313	0.328	1.208	1.067	1.071	0.859	1.409	0.864	1.033	1.026	0.983	1.006	0.832	0.530	0.666	0.520	0.579
5	56023083	rs16886165	-0.169	0.305	-0.516	0.072	0.044	-0.320	0.074	-1.147	-1.837	0.524	-1.351	0.210	-0.099	-0.428	-0.342	-0.104	-1.843	-2.676	-1.237	-1.586	-0.673	-0.347	-0.219	-0.205	-0.478	-0.126
5	56045081	rs11949391	0.148	-0.456	-0.343	-0.795	0.182	-0.245	-0.066	-0.860	-1.525	-1.114	-0.265	-0.703	-0.300	-1.604	-1.273	-0.256	0.019	-1.442	-1.307	-0.933	-0.371	-2.112	-1.960	-2.015	-1.260	-0.857
5	58241712	rs113778879	2.320	2.493	2.287	2.899	2.698	1.976	2.575	0.265	NA	-0.296	1.263	0.791	1.464	1.556	1.730	0.621	0.987	0.700	1.182	1.647	0.650	0.188	0.230	0.660	0.636	1.358
5	73234583	rs157557	0.754	1.209	0.072	0.609	0.885	0.823	0.333	0.719	0.553	0.665	1.485	-0.007	-0.031	0.280	0.064	0.050	0.864	0.384	1.316	1.429	1.930	1.001	1.277	1.234	0.412	1.220
5	90789470	rs332529	1.143	0.371	0.422	0.829	1.190	0.117	0.159	-0.914	-0.641	-0.388	-1.055	0.149	0.402	0.674	0.824	0.311	-1.324	-1.282	-1.535	-1.513	-1.296	-0.181	-0.647	0.089	-0.359	-0.040
5	104300273	rs17157372	0.867	0.742	0.071	0.472	0.562	0.398	0.010	-0.099	-0.077	-0.728	0.044	-0.383	-0.354	-0.509	-0.352	-0.624	0.350	-0.534	-0.153	0.133	0.455	-0.662	-1.280	-0.936	-0.682	-0.517
5	122478676	rs335160	0.158	-0.598	-0.143	-0.851	-0.177	-0.312	-0.114	-0.142	0.160	1.111	0.258	0.759	1.481	1.654	1.015	0.951	0.513	0.713	0.023	0.519	0.097	-0.433	0.048	0.276	-0.221	-0.066
5	122705244	rs1428387	-0.189	1.273	-0.724	0.085	0.286	0.692	0.527	-0.984	-0.963	0.149	-1.228	-0.007	-1.080	-0.715	0.509	-0.185	0.765	-0.254	NA	NA	0.314	-0.836	-0.716	-0.495	-0.614	-0.549
5	131640536	rs6860806	-0.133	0.304	0.145	-0.813	-0.430	-0.795	0.065	1.599	0.748	0.068	1.360	1.326	1.499	0.857	1.060	NA	1.119	1.497	2.101	2.194	1.715	0.505	0.100	0.439	0.044	-0.371
5	132407058	rs6596100	1.313	-0.466	-0.194	0.623	0.349	0.041	0.727	0.289	0.875	0.701	0.698	-2.465	-1.234	-1.437	-1.782	-1.664	-0.360	-0.845	-0.419	-0.414	-0.436	0.397	-0.423	-0.264	-0.806	-0.577
5	158244083	rs1432679	-0.676	0.401	-0.724	-1.192	-0.307	-0.235	-0.877	0.327	-0.551	1.038	-0.388	-1.015	-1.000	-1.043	-0.949	-0.448	-0.619	-0.387	0.178	-0.234	-0.058	-0.842	-1.170	-0.092	-1.131	-0.842
5	169591460	rs10074269	0.706	0.736	0.227	0.313	-0.320	-0.158	0.183	0.400	0.960	-0.360	1.436	0.160	-0.437	0.103	-0.080	0.301	1.497	0.955	0.796	1.637	1.372	1.248	1.378	0.954	0.537	0.333
5	173358154	rs6864691	-0.499	-1.498	-0.240	-1.015	0.306	-0.874	0.006	1.337	1.960	0.569	1.011	0.609	0.689	0.386	0.672	0.625	0.740	1.347	0.868	0.022	-0.268	0.842	1.100	1.299	0.489	0.925
6	13713366	rs418053	0.676	0.058	-0.787	0.396	0.363	0.524	0.513	1.677	0.766	0.006	1.842	1.140	1.316	1.338	1.087	1.312	2.096	2.470	1.490	1.684	1.553	1.022	0.749	0.330	0.301	0.710
6	16399557	rs3819405	-0.190	-0.222	-0.304	0.163	-0.369	-0.238	-0.283	1.175	2.062	1.449	0.940	1.010	1.700	0.994	1.820	1.050	0.676	0.666	0.265	0.388	0.345	0.363	0.427	0.955	0.739	1.508
6	18783140	rs12211970	-1.063	-0.353	-0.667	-0.578	-0.937	-0.719	-0.207	-0.167	-0.026	-1.058	0.476	0.994	1.358	0.857	1.408	1.368	0.101	0.513	1.226	0.459	0.406	0.188	0.105	0.688	0.479	0.068
6	21923810	rs9358466	0.851	1.209	1.456	1.344	1.217	1.272	1.773	0.433	-0.693	-0.719	0.594	1.743	1.098	1.325	1.698	1.507	0.274	0.815	0.211	0.146	0.264	1.074	1.134	0.680	0.502	1.167
6	27425644	rs34196306	NA	NA	NA	NA	NA	NA	NA	NA	NA	NA	-0.961	NA	NA	NA	NA	NA	NA	-0.517	-1.169	-0.230	-1.009	NA	NA	NA	NA	NA
6	43227141	rs111342015	NA	NA	NA	NA	NA	NA	NA	-0.452	-0.264	0.243	0.661	NA	NA	NA	NA	2.174	1.067	1.491	1.626	1.581	1.122	0.322	1.121	0.555	0.963	1.384
6	87803819	rs73754909	0.783	-0.465	0.805	-0.502	0.944	0.974	1.252	1.835	2.166	1.816	1.997	1.420	1.113	1.465	1.031	1.210	1.366	1.392	1.061	1.891	1.934	1.739	2.203	1.427	1.797	1.293
6	149595505	rs2121348	0.346	-0.494	0.069	-0.134	-0.335	-0.548	-1.283	0.453	0.121	0.296	-0.479	0.397	-1.011	-0.336	-0.477	-0.068	0.429	0.944	0.158	0.304	0.450	-0.492	0.241	-0.353	-0.650	0.567
6	151949806	rs6913578	-0.158	-0.870	0.827	-0.596	-0.226	0.195	0.456	1.016	0.367	1.201	0.458	-1.174	-0.501	-0.971	0.135	-0.857	0.601	-0.289	0.564	-0.033	0.915	0.780	0.442	0.754	0.118	0.091
6	151955914	rs60954078	-0.366	-0.681	1.023	-0.955	-0.087	0.372	1.034	0.436	-0.346	0.370	0.905	-1.327	-0.698	-1.363	-0.139	-0.674	-0.263	-0.110	-0.326	-0.169	0.282	-0.089	0.306	0.326	-0.241	-0.132
6	152023191	rs851984	0.005	0.578	0.096	0.546	0.997	0.199	0.486	0.139	0.739	0.626	0.246	1.929	0.914	0.435	0.980	0.968	-0.606	-0.106	-0.583	-0.253	-0.615	0.598	0.319	0.837	0.830	0.378
6	152055978	rs6904031	-0.329	0.238	-0.356	0.225	0.369	-0.548	-0.551	-0.464	-0.027	-1.170	0.098	0.977	-0.439	0.750	0.508	0.324	1.108	0.387	0.927	0.846	1.072	1.023	1.110	0.726	0.344	0.684
6	152432902	rs910416	-0.208	-0.823	-0.707	-0.895	-0.407	-0.790	-1.560	-0.449	-0.372	-0.226	-0.143	-0.839	-0.804	-0.708	-0.754	-0.864	0.089	-0.002	-0.757	-0.758	-0.854	-1.121	-1.246	-1.340	-1.038	-1.361
6	169006947	rs9364472	0.709	0.089	0.231	0.132	0.722	0.695	0.441	0.796	0.401	0.247	-0.085	0.387	0.504	0.356	0.195	0.205	0.737	0.996	0.698	0.503	0.707	0.079	0.271	-0.030	-0.001	-0.365
7	21940960	rs7971	-0.499	1.309	0.604	0.548	0.958	0.650	-0.025	-0.124	0.762	0.570	-0.797	-0.591	-0.945	-1.010	-0.343	-0.125	-0.847	-0.309	-0.321	-0.644	-1.300	-0.646	0.136	-1.209	-0.289	-0.883
7	25569548	rs289997	NA	NA	-0.873	NA	NA	NA	-0.813	-1.313	-1.194	-0.824	-1.937	-1.065	-0.460	-0.727	-0.307	-0.966	-0.748	-1.075	-1.130	-1.115	-1.239	-0.908	-1.096	-1.373	-0.827	-0.710
7	28869017	rs74765302	0.085	0.022	-1.288	0.324	0.879	-0.697	-0.956	1.002	1.261	0.169	0.638	NA	NA	NA	NA	NA	-0.326	0.912	0.574	0.777	-0.778	-0.477	-0.206	-0.175	0.573	0.656
7	55192256	rs13244925	-1.305	-1.389	-0.950	-1.108	-0.926	-0.623	-0.793	-0.835	-0.956	-0.125	-0.007	0.094	0.620	0.412	-0.287	-0.511	-0.356	-0.019	-0.522	-0.143	0.100	-0.670	-0.775	-0.931	-1.187	-0.407
7	94113799	rs17268829	-0.184	1.995	NA	0.440	0.635	0.216	0.217	0.505	0.179	-0.963	-0.031	-0.604	0.556	0.529	0.893	-0.629	-0.047	-0.400	0.044	0.010	0.889	-0.105	-0.564	0.892	0.697	0.145
7	98005235	rs4439053	-1.495	-1.586	-2.064	-1.456	-1.667	-1.982	-1.268	-0.982	-1.480	-1.717	0.855	NA	-0.725	-0.941	-0.915	-0.650	0.701	0.539	1.385	0.562	1.466	-2.004	-1.517	-1.888	-0.637	-1.119
7	99948655	rs111963714	1.585	0.899	3.115	1.611	1.913	2.861	1.600	0.864	-0.588	1.573	1.050	-2.708	NA	-2.795	-1.618	NA	0.263	0.511	0.992	0.122	1.357	-0.107	-1.332	-0.704	0.765	-0.561
7	101552440	rs71559437	NA	0.862	NA	0.865	0.800	0.627	0.868	-0.769	-0.426	-0.480	-0.331	-0.957	0.323	-0.383	-0.269	-1.423	-0.214	-0.805	-0.087	-0.464	-0.647	-0.311	-0.821	-0.039	0.046	-0.213
7	102481842	rs7800548	-0.598	0.170	-0.750	-0.766	-0.195	-0.684	-1.178	-1.835	-1.215	0.142	-1.953	-1.996	-0.954	-1.644	-0.998	-1.166	-2.503	-0.714	-1.568	-2.246	-1.818	-0.935	-1.308	-0.970	-1.078	-0.916
7	130656911	rs12706954	-1.789	-1.301	-0.903	-1.543	-1.738	-0.636	-1.179	-0.507	0.274	-1.520	0.164	0.824	0.531	0.498	0.526	NA	0.122	0.311	0.505	0.727	0.704	-0.016	-0.204	-0.081	0.338	0.487
7	130674481	rs68056147	-0.290	0.339	-1.169	-0.715	0.547	-0.177	0.010	0.499	-0.207	0.538	0.225	0.876	0.861	0.763	0.763	-0.347	0.435	0.692	0.189	0.000	0.253	-0.339	-0.238	-0.146	-0.778	-0.775
8	23447496	rs1028016	0.762	0.598	1.650	1.577	1.290	1.527	1.607	2.289	2.046	1.682	1.749	0.916	0.973	1.006	-0.100	1.569	1.249	1.139	1.007	1.056	2.307	1.419	1.572	1.515	2.130	1.841
8	23663653	rs310295	-0.324	0.296	-0.152	0.182	0.316	-0.988	-0.865	-0.486	-0.556	0.219	-0.318	-0.762	-1.525	-0.519	-0.615	-0.691	-1.395	-0.921	-1.349	-0.980	-1.376	-0.316	-0.066	-0.004	0.234	-0.403
8	29509616	rs9693444	0.003	-0.963	-0.661	-1.523	-0.330	-0.713	0.421	1.470	1.762	-0.481	1.299	0.682	2.024	1.290	1.569	1.269	1.368	1.230	0.779	1.073	1.201	1.995	1.875	1.716	1.989	1.663
8	36858483	rs13365225	1.285	0.996	1.374	0.781	1.269	0.464	1.069	0.072	-0.281	0.045	-1.442	-0.539	-0.666	-0.405	-0.427	-0.497	0.006	-0.475	-0.536	-0.194	-0.617	-0.275	-0.281	-0.682	-0.621	-0.137
8	76230943	rs1511243	1.026	1.852	1.440	1.875	0.538	2.079	1.421	0.908	0.547	1.059	1.540	NA	NA	0.710	NA	0.008	1.859	1.135	1.042	1.261	0.553	0.389	1.228	0.675	1.630	0.623
8	76333056	rs72658084	0.318	0.366	0.497	1.340	0.190	-0.404	-0.692	0.435	-0.031	NA	-0.202	NA	NA	NA	NA	NA	1.329	0.288	0.229	0.202	-0.284	0.835	0.447	0.234	0.446	1.154
8	76378165	rs1533366	-0.690	-0.483	-0.210	0.193	-0.610	-0.364	-0.951	-0.257	0.341	0.595	-1.277	-0.058	0.410	-0.503	0.491	0.240	-1.387	-0.015	-0.317	-1.057	0.116	-0.359	0.195	-0.234	-0.887	0.259
8	102483100	rs62517052	0.534	0.926	-0.154	0.521	0.056	0.815	0.067	1.338	-0.170	0.380	1.348	NA	NA	NA	NA	NA	1.458	1.136	1.660	2.074	1.504	0.638	1.236	0.414	1.485	1.177
8	106358620	rs12546444	0.096	-0.007	NA	-0.170	0.301	0.555	0.513	-0.299	-0.250	-0.873	-1.416	-0.307	0.223	0.014	1.343	-0.369	-0.013	0.443	0.378	0.468	-0.643	-0.825	-0.895	-0.857	-1.357	-0.774
8	117209548	rs13267382	NA	NA	-0.076	NA	NA	0.078	-1.737	-0.537	0.123	0.397	-1.495	-1.548	-0.497	-0.464	-0.541	-0.576	-1.985	-2.040	-2.215	-2.236	-2.337	-1.356	-1.263	-1.198	-1.501	-1.163
8	120862186	rs62526620	0.770	1.830	1.155	1.273	1.284	1.290	0.772	0.338	0.061	-0.357	0.289	-0.029	0.557	1.945	NA	0.200	1.196	-0.009	0.844	1.355	1.361	0.699	0.796	0.797	-0.153	0.532
8	124563705	rs35542655	-0.235	0.219	0.387	0.617	0.269	0.698	0.962	-0.276	-0.450	-1.243	0.170	0.770	-0.695	-0.767	-0.694	-0.145	-0.767	-0.937	-0.804	-1.449	-0.432	-0.712	-0.936	-0.004	-0.045	-1.149
8	124571581	rs12541094	0.705	0.857	-0.219	1.071	0.795	0.967	0.633	-0.173	0.719	0.167	0.577	1.504	0.752	0.183	0.999	1.024	1.035	0.836	0.621	0.584	0.646	0.322	0.861	0.598	0.507	0.523
8	124739913	rs7842619	-1.396	-1.524	-0.846	-1.315	-1.435	-1.888	-1.086	-0.485	0.454	0.382	0.205	-0.613	-0.017	-0.443	-0.817	-0.569	1.007	0.938	1.341	1.018	0.590	0.247	0.524	1.163	0.469	0.508
8	128370949	rs12550713	-1.476	-1.153	-1.025	-1.099	-1.418	-1.631	-1.480	-0.747	0.698	-0.759	-0.786	-0.228	0.109	-0.606	0.353	-0.212	0.269	-0.433	-0.753	0.170	-0.028	0.094	0.045	0.466	-0.233	0.117
8	129199566	rs1016578	NA	NA	NA	NA	NA	-1.358	-0.750	0.432	-0.161	-0.220	0.020	-0.286	-0.498	-0.110	-0.701	-0.193	0.707	2.444	0.666	1.599	0.804	-0.542	-1.276	-0.634	-0.187	-0.299
9	6880263	rs10975870	NA	1.193	1.298	1.434	1.083	0.884	1.288	0.767	0.656	1.327	0.769	NA	NA	NA	NA	NA	1.219	0.981	0.376	0.732	1.023	2.281	0.437	1.254	2.150	0.759
9	22041998	rs17694493	0.307	-0.638	-0.893	-0.352	-0.285	-0.008	-0.872	1.154	0.062	1.764	0.836	NA	-0.490	-0.806	NA	0.616	-1.117	0.344	-0.443	0.744	0.315	1.320	1.162	1.614	0.528	0.435
9	36928288	rs4880038	-0.030	0.350	0.649	0.460	0.051	0.098	0.058	1.472	0.074	0.753	1.158	1.430	1.956	1.505	1.136	1.896	1.077	0.551	0.771	1.919	1.952	1.009	1.007	0.778	1.035	0.520
9	87782211	rs665889	0.230	-0.025	0.426	-0.117	0.317	0.434	0.803	0.736	0.867	0.920	0.248	1.187	0.950	0.522	0.839	1.399	-0.203	-0.637	-1.395	-0.769	-1.255	0.538	-0.450	-0.065	-0.298	0.012
9	98362587	rs10120432	-0.111	0.148	0.292	-0.058	-0.372	-0.235	0.815	0.561	0.347	-0.004	0.980	0.767	0.894	0.958	0.486	0.509	0.736	1.438	1.484	1.357	0.948	0.627	0.021	0.394	-0.659	-0.185
9	110837073	rs10816625	NA	NA	0.299	NA	NA	NA	1.686	-0.147	-0.084	0.031	1.120	0.274	-0.465	0.189	0.397	0.179	-0.253	-0.705	0.735	-0.088	0.563	0.001	0.294	0.999	0.305	0.453
9	110837176	rs13294895	NA	3.001	1.869	NA	NA	1.060	0.513	0.237	0.394	-0.332	-0.034	NA	0.503	0.673	0.438	-0.285	0.352	-0.144	0.128	0.450	0.193	0.461	0.538	0.284	0.217	0.512
9	110849525	rs7848334	NA	-1.369	0.221	NA	-0.985	-1.047	-0.673	-0.528	-0.522	0.314	-0.866	NA	NA	NA	NA	NA	-0.773	-1.130	-0.902	-0.867	-0.982	-0.721	-1.022	-1.009	-0.949	-1.348
9	110885479	rs630965	1.934	1.039	1.638	1.707	1.973	1.574	1.244	2.094	1.024	0.893	1.191	-1.196	-0.953	-1.655	-0.400	-1.999	1.593	1.839	1.865	1.990	1.617	0.995	1.335	1.461	0.915	1.710
9	119313486	rs1895062	-0.954	0.015	1.361	0.622	0.132	0.821	0.605	0.435	1.475	1.468	-0.056	0.614	0.923	0.912	0.411	0.717	-0.365	-0.472	-0.240	-0.588	-0.690	1.107	0.928	1.066	1.329	0.776
9	129424719	rs3861871	-0.631	-1.657	-1.172	-0.902	-1.590	-1.159	-1.118	0.406	0.449	-0.274	0.033	-0.233	-1.235	-0.121	0.051	-0.225	-0.336	-0.678	-0.162	-0.006	0.318	-0.920	-0.419	-0.198	-0.498	-0.559
10	5794652	rs55910451	-0.206	-0.511	1.091	-0.702	-0.106	-0.094	0.857	0.057	-0.545	0.629	0.686	0.929	0.879	0.710	0.214	0.864	0.860	0.159	0.229	0.806	-0.421	-0.313	-0.492	-0.381	-1.131	-0.938
10	13892298	rs10796139	-1.284	-1.866	-1.197	-1.284	-1.605	-0.627	-0.538	-0.601	-0.489	-1.165	0.316	-1.310	-0.487	-1.592	-0.719	-0.915	0.483	0.488	0.602	-0.296	0.380	-0.798	-0.746	-0.567	-0.761	-0.527
10	22032942	rs7072776	0.001	0.021	0.113	-0.109	0.341	0.121	-0.302	0.306	0.823	2.189	0.362	-0.721	-0.168	-1.583	NA	-0.289	0.290	-0.220	0.064	0.060	0.414	-0.182	-0.736	-0.753	-0.348	0.235
10	64299890	rs10995201	1.132	0.156	0.463	0.909	0.945	0.210	0.225	0.923	0.831	1.869	0.394	-0.605	0.563	NA	-1.766	-0.876	-0.531	-0.627	-0.223	0.053	0.432	1.022	0.558	0.684	0.513	0.458
10	64819996	rs6479868	0.304	0.534	0.145	-0.384	0.009	0.092	-0.052	-1.928	-0.489	-2.998	-0.504	-0.832	0.052	0.396	0.202	0.381	-0.706	-1.088	-0.643	-0.847	-0.989	0.222	0.023	-0.229	0.096	0.312
10	71335574	rs111833376	0.946	0.862	-0.629	0.661	0.225	-0.337	-1.290	-0.213	0.011	0.229	0.179	0.498	0.013	0.490	-0.773	0.420	0.430	-0.107	0.683	0.719	0.645	0.060	-0.505	-0.590	-0.601	-0.251
10	80851257	rs719338	0.885	1.205	0.694	1.911	1.695	2.103	1.438	-0.826	-0.456	-0.299	-0.102	0.021	-0.571	-0.017	-0.070	-0.119	-0.680	-0.188	-0.768	-0.619	-0.264	-0.551	-0.250	-0.489	-0.279	0.331
10	80886726	rs4980029	-1.682	-2.198	-0.745	-1.968	-1.420	-1.326	-1.672	1.363	0.924	1.213	0.559	1.475	1.601	1.457	1.322	1.144	-0.984	-0.834	-0.671	-1.000	-0.650	1.182	1.541	1.337	1.391	1.444
10	114777670	rs10885405	1.035	1.675	1.759	1.032	1.234	0.920	1.476	2.059	1.714	3.324	1.963	0.991	1.863	NA	2.697	1.099	1.847	2.709	1.729	1.538	1.902	1.684	1.399	2.056	2.142	1.765
10	115128491	rs12250948	0.616	-0.615	0.481	0.423	0.012	-1.388	-1.336	-1.135	-0.224	0.062	-1.995	0.216	0.547	0.078	-0.095	-0.271	-1.277	-1.715	-1.348	-1.119	-1.619	-0.242	-0.300	-0.042	-0.965	0.375
10	123095209	rs9421410	0.133	0.304	0.236	-0.004	0.366	-0.292	0.254	0.095	-1.064	-1.506	-0.412	0.297	-0.292	0.222	-0.651	-0.076	0.140	-0.639	-0.000	-0.034	-0.635	-0.963	-0.839	-0.609	-0.934	-1.539
10	123340107	rs45631580	-0.591	-0.520	-1.092	-0.372	-0.559	-0.774	-0.564	1.319	-0.009	0.182	0.837	-0.176	-1.195	-0.264	0.353	-0.447	-0.134	-0.535	1.037	0.400	0.682	0.717	0.240	0.806	0.504	0.548
11	803017	rs6597981	-0.733	0.520	-0.502	-0.120	0.112	-0.948	-0.989	-1.074	-1.838	-1.133	-1.386	0.098	-0.135	-1.142	-1.295	-0.621	-0.503	-0.965	-0.353	-0.151	0.295	0.441	0.990	0.115	0.424	0.016
11	18664241	rs10832963	0.827	1.382	1.906	1.680	0.738	1.189	0.771	-0.950	0.546	1.139	-1.114	-0.608	-0.179	0.145	0.397	-0.016	-1.694	-0.711	-1.138	-1.613	-1.715	0.613	0.716	0.537	0.425	0.483
11	42844441	rs4472923	-0.809	-0.449	-0.726	0.286	-0.208	-0.752	-0.470	-0.529	0.158	0.236	-0.265	-0.915	-0.872	-0.742	-0.029	-0.331	-0.695	-0.114	-0.723	-0.339	-0.547	-0.382	-0.850	-0.877	-0.715	-0.740
11	44368892	rs10838267	0.137	-0.643	0.202	-1.640	-0.644	-0.904	-0.813	0.255	0.697	0.642	0.300	0.470	0.188	0.376	0.088	0.645	0.070	0.162	-0.033	0.150	0.462	0.721	0.857	0.559	0.602	0.810
11	46318032	rs77047825	NA	NA	NA	NA	NA	NA	NA	-0.082	0.434	0.267	-0.196	NA	NA	NA	NA	NA	0.009	0.255	0.493	-0.844	0.072	NA	NA	NA	NA	NA
11	65553492	rs12287832	0.273	0.383	-0.798	0.135	-0.158	0.914	-0.657	-0.711	1.086	1.610	-0.168	-0.191	0.201	-1.243	-1.004	-0.426	-0.308	-0.396	0.075	-0.475	-0.203	0.870	0.940	0.468	0.887	1.364
11	65572431	rs10896047	0.439	0.412	1.187	1.037	0.829	0.803	0.464	0.531	1.671	1.756	0.055	-0.909	-0.702	-0.588	-0.145	-0.876	0.022	-0.108	-0.466	-0.113	-0.457	0.267	-0.075	0.486	0.234	0.386
11	69328130	rs35039974	-0.440	-0.107	-0.495	-0.921	-1.044	-0.317	-0.274	0.215	-1.416	-1.456	-0.849	-0.826	-0.937	-0.795	-1.180	-1.474	0.682	0.800	0.703	1.089	1.137	-0.413	0.554	0.052	0.111	0.386
11	69330983	rs661204	-0.914	-0.422	-0.905	-1.110	-1.157	-1.209	0.126	1.407	0.604	-0.766	-0.019	0.517	NA	NA	NA	0.918	0.796	-0.184	1.093	0.610	1.341	0.289	0.860	1.205	0.174	0.316
11	103614438	rs7125780	0.614	-0.026	1.389	0.891	0.627	0.724	0.611	-0.890	-0.258	-0.931	-0.566	0.356	-0.283	0.330	1.096	0.446	0.607	-0.389	-0.206	0.889	-0.388	0.388	0.102	-0.022	0.169	-0.452
11	111696440	rs610437	0.586	0.553	1.438	0.666	0.333	1.502	0.417	0.061	-0.609	-0.145	-0.388	0.432	0.148	NA	NA	-0.910	-0.055	-0.006	0.696	0.163	0.259	-0.984	-0.613	-0.512	-0.204	-0.116
11	116727936	rs625145	0.953	1.304	1.226	1.543	1.353	0.900	0.484	-0.312	0.377	1.024	-1.085	-0.627	-0.560	-0.781	-0.703	-0.803	-1.249	-0.431	-1.672	-0.603	-0.653	0.631	0.529	-0.142	0.221	0.480
11	122966626	rs7121616	0.242	0.705	0.946	0.566	0.343	0.571	-0.863	-0.505	-0.109	-0.749	-0.277	-0.158	-0.334	-0.561	-0.813	-0.563	0.943	-0.288	-0.095	-0.044	-0.064	-0.289	-0.132	-0.088	-1.000	-0.247
11	129243417	rs7939702	0.538	-0.113	-1.239	0.401	0.558	0.081	0.471	-0.038	0.116	0.166	-0.279	-2.658	-1.241	-2.015	-0.962	-1.739	-0.919	-1.772	-0.494	0.388	0.018	0.153	-0.620	NA	0.180	0.079
11	129461016	rs11822830	-1.148	-1.001	-1.800	-0.867	-0.612	-0.388	-0.523	-0.081	0.169	0.075	0.418	1.249	0.746	1.047	0.100	NA	0.683	-0.409	0.401	0.170	0.390	-0.328	-0.755	-0.843	-0.226	-0.599
12	293626	rs797736	0.565	0.943	0.862	1.287	0.856	0.528	0.671	0.752	0.609	0.984	0.504	0.012	0.243	-0.018	0.251	0.387	1.135	1.528	1.017	0.329	0.226	0.842	0.486	0.567	0.483	0.885
12	14413931	rs12422552	-0.259	0.194	-0.616	-0.454	-0.766	-0.927	-1.016	0.198	-0.611	-0.356	-0.329	-0.447	-0.269	-0.390	-0.765	-1.071	0.506	0.848	0.658	0.224	0.341	-0.323	-0.296	-0.676	-0.636	-0.572
12	28149568	rs788458	-0.772	-0.038	-0.546	-3.359	NA	-1.590	-0.169	-0.306	-0.606	-0.690	0.462	-1.549	-1.681	-1.694	-1.814	-1.940	-0.512	-0.662	0.174	-0.493	-0.611	-2.797	-1.062	-2.003	-0.938	-2.206
12	28347382	rs11049431	NA	NA	NA	NA	NA	-0.585	0.321	0.795	1.085	-0.094	0.532	NA	NA	NA	NA	NA	-0.654	-0.488	-0.348	-0.534	-0.310	0.616	-0.460	0.196	-0.040	0.545
12	29140260	rs1027113	NA	NA	-0.202	NA	NA	NA	NA	-0.332	-0.540	NA	-0.057	-0.818	-0.743	-0.697	-1.273	-1.071	-0.260	0.004	0.368	-1.444	-1.038	-1.018	-0.736	-1.013	-0.532	-0.534
12	57146069	rs2277339	0.252	1.117	0.693	0.816	0.624	0.437	0.998	1.425	0.865	-0.115	-0.009	1.282	1.650	1.708	1.506	1.560	-0.207	0.557	0.212	0.118	1.299	0.963	1.555	1.361	0.552	1.149
12	70798355	rs2870876	-0.061	-0.248	-0.777	0.171	-0.379	1.593	0.736	0.297	0.167	0.034	-0.263	-1.205	-0.963	-1.688	-1.310	-0.569	0.659	0.233	-0.431	0.563	-0.108	0.053	-0.656	0.281	0.389	-0.382
12	96027759	rs17356907	-1.113	-0.404	-1.192	-0.320	-0.526	-0.364	-0.960	-1.364	-1.877	-0.814	-2.317	-0.132	0.151	0.414	0.509	-0.055	-1.165	-1.299	-1.116	-1.019	-1.233	-0.647	-1.050	-0.415	-0.801	-0.348
12	103097887	rs7132703	-1.161	-1.775	-1.579	-2.179	-1.220	-1.692	-1.165	0.009	-0.100	-0.500	-0.190	NA	NA	NA	NA	NA	-0.453	-0.074	-0.125	-0.568	-0.375	-0.387	-0.389	-0.347	-0.409	-0.619
12	111600134	rs11065822	NA	NA	NA	NA	NA	NA	NA	-0.595	-0.925	-0.773	-1.643	NA	NA	NA	NA	NA	-1.270	-0.815	-0.637	-1.027	-1.605	-0.667	-0.310	-0.936	-0.602	NA
12	115108136	rs1061657	1.236	1.347	0.524	1.242	1.435	1.121	-0.666	-0.421	-0.272	-1.242	-0.876	-0.807	-0.274	-0.112	0.387	-0.313	-0.325	-0.781	0.163	-0.136	0.215	0.055	-0.622	0.535	0.061	0.424
12	115796577	rs11067551	-0.894	-1.438	-1.031	-0.946	-1.107	-0.311	-0.719	1.081	0.937	1.104	-0.284	-0.199	-1.118	-0.911	-0.982	-0.819	-0.633	-1.063	-0.530	0.648	0.073	0.960	0.981	0.497	1.022	0.526
12	115835836	rs2454399	1.860	1.104	0.331	0.343	1.166	0.601	1.242	-0.140	0.348	-0.066	0.449	0.659	0.971	0.629	1.002	0.999	-0.134	-0.731	-0.006	0.157	-0.219	-0.486	-1.102	-0.968	-0.717	-1.009
12	120832146	rs206966	0.701	0.616	0.343	0.964	1.235	1.039	1.060	0.706	0.889	0.982	0.850	0.217	0.420	0.255	0.525	0.280	0.155	0.623	0.141	0.521	0.261	0.243	0.764	0.659	0.631	0.525
13	32839990	rs56404467	NA	NA	NA	NA	NA	NA	NA	NA	NA	NA	NA	NA	NA	NA	NA	NA	NA	-0.343	0.284	-0.369	NA	-1.426	NA	0.397	-0.470	-0.239
13	43501356	rs9315973	-0.589	-0.489	-1.004	0.008	-1.000	-0.694	-1.159	-0.484	0.785	0.933	-0.455	0.267	0.755	0.806	0.619	-0.014	-0.219	1.080	-0.015	0.284	0.606	0.950	0.551	0.522	-0.093	0.583
13	73806982	rs12870942	NA	NA	NA	NA	NA	1.397	0.102	-0.152	0.507	0.477	-0.908	0.711	0.780	0.329	-0.213	0.495	-1.293	-1.700	-1.478	-1.769	-1.459	0.031	0.537	0.243	0.015	0.347
13	73960952	rs2181965	-0.573	0.433	0.240	0.647	-0.276	0.418	0.387	-0.201	0.450	0.123	-0.066	-0.402	NA	1.657	NA	NA	0.085	1.306	0.446	0.881	0.230	1.254	1.250	0.947	0.228	0.518
14	37128564	rs34914085	NA	NA	NA	NA	NA	0.488	1.260	0.662	0.552	0.771	-0.135	0.083	0.212	0.111	-0.014	0.154	0.029	0.462	-0.621	-0.529	-0.262	0.164	0.328	0.066	0.007	0.161
14	37228504	rs2253012	0.392	-0.459	0.436	-0.347	0.154	0.338	-0.251	0.299	0.638	1.889	-0.131	NA	0.016	NA	0.189	-0.442	-0.498	0.075	-1.110	-0.307	-0.340	-1.178	-0.982	-0.757	-0.655	-0.321
14	68660428	rs2588809	-2.030	-2.036	-1.624	-1.129	-1.589	-1.123	-1.627	-0.257	-0.160	0.018	0.220	0.500	NA	NA	-0.035	0.696	0.196	-0.131	-0.779	-0.177	-0.153	0.273	0.318	0.055	-0.515	0.023
14	68979835	rs11624333	NA	-1.492	NA	NA	NA	-0.326	-0.731	-1.807	-0.569	-0.583	-2.312	NA	-0.428	0.048	-1.720	-1.376	-2.738	-1.585	-2.342	-2.251	-2.369	-0.039	-0.504	-1.005	-1.237	-1.068
14	93070286	rs78440108	0.152	-0.705	-0.377	1.003	0.430	-0.220	1.113	2.532	2.012	1.845	2.016	NA	NA	NA	NA	NA	3.126	1.455	3.307	3.962	3.449	1.545	1.267	1.816	1.587	2.209
14	105213978	rs4983544	-1.189	-2.086	0.359	-0.569	-1.322	-0.812	-0.372	-0.722	0.527	0.808	-1.384	0.208	0.681	0.319	-0.287	0.489	-0.685	-1.607	-1.429	-0.542	-0.896	-0.727	-0.898	-1.163	-1.375	-1.267
15	46680811	rs187010898	-0.338	-1.461	-0.144	0.052	-1.084	0.148	NA	NA	NA	NA	NA	NA	NA	NA	NA	NA	-0.476	NA	0.222	-1.001	NA	NA	NA	NA	-0.543	NA
15	50694306	rs4774565	-0.504	0.727	-1.035	0.350	-0.236	-0.268	0.007	0.130	-0.049	-0.301	1.076	1.849	1.633	2.215	0.947	2.897	0.645	0.729	0.494	0.297	-0.037	0.135	0.124	0.507	0.009	0.443
15	66630569	rs8042593	1.376	1.954	1.850	1.917	1.886	1.845	2.082	1.559	0.324	-1.415	0.263	2.065	1.709	1.930	NA	NA	-0.150	0.032	-0.423	1.405	0.813	NA	NA	NA	NA	NA
15	67457698	rs35874463	NA	NA	NA	NA	NA	NA	NA	-1.293	-0.500	NA	-1.389	NA	NA	NA	NA	NA	-0.330	-0.725	-0.931	-0.993	-0.036	-0.707	-0.643	-0.960	-0.631	-0.625
15	91512267	rs2290202	-0.091	-0.932	0.300	0.110	-0.529	-0.649	-0.969	0.236	-0.378	-0.072	0.414	-0.490	-0.786	-0.151	-0.019	-0.642	0.852	0.282	0.882	1.421	0.719	-0.463	-0.528	-0.985	-0.732	-1.272
16	4106788	rs11076805	1.711	0.494	0.531	1.328	1.616	1.105	1.100	-0.348	0.701	0.303	-0.623	-0.510	0.146	-0.526	-0.082	0.069	-0.218	-0.793	-0.362	-0.944	-0.500	0.118	0.225	0.455	1.226	1.406
16	6963972	rs12709163	-1.910	-1.301	-0.393	-0.600	-1.430	-0.913	-1.111	-1.232	-1.373	-0.555	-1.831	-1.673	-2.066	-1.876	-2.163	-1.870	-2.004	-1.948	-1.838	-1.528	-2.142	-1.468	-1.726	-1.594	-1.896	-1.484
16	10706580	rs34872983	NA	NA	NA	NA	NA	NA	-0.344	-0.656	1.063	-0.034	0.749	-1.227	-1.203	-1.483	-1.511	-1.163	-0.078	-0.501	1.318	1.962	0.013	-0.247	-0.654	-0.612	0.144	-0.622
16	23007047	rs75753503	2.940	3.228	2.208	3.192	2.232	2.566	2.122	0.919	-0.213	0.865	0.021	-1.755	-1.645	-0.605	-1.277	-0.990	-0.339	-1.031	-1.378	-0.773	-0.334	NA	NA	-0.333	NA	NA
16	52538825	rs35668161	-0.089	-0.657	NA	-1.236	-0.457	-0.333	-0.732	-2.089	-1.140	-0.839	-1.485	-2.570	-2.028	-1.821	-2.081	-2.234	-1.249	-1.107	-1.269	-1.493	-1.658	0.327	-1.281	-0.404	-0.454	-0.051
16	53809123	rs55872725	-1.223	-0.920	-0.436	-1.265	-1.553	-1.426	-1.275	0.582	0.066	0.144	-1.161	-0.178	-0.247	0.175	-0.272	-0.252	-0.566	0.354	-0.026	-0.200	-1.090	-0.018	0.232	-0.342	-0.078	-0.397
16	53861592	rs7184573	-0.173	-0.150	-0.671	-0.449	0.220	0.462	-0.372	-0.286	0.557	0.850	0.180	1.141	0.290	0.145	0.395	-0.079	0.436	0.906	0.700	-0.008	0.254	-0.138	0.253	-0.262	0.448	-0.104
16	54682064	rs28539243	-0.965	0.392	0.971	1.016	0.089	1.213	-0.116	0.461	-0.029	0.694	-0.035	1.119	0.743	1.075	0.815	1.246	-0.260	-0.082	-0.130	-0.607	-0.240	1.001	0.517	0.363	0.691	0.550
16	80648296	rs7500067	-0.178	0.406	-0.353	0.157	0.214	-0.284	0.631	0.866	0.172	0.294	1.415	0.264	0.745	0.991	0.081	0.515	1.605	1.150	1.801	2.205	1.500	NA	NA	NA	NA	NA
16	85145977	rs9931038	1.994	2.886	3.401	2.093	1.874	3.602	2.663	2.522	2.482	2.651	1.278	0.914	1.452	1.454	1.057	2.281	0.941	1.334	1.401	1.342	1.006	1.649	2.216	1.294	1.958	1.670
16	87086492	rs12449271	NA	1.285	1.137	NA	-1.141	1.010	-0.805	-1.480	-0.515	-0.073	-1.531	-1.276	-1.209	-1.163	-0.769	-1.226	-0.776	-1.295	-0.631	-0.681	-1.186	-1.628	-1.203	-1.669	-1.379	-1.783
17	29168077	rs79461387	NA	NA	NA	NA	NA	NA	NA	NA	-0.466	0.254	-0.754	0.261	NA	NA	0.706	0.389	-1.433	-0.630	-0.778	-0.155	-0.430	0.630	-0.181	0.282	0.347	-1.350
17	40127060	rs11296	NA	NA	NA	NA	NA	NA	NA	-0.790	0.344	-0.446	-0.655	NA	NA	NA	NA	NA	-0.399	0.017	-0.186	-0.996	-1.633	NA	NA	NA	-1.388	NA
17	40485239	rs17881320	NA	NA	0.722	NA	NA	NA	NA	0.910	0.831	0.718	0.547	NA	NA	NA	NA	NA	1.064	0.300	0.946	0.312	0.069	0.862	-0.281	0.642	0.067	-0.378
17	53209774	rs2787486	0.066	0.087	0.986	0.866	1.076	0.218	0.373	0.820	1.469	0.937	0.367	0.517	0.070	0.655	0.679	0.334	0.355	0.152	0.302	-0.019	0.118	1.466	0.850	0.559	0.903	0.105
17	77781725	rs745570	-1.447	-0.265	-0.015	-0.302	-1.378	-1.129	-1.559	-0.997	-0.592	0.060	-1.505	0.244	-0.389	-0.257	-0.224	-0.132	-1.813	-1.621	-0.978	-1.300	-0.867	-0.179	-0.127	0.153	-0.455	0.085
18	11696613	rs16976596	0.999	0.156	0.118	0.638	0.456	-0.371	-1.115	-2.021	-1.474	-1.056	-1.687	-0.732	-1.036	-0.512	-1.040	-0.816	-1.445	-1.352	-1.439	-1.092	-1.306	-1.519	-1.603	-1.406	-1.122	-1.550
18	20634253	rs11665269	NA	-0.302	0.991	NA	-0.175	-0.866	-1.171	-0.600	0.007	0.744	-0.769	-0.692	-0.438	-0.640	0.280	-0.795	-0.618	-0.738	-1.223	-0.736	-1.851	-0.709	-1.168	-0.438	-0.730	-0.606
18	24337424	rs527616	1.777	0.561	0.856	0.828	1.301	1.139	0.396	0.134	0.491	0.843	-0.177	-1.182	NA	NA	NA	-0.520	0.520	-0.781	-0.005	-0.483	0.226	NA	NA	NA	NA	NA
18	25407513	rs8092192	1.004	0.934	0.081	0.702	0.404	0.362	-0.144	-0.009	-0.681	-1.185	-1.089	-0.517	-0.055	-0.670	0.124	-0.627	-0.367	-1.002	-0.712	-0.020	-0.318	0.252	0.424	-0.074	-0.304	0.565
18	29981526	rs72931898	-0.538	-0.202	-1.191	-0.075	-0.575	-0.765	-0.619	0.222	0.161	-0.496	-0.416	0.562	0.772	NA	NA	-0.360	0.850	-0.742	0.749	1.043	1.001	0.652	0.637	0.638	0.360	1.254
18	42411803	rs9954058	-1.094	-0.856	-1.214	-0.935	-0.773	-1.267	-0.644	-0.532	-0.561	0.887	0.293	-0.179	0.719	0.867	0.578	0.311	-1.235	0.128	-0.394	-1.094	-0.905	0.320	-0.028	0.056	0.405	0.619
18	42888797	rs9952980	-0.446	-0.832	-0.118	-0.599	NA	-0.352	-0.938	-1.462	-1.710	-1.232	-1.524	-2.368	-1.991	-1.835	-1.811	-2.440	-0.486	-0.675	-0.551	-0.826	-1.251	-1.805	-2.035	-2.460	-1.586	-2.198
19	13249921	rs117922601	NA	NA	NA	NA	NA	NA	NA	NA	-0.566	NA	-0.612	NA	NA	NA	NA	NA	0.624	0.275	0.077	-1.114	0.138	NA	NA	NA	NA	NA
19	17393925	rs56069439	-1.717	-0.805	0.266	0.006	-0.562	-0.761	-0.236	0.152	-0.179	-0.063	-0.942	NA	NA	NA	NA	NA	0.544	0.823	0.551	0.039	-0.064	-0.311	0.065	-0.792	0.858	-0.139
19	18569492	rs10164323	0.091	-0.458	0.938	-0.367	-1.064	0.593	-0.551	-0.972	-1.518	-0.762	-1.376	-1.023	-1.339	-1.000	-0.688	-2.128	-0.907	-1.629	-1.568	-0.141	-0.880	0.332	-0.135	0.311	-0.588	0.345
20	5948227	rs16991615	NA	NA	NA	NA	NA	NA	NA	-0.281	0.380	NA	-0.780	NA	NA	NA	NA	NA	-1.001	0.100	-0.183	-0.622	-0.485	-0.062	0.368	-0.377	-0.315	-0.999
20	11379842	rs1154723	NA	NA	NA	NA	NA	-2.012	NA	-1.623	NA	-1.192	NA	NA	NA	NA	NA	NA	-2.578	-1.169	-0.715	-2.133	-0.691	NA	NA	NA	NA	NA
20	41613706	rs6030585	NA	NA	NA	NA	NA	0.936	0.326	0.340	0.916	-0.013	0.038	0.266	-0.645	-0.357	-1.197	-0.172	-0.044	0.121	0.012	-0.106	NA	0.632	0.794	0.283	0.472	0.336
20	52296849	rs13039563	0.976	0.302	0.957	0.296	0.596	0.416	0.857	-0.812	-0.111	1.022	-0.489	0.164	-0.065	-0.078	-0.332	0.035	0.280	0.265	-0.211	-0.116	-0.409	-0.302	-0.036	-0.401	-0.328	0.001
21	16364756	rs2822999	NA	NA	NA	NA	NA	-0.404	-0.083	-0.200	-1.828	-1.279	-1.300	-1.914	-1.170	-1.021	-1.404	-1.353	-0.297	0.010	-0.252	-0.763	0.431	-0.265	0.708	0.288	-0.665	0.806
21	16566350	rs2823130	0.237	-0.172	2.016	0.486	0.310	1.309	0.384	0.819	-1.050	-0.633	0.193	0.414	0.735	0.461	0.898	0.351	-0.070	-0.199	-0.319	0.148	0.101	-0.164	-0.097	0.249	0.416	0.307
21	16574455	rs2403907	1.107	0.378	2.036	0.477	0.759	0.872	-0.185	0.095	0.547	1.005	-0.053	-1.021	-0.135	-0.978	-0.218	-0.322	-0.345	-0.243	-0.168	-0.241	-0.289	-0.091	-0.249	-0.377	-0.445	-0.508
21	47762932	rs4818836	NA	NA	NA	NA	NA	0.132	NA	-0.333	-0.586	-0.065	0.013	NA	NA	NA	NA	NA	0.032	0.692	0.263	0.316	0.351	0.479	NA	-0.401	0.373	0.672
22	19766137	rs9798754	-0.754	-1.066	-1.131	-0.767	-0.435	-0.806	-1.482	-0.290	-0.523	0.205	-0.481	-0.125	-0.071	0.561	-0.440	1.054	-0.909	-0.890	-0.871	-0.608	-0.539	-0.037	-0.212	-0.209	-0.475	-0.445
22	29135543	rs5997390	0.440	0.522	-0.052	0.651	0.857	0.756	2.190	1.177	0.115	0.576	1.590	-0.583	0.519	0.219	-0.333	0.395	0.891	1.504	0.998	1.227	1.568	0.477	0.729	0.488	0.730	0.475
22	29203724	rs34134147	NA	NA	NA	NA	NA	NA	-0.736	NA	NA	NA	NA	NA	NA	NA	NA	NA	-0.063	0.165	0.483	NA	NA	NA	NA	NA	NA	NA
22	29551872	rs132289	NA	NA	NA	NA	NA	NA	NA	NA	NA	NA	NA	NA	NA	NA	NA	NA	-1.029	NA	1.568	NA	NA	NA	NA	NA	NA	NA
22	43433100	rs9611990	NA	NA	NA	NA	NA	-0.436	-1.356	-0.211	-0.494	-0.368	-0.750	NA	NA	NA	NA	NA	-0.128	0.564	0.222	0.139	0.086	-0.053	-0.291	-0.532	-0.060	0.078
22	45319953	rs112855987	1.308	1.685	2.333	0.976	0.319	1.577	0.493	-1.241	-0.798	-0.876	-0.987	0.191	0.703	0.946	-0.072	0.576	-1.680	-1.549	-1.587	-1.395	-1.796	-0.189	-0.573	-0.299	-0.493	-0.182
22	46283297	rs28512361	2.640	1.973	1.280	1.793	2.121	1.232	1.336	-0.311	-0.014	-0.278	-0.361	-1.270	-0.457	-0.936	0.110	-0.748	0.212	-0.107	0.122	-0.182	-0.466	-0.363	-0.290	0.025	-0.159	-0.895
