chr	pos	bstat
1	7917076	786
1	10566215	662
1	18807339	827
1	41380440	845
1	41389220	848
1	88156923	934
1	88428199	901
1	100880328	615
1	114445880	214
1	118141492	695
1	120257110	798
1	121280613	970
1	121287994	970
1	149906413	188
1	155556971	73
1	201437832	922
1	202184600	824
1	203770448	468
1	208076291	891
1	217053815	946
1	217220574	937
1	220671050	710
1	242034263	824
2	19315675	919
2	25129473	546
2	29179452	534
2	29615233	917
2	70172587	584
2	88358825	823
2	121058254	690
2	121089731	894
2	121159205	934
2	121246568	964
2	172974566	766
2	174212910	816
2	192381934	901
2	202204741	305
2	217920769	906
2	218292158	902
2	218714845	809
2	241388857	988
3	4742251	856
3	27353716	511
3	29294845	954
3	30684907	915
3	46888198	119
3	59373745	883
3	71620370	721
3	87037543	610
3	99403877	545
3	172285237	923
3	189774456	871
4	38784633	716
4	89240476	900
4	106069013	727
4	143467195	851
4	175842495	946
4	175847436	946
5	345109	906
5	1279790	976
5	2777029	988
5	16231194	920
5	44619502	598
5	44649944	592
5	44706498	625
5	55965167	828
5	56023083	553
5	56045081	545
5	58241712	723
5	73234583	883
5	90789470	694
5	104300273	937
5	122478676	696
5	122705244	559
5	131640536	401
5	132407058	390
5	158244083	750
5	169591460	939
5	173358154	320
6	13713366	788
6	16399557	916
6	18783140	876
6	21923810	950
6	27425644	568
6	43227141	377
6	87803819	591
6	149595505	856
6	151949806	849
6	151955914	866
6	152023191	846
6	152055978	899
6	152432902	734
6	169006947	988
6	170332621	982
7	21940960	758
7	25569548	956
7	28869017	613
7	55192256	900
7	94113799	529
7	98005235	689
7	99948655	162
7	101552440	866
7	102481842	510
7	130656911	933
7	130674481	940
8	23447496	820
8	23663653	785
8	29509616	920
8	36858483	838
8	76230943	866
8	76333056	825
8	76378165	753
8	102483100	957
8	106358620	773
8	117209548	802
8	120862186	547
8	124563705	904
8	124571581	903
8	124739913	873
8	128370949	932
8	129199566	939
8	143669254	940
9	6880263	889
9	22041998	865
9	36928288	847
9	87782211	950
9	98362587	909
9	110837073	972
9	110837176	971
9	110849525	958
9	110885479	969
9	119313486	684
9	129424719	852
9	136146597	900
10	5794652	416
10	13892298	973
10	22032942	501
10	38523626	799
10	64299890	898
10	64819996	868
10	71335574	902
10	80851257	971
10	80886726	976
10	114777670	826
10	115128491	856
10	123095209	969
10	123340107	924
11	433617	900
11	803017	884
11	1895708	982
11	18664241	651
11	42844441	917
11	44368892	942
11	46318032	133
11	65553492	295
11	65572431	293
11	69328130	946
11	69330983	946
11	103614438	888
11	111696440	100
11	116727936	488
11	122966626	812
11	129243417	881
11	129461016	945
12	293626	878
12	14413931	898
12	28149568	889
12	28347382	847
12	29140260	932
12	57146069	239
12	70798355	733
12	85004551	939
12	96027759	903
12	103097887	924
12	111600134	607
12	115108136	839
12	115796577	969
12	115835836	981
12	120832146	667
13	32839990	681
13	43501356	900
13	73806982	920
13	73960952	921
14	37128564	774
14	37228504	887
14	68660428	544
14	68979835	814
14	91841069	814
14	93070286	934
14	105213978	946
15	46680811	891
15	50694306	698
15	66630569	423
15	67457698	781
15	75750383	167
15	91512267	512
16	4106788	860
16	6963972	990
16	10706580	970
16	23007047	829
16	52538825	898
16	53809123	797
16	53861139	839
16	53861592	837
16	54682064	948
16	80648296	929
16	85145977	952
16	87086492	987
17	29168077	178
17	39251123	538
17	40127060	207
17	40485239	269
17	53209774	552
17	77781725	882
18	11696613	952
18	20634253	708
18	24125857	906
18	24337424	939
18	25407513	906
18	29981526	769
18	42411803	815
18	42888797	868
19	13249921	862
19	17393925	721
19	18569492	917
19	55816678	782
20	5948227	622
20	11379842	963
20	41613706	959
20	52296849	979
21	16364756	723
21	16566350	940
21	16574455	961
21	47762932	503
22	19766137	922
22	29135543	514
22	29203724	423
22	29551872	747
22	39343916	895
22	43433100	794
22	45319953	976
22	46283297	958
