chr	pos	rsid	Beta
22	46283297	rs28512361	-0.0736
1	10566215	rs616488	-0.0586
1	18807339	rs2992756	-0.0564
1	41380440	rs4233486	-0.0426
1	41389220	rs114282204	0.1550
1	88156923	rs17426269	-0.0494
1	88428199	rs2151842	-0.0387
1	100880328	rs612683	0.0373
1	114445880	rs7513707	0.0621
1	118141492	rs12406858	-0.0452
1	120257110	rs637868	-0.0385
1	121280613	rs11249433	0.0881
1	121287994	rs111458676	-0.0673
1	149906413	rs11205303	0.0548
1	155556971	rs12091730	0.0499
1	201437832	rs35383942	0.0917
1	202184600	rs6686987	-0.0065
1	203770448	rs7514172	-0.0498
1	208076291	rs2785646	-0.0366
1	217053815	rs2576261	-0.0417
1	217220574	rs11117758	0.044
1	220671050	rs11118563	0.0418
1	242034263	rs72755295	0.1428
2	19315675	rs6743383	-0.0331
2	25129473	rs6725517	-0.0427
2	29179452	rs12472404	-0.0066
2	29615233	rs4322799	-0.0427
2	70172587	rs6756513	-0.0412
2	88358825	rs1036759	-0.0473
2	121058254	rs6746250	0.0334
2	121089731	rs17625845	-0.0427
2	121159205	rs10164550	-0.0440
2	121246568	rs10179592	-0.0992
2	172974566	rs17726078	-0.0473
2	174212910	rs1550622	0.0593
2	192381934	rs2356656	0.0316
2	202204741	rs10197246	0.0492
2	217920769	rs4442975	0.1318
2	218292158	rs11693806	0.0757
2	218714845	rs3791977	-0.0431
2	241388857	rs4676356	0.1232
3	4742251	rs6762558	0.0616
3	27353716	rs552647	-0.0748
3	29294845	rs112476261	-0.1281
3	30684907	rs17838698	0.0592
3	46888198	rs56387622	0.0806
3	59373745	rs2886671	0.0394
3	71620370	rs9825432	0.0374
3	87037543	rs13066793	-0.0723
3	99403877	rs639355	0.0376
3	172285237	rs58058861	0.0422
3	189774456	rs9882792	0.0478
4	38784633	rs10012017	-0.0489
4	89240476	rs17014016	0.0352
4	106069013	rs62331150	0.0471
4	143467195	rs56039025	-0.0569
4	175842495	rs28436676	-0.0898
4	175847436	rs62334414	0.0348
5	345109	rs62641919	0.0840
5	1279790	rs10069690	-0.0617
5	2777029	rs4866496	-0.0391
5	16231194	rs17611291	-0.0426
5	44619502	rs187108781	-0.1101
5	44649944	rs4613718	-0.0492
5	44706498	rs10941679	0.0497
5	55965167	rs889310	0.0394
5	56023083	rs16886165	-0.1366
5	56045081	rs11949391	-0.0564
5	58241712	rs113778879	0.0434
5	73234583	rs157557	-0.0363
5	90789470	rs332529	0.0564
5	104300273	rs17157372	0.0487
5	122478676	rs335160	0.0386
5	122705244	rs1428387	0.0944
5	131640536	rs6860806	-0.0392
5	132407058	rs6596100	-0.0388
5	158244083	rs1432679	-0.0677
5	169591460	rs10074269	-0.0412
5	173358154	rs6864691	0.0365
6	13713366	rs418053	-0.0553
6	16399557	rs3819405	0.0373
6	18783140	rs12211970	-0.0326
6	21923810	rs9358466	-0.0321
6	27425644	rs34196306	-0.0737
6	43227141	rs111342015	-0.0640
6	87803819	rs73754909	0.0383
6	149595505	rs2121348	-0.0476
6	151949806	rs6913578	0.0703
6	151955914	rs60954078	0.1449
6	152023191	rs851984	0.0626
6	152055978	rs6904031	0.0740
6	152432902	rs910416	-0.0649
6	169006947	rs9364472	-0.0308
6	170332621	rs6940159	-0.0373
7	21940960	rs7971	-0.0467
7	25569548	rs289997	-0.0486
7	28869017	rs74765302	-0.0572
7	55192256	rs13244925	-0.0349
7	94113799	rs17268829	0.0449
7	98005235	rs4439053	-0.0467
7	99948655	rs111963714	0.0420
7	101552440	rs71559437	-0.0568
7	102481842	rs7800548	-0.0418
7	130656911	rs12706954	-0.0476
7	130674481	rs68056147	0.0416
8	23447496	rs1028016	-0.0389
8	23663653	rs310295	-0.0335
8	29509616	rs9693444	0.0601
8	36858483	rs13365225	-0.0760
8	76230943	rs1511243	0.0755
8	76333056	rs72658084	0.1129
8	76378165	rs1533366	-0.0391
8	102483100	rs62517052	0.0593
8	106358620	rs12546444	-0.0745
8	117209548	rs13267382	-0.0417
8	120862186	rs62526620	0.0527
8	124563705	rs35542655	0.0477
8	124571581	rs12541094	0.0340
8	124739913	rs7842619	-0.0466
8	128370949	rs12550713	-0.0642
8	129199566	rs1016578	0.0615
8	143669254	rs7830152	-0.0346
9	6880263	rs10975870	-0.0348
9	22041998	rs17694493	0.0289
9	36928288	rs4880038	-0.0249
9	87782211	rs665889	-0.0361
9	98362587	rs10120432	0.0576
9	110837073	rs10816625	0.1158
9	110837176	rs13294895	0.0653
9	110849525	rs7848334	-0.0153
9	110885479	rs630965	0.0877
9	119313486	rs1895062	-0.0462
9	129424719	rs3861871	0.0382
9	136146597	rs550057	0.0400
10	5794652	rs55910451	0.0470
10	13892298	rs10796139	0.0371
10	22032942	rs7072776	-0.0580
10	38523626	rs2384736	-0.0404
10	64299890	rs10995201	-0.1345
10	64819996	rs6479868	0.0472
10	71335574	rs111833376	0.0404
10	80851257	rs719338	0.0805
10	80886726	rs4980029	-0.0762
10	114777670	rs10885405	0.0472
10	115128491	rs12250948	-0.0592
10	123095209	rs9421410	-0.0538
10	123340107	rs45631580	0.1508
11	433617	rs7394715	-0.0437
11	803017	rs6597981	0.0457
11	1895708	rs4980386	-0.0762
11	18664241	rs10832963	0.0461
11	42844441	rs4472923	0.0336
11	44368892	rs10838267	0.0374
11	46318032	rs77047825	-0.0748
11	65553492	rs12287832	0.0425
11	65572431	rs10896047	-0.0347
11	69328130	rs35039974	-0.0423
11	69330983	rs661204	0.1022
11	103614438	rs7125780	0.0147
11	111696440	rs610437	0.0396
11	116727936	rs625145	0.0423
11	122966626	rs7121616	0.0383
11	129243417	rs7939702	0.0543
11	129461016	rs11822830	0.0453
12	293626	rs797736	0.0401
12	14413931	rs12422552	-0.0484
12	28149568	rs788458	0.062
12	28347382	rs11049431	-0.0521
12	29140260	rs1027113	-0.0647
12	57146069	rs2277339	-0.0579
12	70798355	rs2870876	0.0469
12	85004551	rs10862899	0.0348
12	96027759	rs17356907	-0.0867
12	103097887	rs7132703	0.0546
12	111600134	rs11065822	-0.0442
12	115108136	rs1061657	0.0465
12	115796577	rs11067551	0.0428
12	115835836	rs2454399	-0.0813
12	120832146	rs206966	0.0516
13	32839990	rs56404467	0.0424
13	43501356	rs9315973	0.0517
13	73806982	rs12870942	0.0345
13	73960952	rs2181965	-0.0399
14	37128564	rs34914085	-0.0733
14	37228504	rs2253012	0.0390
14	68660428	rs2588809	-0.0474
14	68979835	rs11624333	-0.0911
14	91841069	rs941764	-0.0513
14	93070286	rs78440108	0.0577
14	105213978	rs4983544	-0.0399
15	46680811	rs187010898	-0.1973
15	50694306	rs4774565	0.0417
15	66630569	rs8042593	-0.0369
15	67457698	rs35874463	0.0782
15	75750383	rs8035987	-0.0413
15	91512267	rs2290202	-0.0589
16	4106788	rs11076805	-0.0300
16	6963972	rs12709163	-0.0354
16	10706580	rs34872983	-0.0740
16	23007047	rs75753503	0.1218
16	52538825	rs35668161	0.1147
16	53809123	rs55872725	-0.0704
16	53861139	rs6499648	-0.0338
16	53861592	rs7184573	-0.0337
16	54682064	rs28539243	-0.0477
16	80648296	rs7500067	0.0839
16	85145977	rs9931038	-0.0211
16	87086492	rs12449271	-0.0469
17	29168077	rs79461387	-0.0568
17	39251123	rs150537328	0.0799
17	40127060	rs11296	0.0174
17	40485239	rs17881320	-0.0571
17	53209774	rs2787486	-0.0793
17	77781725	rs745570	0.0401
18	11696613	rs16976596	0.0381
18	20634253	rs11665269	-0.0415
18	24125857	rs1111207	-0.0346
18	24337424	rs527616	-0.0455
18	25407513	rs8092192	0.0399
18	29981526	rs72931898	-0.1058
18	42411803	rs9954058	0.0877
18	42888797	rs9952980	0.0542
19	13249921	rs117922601	0.0956
19	17393925	rs56069439	0.0378
19	18569492	rs10164323	0.0719
19	55816678	rs1172821	-0.0359
20	5948227	rs16991615	0.0760
20	11379842	rs1154723	-0.0844
20	41613706	rs6030585	-0.0315
20	52296849	rs13039563	0.0440
21	16364756	rs2822999	0.0646
21	16566350	rs2823130	0.0595
21	16574455	rs2403907	0.0707
21	47762932	rs4818836	0.0946
22	19766137	rs9798754	0.0367
22	29135543	rs5997390	0.0654
22	29203724	rs34134147	0.1405
22	29551872	rs132289	0.1716
22	39343916	rs5750715	0.0407
22	43433100	rs9611990	-0.0600
22	45319953	rs112855987	-0.0134
1	7917076	rs707475	-0.0409
