chr	pos	rsid	allele	P-value	OR	Beta
18	46454048	rs7226855	A	6.00E-71	1.21	0.19062036
8	128413305	rs6983267	G	2.00E-57	1.19	0.173953307
8	117630683	rs16892766	C	1.00E-35	1.26	0.231111721
15	33012502	rs73376930	G	7.00E-35	1.18	0.165514438
11	111156836	rs3087967	T	6.00E-33	1.15	0.139761942
20	60932414	rs1741640	C	2.00E-28	1.16	0.148420005
15	32993111	rs16969681	T	3.00E-27	1.22	0.198850859
10	8734761	rs7894531	G	4.00E-24	1.13	0.122217633
11	74415252	rs4944940	G	1.00E-20	1.31	0.270027137
20	6404281	rs961253	A	5.00E-20	1.11	0.104360015
19	33524919	rs73039434	T	2.00E-18	1.3	0.262364264
5	40280202	rs1445011	C	1.00E-17	1.11	0.104360015
20	47340117	rs6066825	A	4.00E-17	1.1	0.09531018
10	80819132	rs704017	G	3.00E-16	1.1	0.09531018
11	74338355	rs57796856	T	4.00E-16	1.09	0.086177696
10	101346609	rs2193352	G	2.00E-15	1.11	0.104360015
12	111973358	rs597808	G	8.00E-15	1.09	0.086177696
1	183025555	rs4546885	G	1.00E-14	1.09	0.086177696
15	33156386	rs17816465	A	1.00E-14	1.11	0.104360015
20	6693128	rs6085661	T	2.00E-14	1.09	0.086177696
9	22110131	rs1412834	T	4.00E-14	1.08	0.076961041
12	51216890	rs11169572	C	6.00E-14	1.09	0.086177696
14	54419106	rs35107139	C	1.00E-13	1.09	0.086177696
2	219184436	rs13020391	C	2.00E-13	1.09	0.086177696
1	222049820	rs6658977	T	1.00E-12	1.08	0.076961041
16	80007266	rs61336918	A	2.00E-12	1.09	0.086177696
3	112916918	rs12635946	C	1.00E-11	1.08	0.076961041
5	1296486	rs2735940	A	1.00E-11	1.08	0.076961041
12	115891403	rs7315438	T	1.00E-11	1.08	0.076961041
20	48980670	rs4811050	A	2.00E-11	1.1	0.09531018
7	47511161	rs3801081	G	2.00E-11	1.08	0.076961041
13	111074915	rs7993934	T	3.00E-11	1.08	0.076961041
17	10707241	rs1078643	A	4.00E-11	1.09	0.086177696
2	200131695	rs7593422	T	4.00E-11	1.07	0.067658648
13	37460648	rs12427600	C	5.00E-11	1.09	0.086177696
6	36623124	rs1321310	C	6.00E-11	1.09	0.086177696
16	86700030	rs899244	T	1.00E-10	1.09	0.086177696
12	6412036	rs10849438	G	1.00E-10	1.12	0.113328685
20	7718045	rs6055286	A	1.00E-10	1.11	0.104360015
13	73649152	rs45597035	A	2.00E-10	1.08	0.076961041
1	22587728	rs72647484	T	2.00E-10	1.13	0.122217633
20	49057488	rs1810502	C	2.00E-10	1.07	0.067658648
1	38461319	rs61776719	C	2.00E-10	1.07	0.067658648
19	41873001	rs9797885	G	3.00E-10	1.08	0.076961041
4	106048291	rs17035289	T	3.00E-10	1.1	0.09531018
12	57540848	rs7398375	C	4.00E-10	1.09	0.086177696
6	41672769	rs6933790	T	4.00E-10	1.1	0.09531018
20	49384745	rs6091213	C	4.00E-10	1.08	0.076961041
3	53088285	rs9831861	G	4.00E-10	1.07	0.067658648
19	49218602	rs12979278	T	6.00E-10	1.07	0.067658648
13	78609615	rs1330889	C	7.00E-10	1.11	0.104360015
15	91172901	rs7495132	T	8.00E-10	1.11	0.104360015
1	55247852	rs12143541	G	9.00E-10	1.1	0.09531018
5	134467751	rs639933	C	1.00E-09	1.07	0.067658648
4	145621328	rs75686861	A	2.00E-09	1.12	0.113328685
12	4376091	rs12818766	A	2.00E-09	1.1	0.09531018
3	40915239	rs35470271	G	2.00E-09	1.09	0.086177696
6	35569562	rs16878812	A	2.00E-09	1.11	0.104360015
6	55712124	rs62404966	C	3.00E-09	1.08	0.076961041
10	114294892	rs12255141	G	3.00E-09	1.11	0.104360015
6	12292772	rs2070699	T	4.00E-09	1.07	0.067658648
20	42660286	rs2179593	A	5.00E-09	1.07	0.067658648
20	62316630	rs3787089	C	6.00E-09	1.07	0.067658648
5	1240998	rs77776598	C	8.00E-09	1.14	0.131028262
17	816741	rs73975588	A	9.00E-09	1.1	0.09531018
2	199601925	rs11893063	A	9.00E-09	1.07	0.067658648
6	105966894	rs6928864	C	1.00E-08	1.13	0.122217633
15	67007813	rs4776316	A	1.00E-08	1.08	0.076961041
7	46926695	rs10951878	C	1.00E-08	1.06	0.058268908
11	10286755	rs4450168	C	1.00E-08	1.1	0.09531018
2	98275354	rs11692435	G	1.00E-08	1.12	0.113328685
15	68177162	rs10152518	G	3.00E-08	1.08	0.076961041
6	30758466	rs3131043	G	3.00E-08	1.07	0.067658648
19	16420817	rs285245	T	4.00E-08	1.11	0.104360015
6	32594248	rs9271770	A	4.00E-08	1.08	0.076961041
3	169486508	rs35446936	G	6.00E-08	1.07	0.067658648
17	81061048	rs75954926	?	1.00E-07	1.08	0.076961041
16	68812301	rs9939049	A	2.00E-07	1.06	0.058268908
16	86340448	rs2696839	G	1.00E-06	1.05	0.048790164
14	54554234	rs1570405	G	1.00E-06	1.06	0.058268908
11	61564299	rs4246215	G	1.00E-06	1.06	0.058268908
12	4388271	rs3217810	T	1.00E-06	1.11	0.104360015
10	114724473	rs11196171	G	3.00E-06	1.07	0.067658648
