chr	pos	RSNUM	ESN	GWD	LWK	MSL	YRI	ACB	ASW	CLM	MXL	PEL	PUR	CDX	CHB	CHS	JPT	KHV	CEU	FIN	GBR	IBS	TSI	BEB	GIH	ITU	PJL	STU
1	22587728	rs72647484	NA	NA	NA	NA	NA	NA	NA	-1.520	-1.030	-1.137	-0.554	NA	NA	NA	NA	NA	-1.019	-0.981	-1.132	-0.155	-0.973	-0.173	-1.060	NA	0.132	-2.308
1	38461319	rs61776719	1.308	1.622	0.375	1.239	1.712	0.844	0.998	0.405	0.840	0.335	0.553	0.816	1.624	1.347	1.524	0.830	-0.200	-0.227	-0.085	-0.138	-0.026	0.246	0.738	0.396	0.079	0.405
1	55247852	rs12143541	2.166	2.833	1.797	NA	3.569	1.821	1.344	0.661	0.655	-0.277	0.433	-0.626	NA	0.943	-0.942	-0.015	0.196	0.318	0.687	0.451	0.194	-0.003	0.382	0.041	-0.155	0.226
1	222049820	rs6658977	0.941	0.926	0.854	1.112	1.203	0.376	0.869	-0.034	0.825	0.333	0.178	NA	NA	NA	NA	0.680	0.089	-0.389	0.233	0.182	-0.357	0.167	0.838	0.156	0.634	0.043
2	199601925	rs11893063	-1.061	-1.101	0.181	-1.017	-1.376	-0.870	-0.312	0.670	0.746	0.345	0.873	0.238	-0.404	0.077	-0.184	0.164	0.569	1.433	0.804	1.388	1.369	0.149	-0.071	-0.041	0.004	0.132
2	200131695	rs7593422	2.316	2.005	1.950	2.014	1.401	1.301	1.004	0.346	0.217	0.544	0.195	0.349	0.835	0.578	1.768	0.588	0.115	-0.845	0.259	0.212	0.288	0.689	0.554	0.650	0.916	0.643
2	219184436	rs13020391	0.255	0.902	0.456	0.352	0.658	0.034	-0.398	0.923	1.545	1.227	0.173	0.575	1.461	1.200	1.616	0.818	0.375	0.559	0.251	-0.292	0.322	0.824	0.827	0.992	1.020	1.031
3	40915239	rs35470271	NA	-0.229	0.342	NA	-1.262	0.038	-0.409	0.099	1.996	0.564	0.829	2.383	2.871	1.806	2.229	2.131	-0.053	0.914	0.364	0.962	0.113	1.590	1.898	1.248	2.226	0.864
3	53088285	rs9831861	-0.057	-0.780	-0.383	0.013	-0.355	-0.634	-0.475	0.419	-0.900	-0.260	0.049	1.421	0.514	1.485	0.565	1.135	0.158	-0.107	NA	0.592	-0.067	0.590	0.558	0.532	1.012	0.509
3	169486508	rs35446936	NA	1.146	-0.205	-0.146	1.098	0.843	0.086	1.039	0.186	-0.160	0.884	-0.123	-0.449	-0.214	0.171	0.030	0.976	1.033	0.851	0.506	0.688	1.014	0.779	1.043	0.648	1.060
4	106048291	rs17035289	0.198	1.649	0.243	0.616	0.940	0.986	0.551	0.952	0.061	-0.021	1.053	0.468	0.596	0.873	0.376	0.787	1.017	0.642	1.029	1.143	1.334	0.841	0.437	0.385	-0.196	0.247
5	1240998	rs77776598	0.263	0.382	-0.600	1.115	1.157	1.245	0.008	1.460	1.235	1.336	1.170	NA	NA	NA	NA	-0.134	1.019	1.064	0.185	0.894	1.831	1.602	NA	NA	0.104	1.713
5	1296486	rs2735940	0.028	-0.863	-0.824	-0.562	-0.487	-1.001	-0.845	-1.061	-0.928	-1.531	-0.378	-0.362	-0.420	-0.762	-1.371	-0.362	-0.968	-0.685	-1.103	-1.187	-1.600	-0.539	-0.343	-0.567	-0.495	-0.153
5	40280202	rs1445011	0.296	0.403	0.446	0.434	0.310	0.456	0.377	0.150	0.314	0.548	-0.228	NA	0.819	1.070	1.039	0.584	0.393	0.554	0.043	0.578	0.636	0.591	0.739	0.745	0.517	0.368
5	134467751	rs639933	0.102	0.043	-0.001	-0.730	-0.562	-0.317	-0.320	-0.824	-0.845	-1.221	-1.262	1.049	1.144	1.349	1.043	0.842	-0.666	-0.812	-0.814	-0.556	-0.194	-0.678	-0.280	-0.680	-0.750	-0.921
6	12292772	rs2070699	-0.240	-0.777	NA	-0.353	0.611	-0.923	-1.150	-1.165	-2.118	-1.904	-1.192	-0.968	-1.192	-1.294	-1.358	-1.224	-1.821	-1.469	-1.862	-1.458	-1.392	0.179	0.079	-0.283	-0.282	-0.031
6	30758466	rs3131043	-0.105	-1.472	-0.610	-1.269	0.006	-0.788	-0.765	0.400	0.620	1.390	0.192	-0.991	0.125	0.142	0.045	0.034	0.118	-1.270	0.056	-0.599	-0.631	0.939	1.515	1.402	1.230	1.114
6	35569562	rs16878812	0.301	0.101	-0.888	-0.370	0.091	0.878	-0.760	0.962	1.733	1.577	0.382	NA	1.247	NA	NA	NA	0.514	0.395	1.121	0.236	0.671	0.893	1.468	1.509	1.014	1.137
6	36623124	rs1321310	-0.315	-0.551	-0.364	0.855	-0.300	0.714	0.866	1.111	0.224	0.188	1.563	2.263	1.879	1.794	2.188	2.239	0.709	-0.368	0.204	1.423	1.052	1.917	2.252	2.269	2.095	1.580
6	41672769	rs6933790	0.842	0.590	0.907	0.645	0.618	1.772	1.395	-0.454	-0.206	-1.238	0.469	0.160	0.102	0.208	1.399	0.633	-0.517	0.743	-0.346	-0.371	-0.064	0.214	-0.918	-0.726	-0.265	-0.114
6	55712124	rs62404966	0.880	0.921	0.557	0.839	1.575	0.680	-0.432	1.156	0.827	0.737	1.259	0.399	0.321	-0.093	-0.020	0.325	1.962	1.432	1.478	1.374	1.874	1.007	1.154	1.871	1.522	1.397
6	105966894	rs6928864	-0.166	0.519	1.395	1.005	0.324	0.808	2.054	1.913	0.776	1.383	1.992	1.680	1.374	0.833	1.482	0.833	1.791	0.003	1.420	1.341	1.755	1.345	1.714	1.268	1.836	1.292
7	46926695	rs10951878	1.049	0.244	-0.359	-0.049	-0.392	-0.115	-0.078	1.166	0.699	0.963	1.065	0.345	0.393	0.293	0.006	0.509	0.603	0.714	0.990	1.036	0.923	0.105	0.201	-0.623	0.165	-0.925
7	47511161	rs3801081	0.199	0.281	-0.811	0.238	0.536	1.204	0.997	1.611	1.979	2.157	1.659	1.189	1.210	1.014	0.516	1.910	1.049	1.822	1.496	0.745	1.192	1.750	2.238	1.944	1.411	1.503
8	117630683	rs16892766	-0.515	0.778	-0.178	0.284	-0.234	0.066	0.759	1.018	0.610	-0.416	0.017	NA	NA	NA	NA	NA	2.189	1.024	1.247	1.092	1.358	0.540	0.975	0.371	-0.370	0.844
8	128413305	rs6983267	NA	-0.898	-0.608	-0.024	-0.145	-1.268	-2.404	-0.957	0.057	-0.504	-1.642	-0.662	-0.865	-1.351	-1.439	-1.225	-1.785	-1.246	-1.133	-1.535	-1.886	-0.721	-0.784	-0.772	-0.698	-0.786
9	22110131	rs1412834	0.271	NA	1.084	NA	NA	-0.203	-1.010	-0.243	0.404	-0.254	0.181	0.088	0.561	0.322	0.582	0.779	-0.008	-0.469	0.261	0.311	0.215	0.638	-0.025	0.460	0.188	-0.111
10	8734761	rs7894531	0.204	0.470	2.001	0.936	1.019	0.757	-0.082	-1.305	-0.736	0.298	-0.692	-0.385	-0.731	-0.726	-0.613	-0.419	-0.907	-0.379	-1.988	-0.980	-1.254	-1.193	-2.258	-0.297	-1.009	-1.058
10	101346609	rs2193352	1.022	0.171	-0.477	0.265	-0.051	0.477	0.457	-0.948	-0.997	-0.151	-1.191	-1.949	-1.110	-1.704	-1.305	-1.556	-1.932	-2.473	-1.664	-3.091	-2.308	-1.220	-1.597	-0.802	-1.753	-0.991
10	114294892	rs12255141	-1.280	-0.259	-2.068	-1.260	-1.278	-1.311	-1.268	-0.427	0.531	-0.002	-0.041	1.839	NA	1.590	1.307	1.498	-1.158	0.110	-0.162	-0.334	-1.841	1.870	1.053	0.996	1.784	1.438
10	114724473	rs11196171	0.257	0.269	-0.953	0.659	0.566	-0.234	-0.043	-1.271	-0.826	-1.200	-1.039	-0.002	0.345	-0.081	0.002	0.345	-2.068	-1.304	-1.538	-1.246	-1.613	0.464	0.041	-0.090	0.259	-0.066
11	10286755	rs4450168	NA	NA	NA	NA	NA	0.669	0.177	-0.356	-0.175	0.422	-0.788	NA	0.173	NA	NA	NA	-0.609	0.457	-0.017	-0.130	0.189	0.451	-1.464	0.921	0.686	-0.823
11	61564299	rs4246215	NA	NA	1.515	NA	NA	1.288	1.186	1.291	0.170	-0.633	1.244	1.275	3.068	2.396	2.649	1.848	1.964	1.243	1.772	2.405	2.798	2.165	2.900	2.361	1.692	1.949
11	74338355	rs57796856	-0.520	0.452	-0.193	0.521	-0.369	-0.486	-0.635	0.051	1.033	1.443	0.008	-0.027	0.452	1.173	0.382	-0.359	-1.480	-0.013	-1.349	-1.288	-0.797	-0.659	-1.457	-1.166	-1.048	-0.690
11	74415252	rs4944940	1.443	-0.578	0.958	0.544	1.018	0.974	0.765	0.529	NA	NA	0.636	NA	0.039	0.186	0.141	-0.203	1.114	0.501	0.922	1.106	1.095	0.327	0.004	-0.012	-0.197	0.109
11	111156836	rs3087967	-0.428	-0.841	-0.399	-0.845	-0.590	-0.904	-0.809	-0.833	-0.413	0.368	-0.889	-0.399	0.101	0.056	0.525	0.021	-1.110	-1.109	-2.025	-1.781	-1.824	0.163	0.576	0.294	0.431	-0.102
12	4376091	rs12818766	0.592	-0.137	-0.543	0.594	0.173	0.299	0.071	-0.313	-0.048	0.172	-0.362	0.865	0.508	0.402	0.257	0.595	-0.373	-0.071	0.050	-0.412	-0.271	0.307	0.236	0.008	0.133	-0.210
12	4388271	rs3217810	NA	NA	NA	NA	NA	0.477	0.520	0.462	-0.160	0.257	0.449	NA	NA	NA	-0.468	0.716	-1.041	-0.126	-0.549	-0.283	-0.697	-0.866	-1.249	-1.206	-1.148	-0.959
12	6412036	rs10849438	NA	NA	NA	NA	NA	0.099	-0.276	0.028	-0.071	-0.445	0.702	-0.362	-0.834	-0.176	-0.777	-0.418	0.783	1.098	1.124	0.649	1.307	0.181	-0.275	-0.008	0.017	-0.247
12	51216890	rs11169572	0.812	1.130	1.031	0.722	1.197	1.262	0.969	0.700	0.502	0.215	0.721	-0.312	0.254	0.119	0.146	-0.272	1.100	0.965	0.444	0.895	0.613	0.827	0.521	1.099	1.148	0.859
12	57540848	rs7398375	1.106	0.430	0.349	1.145	0.466	0.371	0.435	0.204	0.014	1.119	0.484	-0.375	-0.630	-0.670	-1.021	-0.168	-0.222	-0.193	0.269	0.137	0.218	-0.267	-0.244	-0.184	-0.073	0.056
12	111973358	rs597808	NA	NA	NA	NA	NA	-1.432	NA	-4.416	-2.092	-0.517	-2.682	NA	NA	NA	NA	NA	-2.754	-2.090	-3.630	-2.939	-2.882	-1.360	-1.807	-1.638	-1.813	NA
12	115891403	rs7315438	-0.686	-0.762	-0.711	0.160	-1.105	-0.986	-0.628	-1.455	-1.114	-0.522	-0.548	-0.217	-0.784	0.219	-0.532	-0.562	0.245	0.348	-0.484	-0.118	-0.266	-0.350	-0.206	0.040	0.287	-0.274
13	37460648	rs12427600	-0.578	-0.240	-0.436	1.058	-0.160	-0.266	0.164	0.752	-0.255	0.808	0.030	1.003	0.817	0.885	0.980	1.382	0.596	1.321	0.896	0.777	0.427	0.655	0.417	0.992	0.869	0.525
13	73649152	rs45597035	1.375	1.007	0.878	1.279	0.894	1.551	1.004	0.251	0.703	0.568	0.045	1.371	0.710	0.685	0.411	1.120	-0.482	-1.351	-1.022	-0.023	-0.486	0.390	0.643	0.927	0.337	0.457
13	78609615	rs1330889	-0.463	0.142	-0.160	0.436	0.341	-0.706	0.366	-0.090	0.400	0.709	-0.613	0.704	-0.311	-0.369	-0.949	-0.193	0.187	0.223	0.671	0.624	0.425	0.166	0.266	0.173	0.988	0.015
13	111074915	rs7993934	-0.369	-0.193	-0.534	-0.929	-0.694	-1.178	-1.691	-1.260	-0.958	-0.581	0.491	-0.911	-0.260	0.115	-0.531	-0.597	-0.379	-0.059	-0.666	0.065	-0.069	0.022	-0.274	0.566	0.498	0.177
14	54419106	rs35107139	1.397	0.587	0.164	-0.080	1.124	0.284	0.186	0.724	-0.488	0.226	0.197	0.728	1.319	0.797	0.128	0.542	1.390	1.327	0.880	0.408	1.306	-0.610	-0.259	-0.376	-0.173	-0.905
14	54554234	rs1570405	0.541	0.011	-0.514	-0.096	0.446	0.441	-0.097	0.118	0.974	1.796	-0.731	1.004	1.929	1.595	1.594	1.406	0.490	0.337	-0.636	0.048	-1.199	-0.152	-0.351	-0.100	-0.583	-0.760
15	32993111	rs16969681	-2.214	-1.693	0.242	-0.730	-0.962	-1.076	-0.380	-0.682	0.292	0.246	0.344	-0.499	-0.154	-0.913	-1.073	-0.676	0.303	0.156	1.427	0.276	-0.121	-0.931	-0.812	-0.809	-0.812	-1.204
15	33012502	rs73376930	0.971	0.266	0.988	1.166	1.082	1.121	1.312	-0.184	-0.085	0.882	0.143	-1.457	-1.025	-1.164	-0.969	-1.574	-0.022	-0.898	-0.419	0.055	0.078	-1.237	-0.895	-1.101	-0.447	-0.463
15	33156386	rs17816465	NA	NA	NA	NA	NA	-1.209	NA	-1.482	-2.106	-1.562	-1.692	-2.093	-0.204	1.392	-0.790	-1.670	-0.873	-1.221	-1.641	-1.134	-0.240	-1.490	-1.368	-1.154	-0.505	-1.952
15	67007813	rs4776316	-0.567	0.974	1.427	0.307	0.222	0.592	1.237	1.161	0.209	0.179	1.021	-1.210	-0.582	-0.501	0.558	-1.097	0.777	1.034	1.187	0.962	1.666	1.851	1.478	0.961	1.979	1.610
15	68177162	rs10152518	0.856	0.757	0.606	0.988	0.850	0.067	0.276	0.476	-0.013	0.339	-0.073	-1.090	-1.517	-1.254	-1.499	-1.374	-0.218	0.400	0.379	0.093	0.134	-0.797	-0.516	-1.412	-1.284	-0.891
15	91172901	rs7495132	0.243	-0.601	0.058	-0.417	0.453	-0.331	-0.222	0.838	-0.040	0.435	1.226	0.295	-0.339	0.173	-0.979	0.181	0.821	-0.164	1.057	0.150	0.290	0.480	0.610	1.661	0.403	1.001
16	80007266	rs61336918	-0.466	-0.526	1.192	-0.738	0.089	0.831	0.872	-0.228	0.123	2.077	-0.105	-0.211	-0.543	-0.588	-0.621	-0.196	-1.578	-1.589	-0.232	-0.771	-0.878	0.259	0.066	-0.096	0.509	0.133
16	86340448	rs2696839	-0.198	0.548	-0.359	-0.216	0.056	-0.573	-0.377	-0.482	-0.306	1.328	-0.399	-1.034	-0.691	-1.246	-0.443	-1.438	0.232	-0.192	0.589	0.378	0.203	-0.101	-0.277	-0.340	-0.216	-0.331
16	86700030	rs899244	-0.536	-0.407	-0.682	-0.620	-0.634	-1.613	0.051	0.233	0.649	0.154	0.718	-1.281	-1.089	-0.800	-0.373	-1.153	0.931	-0.773	0.904	1.329	1.106	0.644	0.814	1.457	0.465	1.271
17	816741	rs73975588	1.581	1.566	1.852	NA	1.211	1.482	0.964	0.001	0.312	0.292	-0.978	NA	NA	NA	NA	NA	-0.887	-1.032	-1.094	-1.619	-0.970	0.252	0.203	0.229	0.039	0.024
17	10707241	rs1078643	-0.183	-0.870	-0.199	-0.357	-0.182	-1.031	-1.105	-1.173	-1.251	1.087	-1.887	-0.606	-0.655	0.212	-0.540	-0.903	-1.579	-1.015	-1.102	-1.404	-1.334	-0.813	-1.087	-1.052	-0.446	-0.997
18	46454048	rs7226855	-0.283	0.082	1.664	0.224	-0.249	-0.363	0.223	0.461	0.822	1.043	0.346	-0.773	-0.772	-1.115	-0.822	-1.113	1.141	1.503	0.714	0.698	-0.218	0.697	0.837	0.820	0.705	0.424
19	16420817	rs285245	0.141	0.109	0.034	-0.542	0.059	0.218	-0.617	-0.913	-0.320	-0.281	-1.203	NA	1.998	NA	NA	NA	0.551	-0.503	-0.112	-0.120	-0.636	-0.762	-0.719	-0.811	-1.023	0.083
19	33524919	rs73039434	0.206	-0.033	-0.231	-0.107	0.189	-0.474	-0.350	-0.003	-0.129	-0.246	-0.090	0.240	0.421	0.269	0.299	0.638	-0.160	-0.524	-0.187	0.236	-0.143	0.790	0.828	0.980	1.093	0.835
19	41873001	rs9797885	NA	NA	NA	NA	NA	NA	-0.607	-1.590	-1.559	-2.299	-0.754	NA	NA	-0.612	-1.451	NA	-0.377	NA	0.412	-0.446	NA	NA	NA	NA	NA	NA
19	49218602	rs12979278	0.477	0.107	0.324	-0.817	0.420	-0.380	0.640	1.334	1.458	1.294	1.898	-1.225	-0.964	0.256	0.651	NA	2.778	2.697	2.610	1.923	2.570	1.521	1.782	1.586	2.642	2.071
20	6404281	rs961253	-0.331	0.270	-0.133	0.021	-0.480	-0.301	0.294	0.653	0.254	0.740	0.288	-0.082	-0.312	-0.085	0.595	-0.100	1.056	0.891	0.497	0.396	0.615	0.336	0.824	0.553	0.833	0.596
20	6693128	rs6085661	-0.096	-0.704	-0.038	-0.892	0.104	-0.632	-0.695	-1.617	-1.811	-1.563	-1.880	-0.327	-1.148	-1.076	-0.691	-0.939	-0.855	-0.456	-0.805	-0.522	-1.142	-1.822	-1.512	-1.886	-1.650	-1.190
20	7718045	rs6055286	-0.451	0.849	0.205	-0.275	1.199	1.080	-0.200	1.906	0.797	0.150	0.782	0.543	0.882	1.030	0.402	0.768	1.946	1.509	1.510	1.393	0.883	0.281	0.732	-0.243	0.978	0.740
20	47340117	rs6066825	-0.597	-1.185	0.401	-0.971	-0.836	-0.838	-0.081	1.350	1.158	0.478	1.457	1.244	2.622	2.439	2.375	2.293	0.944	1.748	1.710	1.790	1.490	0.747	1.480	1.156	1.532	0.912
20	48980670	rs4811050	NA	NA	-0.745	NA	NA	NA	-1.052	-0.394	-0.334	-0.520	0.281	0.120	0.790	0.021	0.465	0.299	-0.097	0.398	0.044	0.039	0.338	0.667	0.974	0.532	0.875	0.337
20	49057488	rs1810502	-0.123	-0.317	0.093	0.217	0.310	0.154	-0.236	-0.604	-0.648	-0.182	0.342	-0.212	0.257	-0.331	-0.278	0.202	0.205	0.248	0.343	0.196	-0.320	0.638	0.595	0.611	0.808	0.463
20	60932414	rs1741640	-1.476	-1.011	-0.691	-1.219	-0.521	-1.275	-0.155	1.213	0.709	0.638	1.392	1.370	1.614	0.712	0.719	1.344	0.661	1.114	0.273	0.722	0.573	0.871	1.174	0.223	0.558	1.093
20	62316630	rs3787089	-1.996	-1.887	-2.125	-1.344	-1.584	-1.425	-1.503	-0.139	0.079	1.064	-0.108	1.775	1.538	1.901	1.726	1.228	0.145	-0.121	-0.171	-0.306	-0.199	0.469	-0.601	-0.234	0.176	0.216
