chr	pos	bstat
1	22587728	876
1	38461319	578
1	55247852	868
1	183025555	465
1	222049820	903
2	98275354	434
2	199601925	814
2	200131695	539
2	219184436	511
3	40915239	897
3	53088285	200
3	112916918	810
3	169486508	490
4	106048291	773
4	145621328	480
5	1240998	946
5	1296486	970
5	40280202	853
5	134467751	804
6	12292772	830
6	30758466	895
6	32594248	934
6	35569562	530
6	36623124	818
6	41672769	878
6	55712124	801
6	105966894	955
7	46926695	975
7	47511161	964
8	117630683	887
8	128413305	944
9	22110131	907
10	8734761	970
10	80819132	965
10	101346609	576
10	114294892	647
10	114724473	902
11	10286755	571
11	61564299	493
11	74338355	422
11	74415252	707
11	111156836	695
12	4376091	929
12	4388271	926
12	6412036	912
12	51216890	283
12	57540848	413
12	111973358	121
12	115891403	980
13	37460648	854
13	73649152	722
13	78609615	644
13	111074915	982
14	54419106	758
14	54554234	802
15	32993111	855
15	33012502	784
15	33156386	901
15	67007813	873
15	68177162	680
15	91172901	654
16	68812301	314
16	80007266	943
16	86340448	994
16	86700030	987
17	816741	958
17	10707241	843
18	46454048	946
19	16420817	964
19	33524919	768
19	41873001	743
19	49218602	606
20	6404281	967
20	6693128	959
20	7718045	899
20	42660286	914
20	47340117	753
20	48980670	938
20	49057488	917
20	49384745	872
20	60932414	851
20	62316630	774
