chr	pos	bstat
1	9219466	923
1	58725035	899
1	80536204	960
1	87831165	928
1	167405878	856
1	178660006	784
1	201366460	927
1	218064830	916
1	242539919	976
2	21532947	886
2	50451754	788
2	70004782	531
2	97523885	252
2	111644483	834
2	121147208	927
2	121206308	951
2	150879160	893
2	202227922	279
2	220954546	926
3	128748578	693
3	150405107	889
3	150472262	848
4	1335672	785
4	124421820	934
4	175835660	946
4	175960946	970
5	44415669	703
5	44672783	591
5	44875449	545
5	44926518	598
5	56060400	453
5	90209848	564
5	158256767	798
5	174141396	954
5	174194697	982
6	29603512	851
6	29657670	851
6	29724035	856
6	30010494	862
6	30189569	840
6	30478528	830
6	30733182	895
6	30994253	923
6	30994876	923
6	31045383	929
6	31081251	929
6	31084435	929
6	31137804	929
6	31230717	934
6	31243615	934
6	31313469	934
6	31444604	934
6	31449081	934
6	31755776	895
6	32445530	929
6	41393168	958
6	77339338	922
6	77355567	923
6	77380238	929
6	97533763	802
6	134691611	926
6	149584036	810
6	151949312	842
6	152044107	888
7	123862859	829
8	103724898	917
8	128350515	962
9	21724513	913
9	117076177	871
9	129448120	795
10	28253479	698
10	55804413	887
10	64272616	866
10	80891631	966
10	123326646	905
10	123330541	922
10	123340311	925
10	123374938	933
10	123426526	944
11	1895093	982
11	95892147	962
11	111390762	366
12	28140277	905
12	57828277	232
12	57961913	279
12	99044756	410
12	115824498	978
15	38302541	938
15	38309750	940
16	9231530	856
16	9242520	917
16	11281068	917
16	52528133	895
16	52532502	907
16	52586477	801
16	52599188	851
16	52634254	857
16	52648554	919
17	64839454	934
18	1867657	977
18	13611533	928
18	24533800	793
18	42393820	829
18	42884026	879
18	47248729	872
18	54657051	758
18	59308648	950
18	64403844	941
19	55494188	964
21	16560348	967
21	16572437	939
21	36089382	888
21	36119095	910
21	43364475	958
22	39358037	895
22	39419265	912
22	49584602	994
