chr	pos	RSNUM	ESN	GWD	LWK	MSL	YRI	ACB	ASW	CLM	MXL	PEL	PUR	CDX	CHB	CHS	JPT	KHV	CEU	FIN	GBR	IBS	TSI	BEB	GIH	ITU	PJL	STU
1	9219466	rs797256	-0.946	-1.495	0.736	-0.472	-0.347	0.658	0.751	-0.790	-0.711	-0.316	-0.325	-0.782	-0.894	-0.711	-1.260	-1.130	-1.005	-0.439	-0.352	-0.744	-0.914	-1.265	-1.618	-0.359	-1.489	-1.157
1	58725035	rs75455643	NA	NA	NA	NA	NA	NA	NA	NA	NA	NA	NA	-0.829	NA	0.093	-1.490	-1.507	NA	NA	NA	NA	NA	-0.612	NA	NA	NA	NA
1	80536204	rs6657243	-0.373	-0.837	-0.353	-0.247	-0.237	-0.907	-1.302	-1.701	-1.026	-0.754	-1.350	-0.493	-1.058	-0.499	-1.010	-0.462	-0.764	-0.317	-1.296	-0.621	-0.877	-0.791	-0.450	-0.634	-0.613	-0.894
1	87831165	rs74426249	1.577	2.018	0.726	1.209	1.921	1.627	0.840	0.203	0.823	-0.164	0.136	NA	-0.303	-0.196	-0.732	0.378	1.093	0.361	0.358	0.784	0.312	-0.181	-0.426	0.375	-0.048	-0.003
1	167405878	rs61636073	-0.304	0.399	-0.336	-0.013	-0.634	-0.269	-0.181	-0.056	0.322	-0.176	-1.078	-0.130	-1.040	-0.604	-0.647	-1.131	0.689	-1.458	NA	NA	NA	-0.136	NA	NA	NA	NA
1	178660006	rs74129653	-0.764	-0.606	-0.980	-0.357	-0.381	-0.413	-0.100	1.267	0.616	NA	1.495	-0.099	0.542	-0.186	0.331	0.621	-0.635	-0.444	-0.883	0.637	0.361	0.020	-0.497	0.273	0.976	0.420
1	201366460	rs150584862	NA	NA	NA	NA	NA	NA	NA	NA	NA	NA	NA	-0.020	0.174	0.338	0.390	0.059	NA	NA	NA	NA	NA	NA	NA	NA	NA	NA
1	218064830	rs4846445	0.898	-0.128	0.273	0.319	0.627	0.981	-0.501	-0.719	0.263	0.492	-0.043	0.708	0.552	-0.399	0.034	0.291	-0.124	-1.168	-0.240	-0.642	-0.970	-1.461	-0.857	-1.317	-0.938	-0.963
1	242539919	rs143000168	1.414	1.649	1.042	1.334	1.186	1.332	1.310	0.830	-0.497	0.012	0.832	1.310	1.206	0.890	0.990	1.036	1.699	1.367	2.147	2.000	1.686	1.637	1.914	1.069	1.727	1.286
2	21532947	rs79406047	NA	NA	NA	NA	NA	NA	NA	NA	NA	NA	NA	0.594	0.848	0.530	0.884	1.139	0.856	0.341	0.650	NA	NA	1.698	-0.106	1.425	1.153	0.302
2	50451754	rs17509125	1.211	1.548	-0.387	1.781	0.856	0.749	0.234	-0.960	-0.122	0.791	-0.028	-0.184	-0.376	-0.399	-0.013	-1.047	-0.434	-0.162	-0.966	-1.185	-0.826	-0.468	-1.480	0.003	-1.448	-0.727
2	70004782	rs12618783	NA	NA	NA	NA	NA	NA	NA	NA	NA	NA	NA	NA	-0.533	-0.102	-0.958	-0.209	NA	NA	NA	NA	NA	NA	NA	NA	NA	NA
2	97523885	rs79460537	NA	-0.771	NA	NA	NA	NA	NA	NA	NA	NA	NA	NA	0.750	0.262	0.868	-0.404	NA	1.666	NA	NA	NA	0.152	NA	0.963	1.736	1.579
2	111644483	rs78717054	NA	NA	NA	NA	NA	NA	NA	NA	NA	NA	NA	NA	-1.161	NA	-1.149	-1.232	NA	NA	NA	NA	NA	NA	NA	NA	NA	NA
2	121147208	rs74580435	-0.592	0.248	NA	0.747	-0.877	-0.036	NA	NA	NA	NA	NA	-0.748	-0.001	0.195	-1.159	0.875	1.213	NA	NA	NA	-1.456	0.062	-1.086	-0.444	-1.083	-1.233
2	121206308	rs78296102	NA	NA	NA	NA	NA	NA	NA	NA	NA	NA	NA	-0.192	-0.260	NA	0.334	-0.327	NA	NA	NA	NA	NA	NA	NA	NA	NA	NA
2	150879160	rs908401	-0.489	0.414	0.036	0.873	0.209	0.047	0.079	0.160	0.152	-0.079	0.005	-0.087	0.493	0.499	-0.510	0.402	0.386	0.266	0.145	0.181	-0.233	-0.047	-0.903	-0.733	-0.401	-0.754
2	202227922	rs72937111	NA	NA	NA	NA	NA	1.399	1.316	-1.131	0.074	0.416	0.275	-0.918	-0.341	-0.992	-1.919	-0.548	-0.058	0.272	0.946	-0.347	0.566	0.677	0.707	0.444	0.675	0.236
2	220954546	rs4377328	-0.713	-0.161	-0.828	-0.204	-0.048	-0.197	-0.372	-0.075	-0.527	-1.233	0.034	-1.433	-1.961	-1.423	-1.479	-1.369	-0.302	0.718	0.103	0.787	0.257	0.249	0.066	0.284	-0.113	0.653
3	128748578	rs145777984	NA	NA	1.110	NA	1.374	1.181	1.189	1.242	0.736	0.550	-0.738	-0.788	-0.560	-0.695	-0.468	-0.228	NA	0.867	NA	NA	NA	0.149	0.810	1.061	0.387	0.611
3	150405107	rs59341156	-0.124	0.309	-0.162	-0.269	-0.566	0.107	-0.275	0.293	0.681	-0.291	-0.261	-0.185	0.139	0.067	0.890	-0.244	0.429	0.853	0.362	-0.145	0.475	0.527	0.418	1.235	0.539	0.700
3	150472262	rs2166061	-1.828	-0.680	-1.922	-1.992	-2.087	-1.739	-1.044	-1.670	-0.709	0.599	-0.445	0.233	-0.311	-0.355	-0.485	-0.583	-0.653	-0.899	-0.439	-1.957	-0.747	-1.171	-0.983	-2.161	-1.529	-1.026
4	1335672	rs6599304	0.505	NA	NA	NA	0.998	NA	NA	NA	NA	1.482	NA	NA	0.828	-0.872	-1.221	0.166	0.792	-0.019	1.466	NA	NA	0.400	NA	NA	NA	NA
4	124421820	rs1993188	-1.113	-0.365	-1.532	-0.575	-1.046	-0.843	-0.718	-0.525	-0.065	0.424	-1.222	1.229	0.875	-0.310	-0.232	0.394	-1.142	0.194	-0.987	-1.310	-1.266	-0.244	-0.906	-0.587	-1.141	-0.112
4	175960946	rs35704158	NA	1.058	NA	NA	NA	1.215	0.480	0.918	0.416	0.035	0.425	0.320	1.119	0.426	0.802	-0.899	1.296	1.623	1.559	1.631	1.866	0.154	0.254	0.063	0.230	0.078
5	44415669	rs2330553	0.970	1.060	0.240	0.471	1.181	0.473	-0.089	-0.944	-0.676	0.080	-0.940	0.474	-0.126	-0.188	-0.556	-0.056	-0.967	-1.448	-0.920	-1.808	-0.803	-0.340	0.155	0.964	0.421	0.400
5	44875449	rs62366821	NA	-0.115	0.242	NA	NA	0.091	-0.634	-1.430	-1.052	-0.878	-2.410	-0.059	-1.169	NA	-1.598	-0.158	-2.611	-1.338	-2.957	-2.865	-1.879	NA	NA	-1.975	NA	NA
5	44926518	rs10043344	0.751	0.013	0.117	0.445	0.332	-0.040	-0.465	0.418	0.407	-0.178	-0.186	0.134	0.347	0.276	-0.358	0.709	-0.870	-0.883	-0.198	-0.529	-0.327	0.370	0.322	0.332	0.047	0.225
5	56060400	rs76485124	NA	NA	NA	NA	NA	NA	NA	-0.388	-0.421	-1.427	-0.492	-0.784	-0.364	-0.221	-0.032	-0.557	-0.629	-0.702	-1.908	-0.669	-0.454	-0.299	-0.452	-1.648	-2.311	-1.344
5	90209848	rs78751985	-0.972	-1.166	-0.773	-0.261	-1.083	NA	-2.003	-0.497	-1.145	-1.103	-0.241	-1.161	-0.498	-0.843	-0.287	-0.597	0.692	0.415	-0.469	-0.962	0.145	0.166	0.579	0.661	-0.371	0.364
5	174194697	rs13162382	-0.217	-1.017	-0.467	-0.065	-0.540	-0.189	-1.228	0.790	2.178	1.452	1.584	1.396	1.549	0.601	0.538	0.800	-0.731	1.067	0.161	1.187	0.415	2.965	1.153	1.768	2.137	2.222
6	30010494	rs117483846	NA	NA	NA	NA	NA	NA	NA	NA	NA	NA	NA	NA	-1.726	NA	-1.916	NA	NA	NA	NA	NA	NA	NA	0.091	NA	NA	-1.338
6	30733182	rs141086306	NA	NA	NA	NA	NA	NA	NA	NA	NA	NA	NA	NA	NA	NA	NA	NA	NA	NA	NA	NA	NA	NA	NA	NA	NA	NA
6	31045383	rs74332731	0.313	1.559	1.877	1.154	0.937	0.737	0.820	1.435	NA	1.254	1.833	-0.604	1.717	NA	NA	NA	NA	0.244	NA	NA	NA	2.244	2.481	1.954	-0.040	1.909
6	31081251	rs2233955	-0.757	0.856	-1.000	-0.066	0.658	0.263	-0.010	1.222	1.766	1.868	1.472	0.930	1.280	1.284	2.342	0.626	1.748	2.332	1.449	1.302	1.428	0.660	0.574	1.271	0.804	1.072
6	31084435	rs1062470	-2.077	-1.398	-1.616	-1.076	-0.643	-1.410	-0.996	-0.535	-0.520	-0.942	-0.616	-1.571	-1.140	-1.512	-0.795	-0.766	-0.292	-0.620	-0.691	-0.561	0.273	-0.378	-1.294	-0.869	-0.219	-0.547
6	31137804	rs3094192	0.493	0.203	0.053	0.567	0.365	0.996	-0.132	-1.679	-0.923	-0.529	-1.425	0.545	-0.341	-0.644	-0.220	-1.534	-1.570	-1.030	-1.185	-1.404	-2.237	-0.574	0.016	-1.170	-1.306	-1.224
6	31755776	rs9469053	0.297	1.126	1.026	2.036	1.678	1.178	0.282	0.469	-0.123	-0.389	-0.131	NA	-0.127	NA	-2.515	-2.737	0.200	NA	-0.051	0.157	0.560	-0.376	-0.479	-0.232	NA	NA
6	77339338	rs73756345	0.186	-0.940	0.373	-1.335	-0.266	0.139	-0.363	0.634	0.670	0.335	0.124	2.059	0.824	1.202	0.501	0.504	1.156	-0.706	1.116	1.195	1.543	1.007	0.641	0.016	1.147	0.349
6	77355567	rs2500206	1.883	1.450	-0.104	1.273	1.341	0.495	0.187	-0.666	-0.845	0.235	-0.699	-1.885	-1.373	-1.516	-1.646	-1.292	-0.974	-0.986	-1.121	-1.085	-0.907	-1.298	-0.742	-0.578	-1.177	-0.763
6	77380238	rs9359217	0.745	-0.102	0.197	-1.008	0.228	-0.796	-0.576	-0.255	-1.259	1.651	-0.252	-1.347	0.069	-0.915	-0.755	-1.018	-0.254	-0.274	0.056	0.114	0.261	-0.806	-0.488	-0.398	-0.852	-0.349
6	97533763	rs17057387	NA	NA	NA	NA	NA	NA	NA	-0.313	-1.369	-0.852	NA	0.004	-0.326	-1.052	-0.297	-0.212	NA	0.669	NA	NA	NA	-0.604	1.225	-0.569	0.304	0.161
6	134691611	rs9493921	1.016	1.048	0.317	0.930	0.830	0.832	0.508	0.941	0.830	0.993	0.659	0.922	NA	1.207	1.213	1.133	1.163	0.798	1.269	0.830	1.531	1.050	2.150	1.755	1.862	0.701
6	149584036	rs7739630	0.736	0.360	0.562	0.856	0.077	0.902	0.847	0.764	1.926	1.537	1.187	1.114	-0.284	0.270	0.142	0.818	1.730	1.294	1.366	1.303	0.688	1.045	-0.016	1.313	0.514	0.808
6	151949312	rs7763637	0.941	1.712	0.018	1.420	1.064	0.714	0.440	-0.069	0.439	-0.258	0.427	1.937	1.261	1.784	0.585	1.636	0.061	0.838	0.206	0.825	-0.102	0.073	0.287	0.063	0.708	0.766
6	152044107	rs11755191	NA	NA	NA	NA	NA	NA	0.745	NA	-0.317	-1.828	-1.016	0.726	-0.463	0.161	0.058	0.135	0.125	-0.975	1.151	1.410	NA	1.232	NA	NA	-0.437	NA
7	123862859	rs7780016	1.214	1.095	0.559	1.449	1.927	1.644	0.658	0.417	-0.902	0.412	0.362	-0.391	-0.543	-0.181	-1.034	-0.486	-0.399	-0.749	-0.205	0.198	-0.075	-0.203	-0.585	-0.654	-0.695	-0.544
8	103724898	rs13278114	-2.448	-2.086	-1.804	-2.016	-1.815	-1.183	-1.681	0.183	-0.076	-0.424	0.516	0.408	0.787	-0.027	-0.379	0.284	0.195	0.271	0.064	-0.569	-0.052	0.756	0.633	0.606	0.339	0.208
8	128350515	rs13249993	2.255	1.596	2.420	1.948	2.144	2.621	2.131	1.940	0.401	-0.303	1.946	0.170	0.194	-0.344	0.124	0.251	1.311	1.659	2.265	1.719	1.510	0.844	0.947	1.072	0.946	0.932
9	21724513	rs144881396	NA	NA	NA	NA	NA	NA	NA	NA	NA	NA	NA	-1.351	-2.488	-0.611	-1.670	-0.212	NA	NA	NA	NA	NA	NA	NA	NA	NA	NA
9	117076177	rs16928094	NA	NA	NA	NA	NA	NA	0.348	-1.733	-3.772	-2.619	-1.705	NA	-0.129	-1.481	0.179	0.229	NA	NA	NA	NA	NA	-0.531	NA	NA	0.521	0.017
9	129448120	rs10987410	0.200	NA	-0.414	0.133	0.748	-0.095	0.128	-0.019	-0.044	-0.099	-0.294	0.285	-0.524	0.862	0.175	-0.816	-0.201	-0.300	-0.254	-0.421	-0.229	-0.662	-1.078	-0.106	-1.164	-0.764
10	28253479	rs76925533	0.739	NA	NA	0.919	0.026	1.546	0.705	0.619	0.838	-0.390	-0.361	0.346	0.983	0.726	-0.114	0.986	-0.374	-0.050	-0.039	-0.354	0.013	0.286	-0.382	-0.414	0.040	0.112
10	55804413	rs114292135	NA	NA	NA	-1.532	-1.587	NA	NA	NA	NA	NA	NA	NA	NA	-1.208	NA	-0.702	NA	NA	NA	NA	NA	-0.808	NA	NA	NA	NA
10	64272616	rs16917327	NA	NA	NA	NA	NA	NA	NA	0.934	0.711	0.078	1.266	0.623	0.610	0.597	0.149	0.924	0.930	0.642	-0.213	1.762	2.166	1.111	1.082	1.146	0.672	0.496
10	80891631	rs4980031	-0.412	0.263	-0.367	-0.264	-0.319	0.067	-1.025	-0.568	-0.125	-0.534	-0.225	-0.952	-1.136	-0.945	-0.911	-0.871	0.997	1.308	1.191	1.868	1.253	-0.698	-0.869	-0.739	-0.622	-0.662
10	123326646	rs2981432	0.880	0.588	0.837	0.613	0.887	0.117	0.294	0.101	0.257	0.611	0.155	-0.166	0.252	-0.246	-0.398	0.059	0.119	0.085	0.099	-0.014	-0.007	-0.324	0.176	-0.288	-0.182	-0.187
10	123330541	rs4752568	-1.470	-1.020	-1.031	-1.493	-1.317	-0.427	-0.997	-0.852	-0.587	-0.719	-0.983	0.093	-0.109	0.466	0.740	0.247	-0.286	-0.336	-0.191	0.056	0.244	0.364	-0.279	0.239	0.037	-0.244
10	123340311	rs2981578	0.066	-0.294	-0.822	-0.775	-1.500	-1.156	-1.244	-1.423	0.131	0.393	-1.616	-1.639	-1.322	-1.303	-1.492	-1.625	-0.854	-1.063	-0.892	-0.829	-1.185	-1.102	-0.570	-1.401	-1.263	-1.330
10	123374938	rs28639721	-0.550	-0.460	0.242	-1.062	0.135	-0.357	-0.672	-0.986	-0.464	-0.564	-1.150	-1.194	-0.500	-0.490	-0.835	-0.364	-1.587	-2.303	-1.046	-1.168	-0.779	-1.038	-1.294	-0.951	-0.528	-0.695
11	95892147	rs573190	-0.136	0.285	-0.058	-0.549	-0.218	0.286	0.403	0.883	1.492	1.459	1.138	2.094	0.962	1.289	0.907	1.671	1.003	0.912	0.536	0.845	0.633	1.683	0.630	1.043	1.007	0.748
11	111390762	rs503905	0.196	-0.105	0.254	0.419	0.553	0.581	-0.164	0.187	-0.241	-0.495	0.466	0.017	-0.817	-0.377	-0.956	-0.420	1.270	0.796	0.903	0.951	0.735	-0.556	-0.326	-0.078	0.067	-0.210
12	57828277	rs76820375	NA	NA	NA	NA	NA	NA	NA	NA	NA	-0.388	NA	0.755	-0.537	-1.110	-0.318	-0.593	NA	NA	NA	NA	NA	NA	NA	NA	NA	NA
12	57961913	rs12231916	-0.072	0.778	0.753	1.415	0.569	0.443	0.657	1.055	-0.161	-0.342	1.992	0.246	0.270	0.135	0.297	-0.044	0.851	0.342	1.126	1.302	1.377	0.445	0.401	0.800	1.000	0.756
12	99044756	rs75377389	NA	NA	NA	NA	NA	NA	NA	NA	NA	NA	NA	-0.476	-1.166	-0.341	-0.819	0.510	NA	NA	NA	NA	NA	NA	NA	NA	NA	NA
12	115824498	rs7489064	1.386	1.977	0.752	0.713	1.153	0.997	0.976	-0.418	0.093	0.052	-0.415	-0.109	0.323	-0.527	0.328	0.609	0.140	-0.406	-0.020	-0.264	-0.341	-0.297	-0.675	-0.594	-0.493	-0.583
15	38302541	rs11852864	-0.141	-0.035	1.059	0.996	0.565	0.682	0.967	1.452	0.396	-0.364	0.979	1.412	0.950	1.762	0.731	1.902	0.890	1.112	0.788	0.823	1.207	1.436	1.317	0.962	0.878	1.085
15	38309750	rs11636978	-0.687	-0.541	-0.732	0.090	0.259	0.265	-0.706	-0.082	0.286	-0.632	0.172	-1.036	-0.794	-1.056	-0.385	-0.449	1.247	0.140	1.321	1.283	0.851	-0.341	0.159	0.253	0.352	0.087
16	9231530	rs13339039	-0.085	0.945	0.267	0.214	-0.219	-0.364	-0.886	-2.191	-1.237	-0.038	-1.829	-0.024	-0.061	0.060	-0.084	0.150	-1.937	-1.563	-1.718	-1.888	-2.758	-1.537	-1.074	-1.362	-1.675	-1.107
16	11281068	rs248829	-0.253	-0.626	-0.513	-0.511	-0.768	-0.867	-0.690	-0.784	-1.776	-2.011	0.550	0.546	0.361	-0.049	-0.039	-0.254	0.708	0.877	0.140	0.739	0.936	0.142	0.195	0.656	0.152	0.156
16	52528133	rs2193092	-0.454	0.692	-1.651	0.866	-0.593	0.303	0.499	0.980	1.095	0.448	0.485	-0.584	-0.929	-0.523	-0.553	-0.529	0.810	0.337	0.339	0.358	0.353	0.267	-0.007	0.308	0.164	-0.041
16	52532355	rs1111481	0.055	0.922	0.969	0.714	0.320	1.599	2.019	1.071	2.232	0.526	1.828	1.730	1.299	1.094	1.426	0.691	1.764	2.112	1.951	1.256	1.489	0.421	0.953	0.637	0.879	0.467
16	52532502	rs2077653	0.334	0.574	-1.411	1.160	0.203	0.595	0.769	0.539	0.154	-0.048	0.183	-0.256	-0.774	-0.502	-1.709	-0.436	0.124	-0.388	-0.096	0.467	-0.421	-0.210	-0.493	-0.399	-0.481	-0.691
16	52586477	rs3803661	0.066	-0.637	0.356	-0.277	0.300	-0.181	0.084	-0.791	-0.290	-0.103	-0.543	0.265	0.364	0.094	0.267	-0.091	-1.191	-0.314	-1.321	-0.305	-0.895	0.237	0.058	-0.281	-0.252	0.315
16	52599188	rs4784227	-1.004	-0.597	NA	-1.515	-0.786	-0.401	-1.162	-0.978	-0.818	-0.329	-0.962	-1.372	-1.246	-1.776	-2.024	-1.622	-1.387	-0.421	-1.270	-0.352	-0.949	-0.596	-0.726	-0.580	-0.886	-0.312
16	52634254	rs45446704	NA	NA	NA	NA	NA	NA	NA	-0.649	-0.400	0.901	NA	-0.553	-1.364	-1.485	-1.755	-0.518	NA	NA	NA	NA	NA	NA	NA	NA	NA	NA
16	52648554	rs3112610	-0.449	-0.193	-0.169	-0.641	-1.456	-0.950	-0.451	-0.335	0.390	0.139	0.027	-0.901	-0.788	-0.982	-0.692	-0.813	0.483	0.472	0.606	0.447	-0.195	0.482	0.323	0.645	0.687	0.537
17	64839454	rs758661	0.584	0.736	-0.246	-0.499	0.728	0.919	1.160	-1.303	-1.991	-0.868	-1.210	-2.906	-2.192	-2.123	-2.150	-1.817	-2.263	-1.828	-1.527	-1.738	-2.203	-1.712	-0.884	-1.383	-1.470	-1.366
18	1867657	rs9948978	0.519	0.692	0.995	0.419	1.179	0.780	0.723	1.411	1.374	0.999	1.113	NA	2.515	NA	2.090	0.343	0.925	0.899	0.321	0.617	0.712	0.603	-0.169	0.939	-0.019	0.360
18	13611533	rs12605886	0.235	0.335	-0.684	-0.025	0.434	0.430	0.423	0.397	-0.071	-0.586	0.211	0.093	-0.610	0.002	0.451	-0.224	0.226	0.035	0.417	0.752	0.040	0.170	0.564	0.427	0.535	0.705
18	24533800	rs559547	0.561	0.718	0.268	0.025	1.126	0.640	0.073	0.233	0.185	-0.024	0.702	-0.199	0.425	0.741	0.459	0.506	1.197	0.987	0.263	0.027	0.116	2.077	2.397	1.885	1.201	1.516
18	42393820	rs9945779	-0.704	-0.501	-1.306	-0.446	-0.769	-1.320	-0.551	-0.397	-1.202	0.937	0.367	-0.346	0.615	0.863	0.549	0.015	-1.653	-0.010	-0.194	-0.870	-0.998	0.156	-0.517	0.256	0.131	0.702
18	42884026	rs12455117	-1.413	-2.182	-1.190	-2.084	-2.611	-2.344	-2.330	-1.488	-1.547	-0.869	-1.406	-2.285	-2.169	-2.023	-1.458	-2.638	-0.371	-0.977	-0.474	-0.956	-1.321	-1.833	-2.116	-2.515	-1.739	-2.164
18	47248729	rs71357206	NA	NA	NA	-0.348	NA	NA	NA	-0.871	-1.437	-1.107	-0.818	-2.110	-0.732	-1.929	-0.225	-1.508	-0.405	-0.222	-0.504	-0.941	-0.541	-1.751	-1.684	-1.470	-1.847	-1.715
18	54657051	rs1657419	1.613	1.287	1.009	1.308	1.132	0.990	0.990	0.179	1.435	1.851	0.489	0.327	0.516	2.675	0.449	0.825	0.965	1.329	0.791	0.592	1.108	0.150	0.942	0.319	0.829	0.850
18	59308648	rs11874013	0.968	0.926	0.583	-0.432	0.579	0.116	1.166	-0.224	0.123	-0.215	-0.845	-0.388	-0.286	-0.332	-0.624	-0.146	-0.316	-0.256	0.094	-0.076	-0.078	0.750	0.632	0.223	0.440	0.171
18	64403844	rs6566224	0.612	1.317	0.111	0.897	0.308	0.441	0.408	0.701	1.484	0.792	0.926	0.570	0.137	0.343	-0.056	0.778	0.751	1.179	1.630	0.727	0.834	0.917	0.324	0.922	1.056	1.180
19	55494188	rs3826883	1.157	0.167	1.637	0.715	0.463	1.087	-0.004	-1.108	-0.728	-0.902	-0.577	-0.234	0.329	0.305	0.535	-0.656	-0.821	-0.499	-0.764	-0.872	-0.830	-2.028	-0.717	NA	-1.382	-0.686
21	16560348	rs7275186	0.972	1.151	1.722	0.794	0.830	1.147	0.621	-1.139	-0.261	-0.041	-0.693	-0.324	-0.435	-0.081	-0.573	-0.182	0.269	-1.278	-0.524	-0.772	-0.286	-1.507	-1.209	-1.825	-1.921	-1.070
21	16572437	rs10482869	1.626	1.770	2.323	0.715	0.404	1.391	-0.034	-0.494	-0.772	-0.589	-0.232	0.646	0.871	0.742	0.173	0.272	0.108	-0.012	-0.642	-0.448	0.116	-0.129	-0.098	0.120	0.457	0.323
21	36089382	rs75634757	NA	NA	NA	NA	NA	NA	NA	NA	NA	NA	NA	-0.570	NA	NA	-0.554	NA	NA	NA	NA	NA	NA	NA	NA	NA	NA	NA
21	36119095	rs12483725	NA	NA	0.331	-1.164	NA	NA	NA	0.425	-0.759	-0.318	NA	-1.186	-1.630	-1.365	-0.425	-1.306	NA	NA	NA	NA	NA	0.625	NA	1.065	1.333	0.838
21	43364475	rs429110	0.742	0.440	0.625	0.705	-0.037	1.016	0.618	0.573	0.583	0.525	1.208	1.914	1.695	2.155	1.712	2.778	0.059	-0.458	-1.253	0.800	0.096	0.645	0.863	1.159	0.666	1.709
22	49584602	rs80250352	-0.496	-0.591	0.332	0.538	-0.266	0.245	-0.256	0.535	0.266	2.708	-0.101	0.249	0.533	-0.016	0.670	0.346	0.173	1.564	0.081	0.403	0.077	-0.277	-0.655	-1.628	-0.457	0.271
