chr	pos	RSNUM	ESN	GWD	LWK	MSL	YRI	ACB	ASW	CLM	MXL	PEL	PUR	CDX	CHB	CHS	JPT	KHV	CEU	FIN	GBR	IBS	TSI	BEB	GIH	ITU	PJL	STU
1	18130969	rs11203467	-0.126	0.710	-0.046	0.673	0.644	1.173	0.486	-1.662	-1.006	-1.969	0.853	-0.523	-0.486	-0.521	-0.706	-1.169	-0.928	-1.130	-0.386	-0.208	-0.142	1.053	0.175	0.883	0.669	NA
1	110364275	rs2938616	0.784	1.265	0.661	1.603	0.474	0.716	0.818	0.242	-0.522	-0.756	-0.430	-1.723	-0.817	-1.236	-1.297	-1.240	0.943	-0.744	0.411	0.617	1.047	0.011	-0.501	-0.446	-0.199	0.461
1	116085656	rs2226738	-0.466	0.675	0.588	0.141	-0.199	0.537	-0.325	-0.788	-0.992	-0.494	-1.407	1.653	1.808	1.481	1.709	0.961	0.276	1.346	0.090	1.384	-0.382	NA	NA	NA	NA	NA
1	202689028	rs4570460	NA	NA	NA	0.746	NA	NA	NA	-1.400	-0.864	-0.527	NA	-0.038	-1.640	-1.099	-1.150	-1.200	-0.402	0.222	-1.269	-0.285	-0.774	-2.212	-0.809	-1.652	-1.374	-2.192
1	226948726	rs12027141	0.488	1.579	-0.179	0.491	0.295	-0.118	0.227	-0.637	-0.674	-0.686	-1.112	-0.865	-0.751	-0.867	-1.476	-0.791	-1.110	-0.719	-0.252	-1.169	-1.622	-1.037	-0.640	-0.686	-0.688	-0.379
2	42604081	rs13426988	0.064	-0.636	-0.133	-0.452	-0.201	-0.659	-0.372	0.970	1.556	1.371	-0.953	-0.270	-0.954	-0.969	-0.245	-0.375	-0.622	-1.207	-0.601	-1.143	-1.604	-1.376	-2.802	-1.039	-1.073	-0.508
2	50871418	rs10182729	-0.436	-1.857	-0.645	-1.062	-1.035	-1.355	-0.669	0.996	0.537	0.082	0.934	1.370	2.105	1.935	1.663	1.130	0.223	0.626	0.204	0.952	0.924	1.582	1.292	2.349	1.334	2.098
2	129543159	rs11678966	1.601	0.901	1.694	1.197	1.039	1.285	1.287	0.022	0.196	-1.500	-0.300	0.669	0.431	0.979	0.598	0.355	-0.832	-1.134	-0.308	-0.807	-1.083	-0.473	-0.505	-0.456	-0.725	-0.973
2	225577791	rs35413825	0.079	0.647	1.349	1.082	1.172	0.906	-0.175	-0.563	-0.302	-0.464	-0.558	0.251	0.453	0.207	0.291	0.642	-0.688	-1.087	-0.970	-1.285	-1.101	-0.563	-0.659	-0.541	-0.463	-0.875
3	6995426	rs2163735	-1.195	-0.320	0.045	-0.574	-1.066	-0.654	-0.707	0.217	-0.114	-0.809	-0.735	-0.511	-0.079	-0.265	1.316	-0.341	-0.985	0.594	-0.060	-0.456	-0.869	0.059	0.715	0.530	1.833	0.283
3	72294856	rs4073819	-1.810	-0.541	-1.185	-1.965	-2.086	-1.886	-1.829	-1.366	-1.399	-0.794	-1.591	-0.409	-1.029	-1.269	-1.433	-1.348	-2.288	-0.203	-1.832	-1.527	-2.311	-1.621	-1.176	-1.516	-1.531	-1.510
3	101564596	rs116265807	NA	0.318	0.269	-0.092	NA	0.687	1.113	0.553	-0.123	-1.314	0.123	-1.226	-0.859	-0.604	-0.313	-1.042	-0.235	0.361	0.998	0.505	0.173	-0.773	-1.507	-0.725	-0.816	-0.241
4	167421170	rs992022	NA	NA	1.508	NA	-0.073	1.254	-0.411	-0.095	-0.691	-0.672	0.659	1.310	0.953	0.558	1.012	0.191	1.483	0.415	1.374	1.822	1.040	0.787	0.380	0.787	0.759	1.037
4	179715161	rs7657387	-0.394	-0.107	-0.456	-0.609	-0.665	0.015	0.229	-0.342	-0.113	0.337	-0.572	0.399	-0.155	0.026	0.117	0.165	-0.243	0.157	-0.433	0.051	-0.079	-0.087	-0.484	-0.415	-1.188	-0.607
5	177549802	rs67080522	NA	NA	-1.209	NA	NA	-1.659	-1.058	-1.405	-0.988	0.364	-1.646	-1.063	-0.991	-0.595	-0.503	-1.043	-1.849	-0.863	-1.588	-1.843	-1.744	-0.862	-1.509	-1.442	-1.563	-1.419
6	16589686	rs6905648	-0.748	0.882	1.281	0.031	-0.426	-0.038	-0.337	-1.633	-1.472	-0.570	-1.631	-0.061	0.058	-0.247	0.187	0.113	-1.129	-1.403	-0.831	-1.587	-1.696	-1.023	-1.214	-1.440	-1.294	-1.275
6	43090754	rs60760361	1.129	1.614	1.338	0.831	1.776	2.245	0.827	0.645	0.399	-0.064	0.757	0.686	0.201	0.553	0.507	0.505	0.739	1.072	0.431	0.410	0.578	0.195	1.421	1.048	0.786	0.336
6	117719528	rs9401004	0.406	0.046	-0.215	0.276	0.167	0.362	-0.479	0.135	0.204	0.075	0.418	0.741	-0.620	-0.194	-0.404	0.366	0.447	1.009	-0.284	0.698	0.869	0.269	0.131	0.487	0.297	0.785
7	17109926	rs819368	-0.269	-0.124	-1.188	-0.642	-1.465	-0.722	0.260	0.038	1.005	0.839	-0.373	0.052	-0.411	-0.658	-0.841	0.268	0.364	0.971	-0.177	0.021	-0.302	-0.151	-0.059	-0.340	-0.547	-0.223
7	29598302	rs55798447	NA	NA	NA	NA	0.254	-0.918	-0.626	-0.681	-0.554	-0.615	-0.708	0.440	-0.446	-1.010	-1.533	-1.061	-0.562	-1.371	-0.211	-0.098	0.246	-0.007	-0.022	-0.295	-0.187	-0.167
7	46887213	rs4308634	0.920	0.707	0.800	0.148	-0.128	-0.312	-0.056	0.655	-0.341	-0.666	0.070	0.099	0.216	-0.276	0.379	-0.131	-0.012	0.493	0.449	1.105	0.715	0.409	0.479	-0.372	0.198	-0.700
7	75371146	rs67999259	1.265	1.731	1.171	1.223	0.501	0.120	-0.506	-0.914	-0.189	0.562	-1.600	-0.300	-0.634	-0.777	-0.182	-0.360	-1.985	-1.290	-1.356	-1.946	-2.167	-0.872	-1.034	-0.919	-0.561	-0.885
7	77739434	rs11761938	0.515	0.597	0.892	0.796	0.375	-0.068	-0.055	-0.071	0.499	0.092	0.921	-1.356	-0.547	-1.197	-1.034	-0.863	-0.478	1.448	-0.325	0.573	0.050	0.143	-0.105	0.288	0.043	0.248
7	150705842	rs3918196	-1.083	-0.840	-0.982	-1.443	-1.175	-0.547	0.629	0.667	1.235	0.160	0.765	-0.354	0.030	-0.100	0.128	-0.319	1.095	0.224	0.422	0.625	0.974	0.384	0.596	-0.060	0.352	0.082
8	23664632	rs60911071	NA	NA	0.967	NA	NA	-1.431	NA	-0.448	0.056	-1.572	-0.539	-0.393	-1.335	-1.042	-1.308	-0.836	NA	0.245	0.035	-0.021	0.437	-2.243	-2.133	-1.612	-1.979	-2.066
8	59742639	rs826732	1.392	0.169	0.756	0.944	NA	-0.352	-0.064	-1.575	-0.470	-1.644	-1.321	-0.474	-1.465	-0.486	-0.873	-0.884	-0.492	-0.715	-0.647	-0.134	0.064	-1.476	-1.583	-1.687	-1.131	-1.453
9	34547423	rs10972145	0.593	0.655	0.539	0.350	0.379	0.477	-0.443	0.549	0.115	0.051	0.441	-0.230	-0.473	-0.441	-0.109	-0.225	0.089	0.344	-0.703	0.134	0.367	-0.311	-0.250	-0.053	-0.396	-0.637
9	86310303	rs12235741	NA	-1.000	NA	0.257	NA	-0.850	-0.159	-0.939	-1.188	-1.196	-1.347	-1.057	-1.387	-1.488	-1.984	-1.402	-0.447	-0.667	-0.532	-0.570	-0.433	NA	-0.315	-1.725	-0.811	NA
9	109981481	rs10978757	NA	NA	NA	NA	NA	0.994	1.443	0.426	0.635	1.133	0.122	0.651	0.507	0.260	0.609	0.430	0.720	1.023	0.197	0.961	0.345	-0.641	-0.388	-0.250	-0.425	0.098
10	33405575	rs2750055	-1.024	-1.000	-0.778	-1.304	-0.878	-0.464	0.048	0.421	1.595	0.292	0.913	-0.293	-0.343	0.055	-0.011	-0.229	1.054	1.502	1.209	0.922	0.474	0.313	0.574	0.816	1.417	1.262
11	118793613	rs11217091	-0.273	0.554	-0.196	-0.131	-0.063	-0.207	-1.034	-1.003	-1.489	-1.219	-0.612	0.481	-0.592	-0.922	-1.860	-0.723	-1.763	-2.459	-1.547	-1.370	-1.322	-0.438	-0.855	-1.212	-0.934	-0.898
12	25622352	rs11048055	0.488	0.126	0.848	-0.354	1.292	1.607	0.482	-0.432	0.200	-0.782	-0.973	0.264	0.697	0.442	0.477	0.737	-1.435	-0.625	-1.416	-0.584	-1.220	0.081	-0.930	0.264	-0.799	-0.340
12	79908743	rs11114149	NA	NA	0.022	NA	NA	-0.374	0.361	-1.973	-1.360	-1.235	-0.942	-0.027	-1.280	-1.655	-0.808	-0.674	-0.514	-1.116	-1.590	-1.478	-0.410	NA	NA	-2.171	-0.714	NA
12	96050887	rs11108175	0.948	-0.037	0.953	0.114	1.064	0.861	0.836	0.206	0.310	0.827	0.137	0.562	0.175	-0.535	-0.963	-0.344	-0.695	-0.592	-0.706	-0.593	-0.309	0.152	-0.047	0.268	0.335	0.181
12	111357471	rs17550549	NA	NA	1.283	0.877	NA	1.569	NA	0.049	1.554	0.566	1.261	0.970	-0.605	-0.275	-0.463	-0.329	0.680	0.676	-0.399	0.227	0.221	0.456	0.441	0.638	0.175	0.787
12	115098094	rs9634162	0.759	1.279	1.141	0.765	1.187	0.259	-0.060	0.662	0.848	-0.645	0.058	0.277	0.937	0.695	1.725	0.802	1.129	0.469	1.035	1.045	1.096	1.950	1.405	2.089	1.780	1.915
13	42653437	rs1012053	0.181	-0.435	-0.366	-0.344	-0.134	0.320	-0.527	-0.027	-0.188	-0.312	-0.350	-0.717	-1.329	-0.865	-1.487	-0.996	0.834	0.112	0.641	0.210	0.421	0.252	-0.758	-0.615	0.212	-0.144
13	58070983	rs75082241	-0.238	NA	0.962	0.791	0.936	2.066	0.534	NA	NA	NA	0.145	-1.471	-1.490	-1.758	-0.611	-1.465	0.864	0.629	NA	-0.499	NA	0.142	0.665	0.370	0.175	-0.273
13	95901076	rs12855244	1.493	1.315	1.454	1.781	1.074	0.419	1.398	-0.681	-0.851	-1.396	-0.051	-0.976	-0.090	0.166	-0.471	-1.398	0.109	0.740	0.076	-0.394	-0.043	-1.132	-0.822	-1.168	-0.535	-0.824
13	106056096	rs7327095	-1.327	0.118	-0.610	-1.135	-0.538	-0.831	-0.660	-0.017	0.680	0.139	-0.640	0.117	0.307	0.590	0.051	-0.191	-0.356	-0.740	-0.244	-0.750	-0.879	-1.013	-0.975	-1.191	-1.087	-1.250
14	69169334	rs74062907	0.211	0.994	0.669	0.011	0.224	0.861	0.187	0.059	-0.787	0.162	0.278	-0.446	0.555	0.147	0.210	-1.249	0.193	0.330	-0.092	0.100	0.109	-0.073	-0.552	0.034	-0.819	-0.738
14	73215706	rs2109791	-0.609	-0.695	-1.557	-1.375	-1.058	-0.504	-0.873	0.407	-0.006	-0.472	-0.623	-0.325	-1.015	-0.659	0.678	-0.092	0.167	0.194	0.021	0.065	-0.399	-0.663	-0.597	-0.971	-0.543	-1.116
15	48821048	rs2279237	-0.522	0.027	1.239	-0.225	NA	-0.255	-0.897	0.751	1.272	0.701	1.525	-0.778	-0.667	NA	-2.707	-0.499	1.040	0.380	0.711	0.346	1.930	0.925	-0.359	1.663	1.354	0.512
15	68113771	rs7171219	0.821	2.147	1.272	1.633	1.257	1.415	1.260	0.754	0.114	0.111	1.157	-0.028	-0.783	-0.482	-0.457	-0.006	1.406	1.342	0.911	0.632	1.199	0.141	0.082	-0.693	0.157	-0.787
15	71643787	rs4777372	-0.371	0.426	0.004	-0.030	-0.783	-0.194	-0.152	-1.817	-0.983	-0.424	-1.516	0.424	-0.336	-0.979	-0.280	-0.177	-0.821	-1.211	-1.034	-1.684	-1.658	-0.966	-1.328	-1.322	-0.924	-1.153
16	72003732	rs28629271	1.164	1.013	0.509	1.580	0.815	0.485	1.426	1.123	0.126	0.439	0.739	0.157	0.638	-0.043	-0.514	0.291	-0.505	0.775	-0.815	0.373	-0.704	-0.354	-0.247	-0.547	-0.314	-0.661
16	88744756	rs9931509	-1.267	-0.755	-0.248	-0.555	-0.787	-0.568	0.081	-0.023	-0.351	-0.688	-0.068	-0.957	-1.112	-1.175	-1.403	-1.182	0.346	0.169	-0.014	-0.130	-0.638	-0.582	-0.027	-0.137	-0.243	-0.190
18	12881361	rs8083786	0.527	0.852	0.613	0.340	0.442	0.521	0.112	-1.382	-1.286	-0.692	-0.856	0.444	-0.363	-0.561	-0.034	-0.371	-0.602	-0.627	0.127	-0.318	-0.636	-0.889	-0.562	-0.600	-0.829	-1.108
20	744415	rs3746804	1.946	0.924	0.134	2.944	1.928	1.934	1.101	0.041	0.832	0.746	-0.533	2.028	-0.102	1.767	0.394	1.327	-0.295	0.008	-0.799	-0.898	-0.772	0.465	-0.868	0.883	-0.497	0.357
20	8449374	rs8117408	NA	NA	NA	NA	NA	0.035	3.026	0.207	0.630	0.376	-0.866	-0.901	-0.753	-0.792	-0.786	-1.276	-0.593	-0.462	-0.714	-0.496	0.235	-0.348	-0.175	-0.825	-0.579	-0.821
20	55804116	rs193044	NA	-0.378	-1.382	-0.717	NA	0.356	-1.490	-0.519	-0.074	0.448	-0.631	-0.095	-1.265	-0.832	-1.441	0.144	-0.145	-0.256	0.308	0.422	0.587	-0.591	-0.290	-0.342	0.064	-0.034
21	40423471	rs2242936	-0.543	-0.761	0.366	-0.783	-1.399	-0.270	-0.393	0.587	-0.012	-0.414	0.122	-0.853	0.283	-0.182	-0.707	NA	0.558	-0.194	0.760	0.095	0.195	-0.143	-0.953	-0.826	-0.252	-0.559
