rsid	chr	pos	Allele	OR 	Beta	P-value
rs11203467	1	18130969	G	1.130	0.122	6.75E-07
rs2938616	1	110364275	G	1.100	0.095	1.06E-05
rs2226738	1	116085656	C	1.100	0.095	2.24E-06
rs4570460	1	202689028	G	1.110	0.104	5.60E-05
rs12027141	1	226948726	G	1.080	0.077	1.26E-05
rs13426988	2	42604081	G	1.100	0.095	1.92E-06
rs10182729	2	50871418	C	1.050	0.049	3.16E-04
rs13419069	2	52886031	G	1.070	0.068	6.77E-06
rs11678966	2	129543159	G	1.070	0.068	1.86E-05
rs35413825	2	225577791	A	1.080	0.077	7.63E-07
rs2163735	3	6995426	G	1.080	0.077	1.53E-06
rs4073819	3	72294856	T	1.070	0.068	1.97E-04
rs116265807	3	101564596	G	1.140	0.131	7.05E-06
rs992022	4	167421170	T	1.070	0.068	1.03E-04
rs7657387	4	179715161	C	1.080	0.077	5.97E-05
rs67080522	5	177549802	C	1.080	0.077	9.81E-06
rs6905648	6	16589686	A	1.070	0.068	4.38E-05
rs199728	6	25951373	C	1.090	0.086	1.03E-04
rs60760361	6	43090754	T	1.128	0.120	1.54E-05
rs9401004	6	117719528	G	1.070	0.068	5.26E-05
rs819368	7	17109926	T	1.090	0.086	1.03E-05
rs55798447	7	29598302	T	1.080	0.077	2.30E-05
rs4308634	7	46887213	G	1.070	0.068	1.34E-05
rs67999259	7	75371146	C	1.070	0.068	2.30E-06
rs11761938	7	77739434	C	1.070	0.068	1.84E-04
rs11549785	7	115850675	C	1.060	0.058	7.67E-05
rs3918196	7	150705842	A	1.090	0.086	1.25E-05
rs60911071	8	23664632	G	1.070	0.068	1.23E-06
rs826732	8	59742639	C	1.070	0.068	4.29E-06
rs62558833	9	34039002	T	1.080	0.077	3.64E-07
rs10972145	9	34547423	T	1.060	0.058	1.29E-05
rs12235741	9	86310303	G	1.080	0.077	1.04E-06
rs10978757	9	109981481	G	1.100	0.095	8.30E-05
rs74995296	9	138690389	C	1.080	0.077	7.66E-06
rs2750055	10	33405575	T	1.070	0.068	7.01E-06
rs1245518	10	73784025	C	1.060	0.058	9.27E-06
rs11217091	11	118793613	C	1.110	0.104	7.34E-07
rs11048055	12	25622352	C	1.080	0.077	1.25E-05
rs11114149	12	79908743	A	1.070	0.068	1.88E-06
rs11108175	12	96050887	A	1.080	0.077	5.69E-06
rs17550549	12	111357471	C	1.090	0.086	6.61E-06
rs7307862	12	112437514	C	1.090	0.086	1.15E-05
rs9634162	12	115098094	A	1.070	0.068	2.40E-05
rs1012053	13	42653437	C	1.070	0.068	6.90E-07
rs75082241	13	58070983	C	1.080	0.077	9.99E-06
rs12855244	13	95901076	A	1.080	0.077	9.34E-06
rs7327095	13	106056096	A	1.070	0.068	1.44E-05
rs74062907	14	69169334	G	1.110	0.104	2.88E-05
rs2109791	14	73215706	C	1.070	0.068	9.82E-06
rs2279237	15	48821048	A	1.070	0.068	1.03E-03
rs7171219	15	68113771	C	1.090	0.086	8.04E-06
rs4777372	15	71643787	C	1.080	0.077	1.81E-06
rs28629271	16	72003732	C	1.050	0.049	6.30E-04
rs9931509	16	88744756	C	1.060	0.058	2.99E-04
rs8083786	18	12881361	A	1.080	0.077	1.87E-06
rs2463240	19	50941905	G	1.060	0.058	2.30E-05
rs3746804	20	744415	G	1.060	0.058	5.09E-05
rs8117408	20	8449374	C	1.100	0.095	3.26E-06
rs193044	20	55804116	A	1.050	0.049	3.63E-04
rs2242936	21	40423471	C	1.09	0.086	8.93E-06
