chr	pos	bstat
1	3037613	987
1	35228604	768
1	42004051	653
1	56400267	931
1	65614849	871
1	110768189	883
1	113055758	524
1	117272233	909
1	151696875	320
1	187258428	904
1	204003546	866
1	237530870	927
2	26916969	636
2	32705085	135
2	66285960	930
2	142355098	902
2	227521410	907
2	242710079	982
3	2846867	978
3	53594413	651
3	76430792	925
3	127157198	925
3	168766440	667
3	190030058	847
4	81182554	797
4	102110322	928
4	103525836	687
4	108476965	900
4	123682925	674
4	140659135	893
4	147578843	793
4	155495145	548
5	1765331	994
5	2023857	994
5	51816532	868
5	52071311	810
5	80021193	622
5	106916719	917
5	119364613	924
5	120477398	963
5	127813874	599
5	132843269	910
6	7316250	794
6	11199962	809
6	42197916	786
6	45923789	825
6	46009132	864
6	72431884	869
6	72450435	917
7	27316640	704
7	43851872	774
7	43916138	632
7	83046336	725
8	26280815	758
8	106686722	836
9	791218	934
9	4322680	976
9	10672231	990
9	27124431	830
9	78748973	931
9	94337776	911
9	115529534	743
10	18524652	956
10	104943986	128
10	105218254	226
10	105459834	530
10	105596641	616
10	105770313	249
10	119507002	955
11	1898664	982
11	1983282	976
11	81038527	949
11	132948244	994
12	20579694	957
12	24770775	886
12	51617601	544
12	51650918	584
12	63042437	558
12	63193456	920
12	90054619	471
12	90080939	546
12	94682704	708
12	110140772	736
12	110169723	725
12	110390979	221
12	111344621	584
12	111629389	592
12	111630519	590
12	111673387	576
12	111747963	450
12	111942493	106
12	112241766	100
12	112329287	55
12	113031543	632
12	113117897	679
12	113409176	873
13	71184725	945
13	110917507	988
13	110954510	987
14	33776047	861
14	72849980	917
14	94685042	551
15	22916559	940
15	79852478	906
15	96135977	984
16	22791388	952
16	75278920	740
17	7123506	291
17	43069387	548
17	43121308	466
18	71490594	994
19	3309635	988
19	10893074	516
19	11526765	867
19	22654944	988
19	59082605	636
20	10851918	914
20	10966476	920
20	50108963	943
20	50153344	940
21	25943805	987
22	48317040	994
