chr	pos	RSNUM	ESN	GWD	LWK	MSL	YRI	ACB	ASW	CLM	MXL	PEL	PUR	CDX	CHB	CHS	JPT	KHV	CEU	FIN	GBR	IBS	TSI	BEB	GIH	ITU	PJL	STU
1	3037613	rs876740	1.552	0.659	1.873	0.956	0.795	-0.018	0.421	-0.755	0.155	-0.198	-0.671	-0.329	-0.012	0.085	0.198	-0.756	-1.346	-1.094	-1.096	-0.894	-0.905	-1.077	-0.765	-0.967	-1.136	-0.660
1	35228604	rs1985283	-1.188	-1.887	-0.546	-0.872	-1.134	-0.938	-0.506	-1.025	-0.846	-0.436	-0.377	-0.236	-0.176	-0.419	-0.827	-0.459	-0.722	-0.046	-1.126	-0.707	-0.623	-0.459	-0.620	-0.329	-0.488	-0.448
1	42004051	rs74069907	0.970	1.376	0.273	0.950	0.643	1.040	0.828	0.194	NA	0.454	0.216	0.299	-0.771	0.437	-0.384	-0.506	-0.558	NA	0.029	-0.169	0.922	-0.829	-1.081	-0.400	-0.590	-1.196
1	56400267	rs139164970	NA	NA	NA	NA	NA	NA	NA	NA	NA	NA	NA	NA	-0.124	-0.101	0.321	-0.551	NA	NA	NA	NA	NA	NA	NA	NA	NA	NA
1	65614849	rs72926143	2.229	2.937	2.394	2.761	2.887	2.147	1.179	-0.885	0.606	0.027	-0.452	0.390	0.137	-0.077	0.582	-0.152	NA	NA	NA	-1.035	-1.181	-1.224	-1.702	-1.110	-1.414	-1.109
1	110768189	rs2784148	0.321	0.775	0.300	0.354	0.507	-0.623	-0.173	1.017	-0.070	-0.863	0.360	0.480	0.196	-0.089	0.353	0.126	1.869	0.754	1.485	0.207	1.191	0.240	0.439	-0.026	0.128	0.055
1	113055758	rs58118553	0.295	0.482	0.181	0.747	0.258	0.440	0.344	0.232	-0.081	-0.086	0.932	-0.279	-0.566	-0.582	-0.593	-0.561	1.220	0.083	0.545	1.193	1.447	1.346	0.645	1.401	0.768	1.554
1	117272233	rs491930	-1.038	-0.172	-1.050	-1.721	-0.826	-0.698	-1.664	-0.141	-1.396	-0.395	-0.373	-1.123	-0.616	-0.934	-0.541	-0.735	0.365	1.060	0.481	0.324	-0.071	-0.752	-0.381	-0.321	-0.559	-0.663
1	151696875	rs1781409	0.237	0.532	-0.372	0.090	0.396	-0.265	-0.893	-1.190	-1.233	-0.873	-0.389	-1.274	-2.225	-1.973	-0.629	-1.081	0.799	0.349	-0.325	NA	NA	-0.912	-1.222	-1.066	-0.543	-0.814
1	187258428	rs76594799	-0.160	NA	0.636	NA	NA	-0.188	1.371	-0.109	-0.580	-1.150	-1.162	-0.416	NA	-0.948	NA	-0.597	NA	NA	NA	-0.912	-0.589	-0.897	-0.941	-0.371	-1.159	0.758
1	204003546	rs11240650	0.757	0.622	0.233	0.878	0.617	0.353	0.296	0.174	0.590	0.780	-0.377	-0.805	0.039	-0.035	-0.085	-0.940	1.046	1.112	1.393	-0.209	0.137	-1.089	0.021	-1.101	-0.393	-1.954
1	237530870	rs28420757	1.866	1.882	0.955	1.282	1.902	2.117	3.236	2.015	2.060	1.728	1.525	1.208	0.939	0.200	0.055	1.215	2.399	1.412	1.894	1.972	1.348	1.355	2.373	1.813	0.905	1.978
2	26916969	rs1275980	0.520	0.268	-0.141	0.223	0.509	-0.440	-1.104	-0.887	-1.188	-1.030	-1.181	1.668	1.434	1.750	1.876	2.093	-0.859	0.144	-1.294	-0.669	-0.285	0.121	-0.285	0.011	-0.670	-0.469
2	32705085	rs6543657	0.218	0.654	0.310	0.005	0.617	0.529	0.590	0.077	-0.535	-0.346	0.921	-0.445	0.288	-0.148	0.847	-0.924	1.387	1.458	1.337	-0.126	0.919	-1.249	-0.610	-0.582	-0.770	-1.259
2	66285960	rs67111126	0.887	-0.023	-0.421	0.227	0.781	-0.295	-0.531	0.778	0.707	-0.359	0.844	-0.344	-0.650	-0.950	-0.510	-0.745	-0.435	0.334	-0.368	-0.244	0.316	0.476	0.547	0.419	0.393	1.063
2	142355098	rs141504408	NA	NA	NA	NA	NA	NA	NA	NA	NA	NA	NA	NA	NA	NA	NA	NA	NA	NA	NA	NA	NA	NA	NA	NA	NA	NA
2	227521410	rs9288615	-0.274	-0.968	-0.834	0.632	0.293	0.409	0.565	1.110	1.234	2.265	0.494	0.187	0.218	0.229	0.291	0.594	0.568	-0.235	0.792	0.266	0.104	0.298	0.608	-0.034	0.634	0.613
2	242710079	rs7582582	0.564	-0.830	NA	-0.399	0.418	-0.137	-1.069	-1.800	-1.596	0.028	-1.955	-0.839	-1.603	-1.406	-1.207	-0.752	-1.428	-1.638	-2.001	-1.720	-1.696	-1.740	-2.056	-1.927	-1.648	-1.841
3	2846867	rs12630985	-0.322	-0.169	-0.446	0.617	-0.115	0.183	0.940	0.235	-0.409	0.007	0.419	-0.669	-0.674	-0.562	-0.762	-0.582	-1.048	-1.383	-1.659	-0.138	-1.178	-0.618	0.094	0.406	-0.447	-0.566
3	53594413	rs56021416	0.299	-0.757	-0.466	-0.411	-0.321	-0.475	-0.532	1.363	0.923	2.323	0.685	2.010	1.189	1.218	2.088	2.203	-0.279	0.792	-0.191	-0.158	0.203	0.104	0.517	0.034	0.449	0.166
3	76430792	rs79141363	0.042	0.591	0.811	-0.506	-0.131	-0.068	-0.055	0.175	0.006	-0.331	0.562	0.390	1.147	1.045	1.035	0.300	0.919	0.680	0.663	0.874	1.208	0.771	1.057	1.019	0.357	1.045
3	127157198	rs117177087	NA	NA	NA	NA	NA	NA	NA	NA	NA	NA	NA	NA	-2.348	-1.515	-1.671	-2.387	NA	NA	NA	NA	NA	NA	NA	NA	NA	NA
3	168766440	rs10936572	-0.701	0.226	-1.214	0.147	-0.418	-0.620	-0.123	1.108	-0.074	2.339	0.513	0.464	0.126	0.800	1.016	0.395	1.248	1.206	0.601	1.259	1.489	-0.742	-0.334	-0.386	-0.798	-0.029
3	190030058	rs7430690	0.058	0.075	-0.091	-0.357	0.512	-0.212	-0.168	-0.437	-0.601	-1.044	-1.094	0.910	0.392	0.510	0.598	1.044	-0.399	-0.453	-0.761	-0.565	-0.771	-0.873	-0.503	-0.636	-0.798	-1.236
4	81182554	rs12509595	-1.233	0.258	-0.838	-0.508	-1.290	-1.112	-1.230	0.601	0.177	0.322	0.562	-0.367	-0.843	-0.574	-0.419	-0.476	0.440	0.542	0.568	-0.085	1.400	0.066	1.125	-0.130	0.194	-0.320
4	102110322	rs73833259	0.324	-0.724	1.291	-0.290	0.930	-0.112	0.048	0.714	NA	NA	NA	-1.482	NA	0.005	NA	-1.384	NA	NA	NA	NA	NA	0.559	NA	NA	NA	0.052
4	103525836	rs3774966	NA	NA	NA	NA	NA	NA	NA	NA	NA	NA	NA	0.373	-0.430	NA	-0.908	0.857	NA	NA	NA	NA	NA	NA	NA	NA	NA	NA
4	108476965	rs149487025	NA	NA	NA	NA	NA	NA	NA	NA	NA	NA	NA	NA	-0.335	0.086	-0.231	NA	NA	NA	NA	NA	NA	NA	NA	NA	NA	NA
4	123682925	rs77123915	NA	NA	NA	NA	NA	NA	NA	NA	NA	NA	NA	0.658	0.699	-0.185	0.258	0.830	NA	NA	NA	NA	NA	NA	NA	NA	NA	NA
4	140659135	rs6536411	0.364	0.655	0.543	0.442	0.134	-0.212	0.914	-1.235	-0.891	0.305	-1.512	-1.033	-1.252	-0.868	-0.057	-1.006	-1.375	-1.435	-0.670	-1.744	-1.291	-1.644	-2.154	-2.094	-2.178	-1.821
4	147578843	rs35396752	1.842	1.854	1.943	2.032	1.598	2.423	2.315	1.128	0.648	-1.463	0.825	1.241	0.066	0.689	0.067	0.446	2.034	1.231	0.596	1.735	0.904	1.912	1.453	1.406	1.462	1.032
4	155495145	rs12512879	-0.558	-0.156	0.333	-0.546	-0.409	-0.114	-0.198	0.465	0.355	-0.439	-0.030	2.822	2.852	2.437	1.434	2.032	-0.600	0.803	0.128	-0.278	0.376	1.173	1.088	1.380	1.027	1.313
5	1765331	rs66986057	-0.107	-0.584	-1.115	-0.510	-0.488	-0.374	-0.577	-0.247	-0.650	0.705	-1.148	0.725	-0.664	0.434	-0.670	-0.150	-1.241	0.081	-0.530	-0.429	-0.927	-0.085	-0.674	-0.869	-0.367	-0.457
5	2023857	rs4975723	1.663	0.899	0.216	1.180	0.861	1.417	0.754	0.821	0.455	-0.086	0.662	1.731	2.003	1.819	1.845	2.218	0.053	0.438	0.193	1.072	1.162	2.981	1.561	2.414	0.797	2.679
5	51816532	rs72746796	0.121	0.322	-1.234	0.055	0.028	-0.356	-0.730	-0.642	-0.898	-0.331	-0.079	-0.178	-0.743	-1.329	-1.121	-0.502	-0.189	-0.142	0.139	-0.768	-0.294	-0.433	0.120	-0.731	-0.040	-0.402
5	52071311	rs1391986	-1.052	0.224	-1.051	0.263	-1.023	-1.395	-1.244	0.118	-1.781	0.183	-0.178	0.121	-1.577	-0.959	-1.424	-1.617	0.798	-0.395	NA	0.442	-0.380	-1.680	-1.541	-0.368	-1.154	-0.693
5	80021193	rs245016	-0.076	0.218	-0.946	-0.251	-0.054	-0.672	-0.474	0.365	-0.099	0.972	-0.683	-0.977	-0.567	-0.818	-0.699	-0.921	-0.082	-1.316	-1.005	0.233	0.243	-1.125	-0.973	-0.537	-1.015	-0.542
5	106916719	rs6888055	-0.356	-1.435	-0.385	-1.675	-0.623	-1.688	-1.435	-0.274	-0.995	-0.835	-0.149	NA	-1.560	-0.553	-1.160	-0.237	0.236	0.072	0.132	0.235	-0.035	-1.181	-1.818	-2.137	-1.085	-1.120
5	119364613	rs6595204	0.082	-0.264	0.191	-0.171	-0.235	-0.269	0.578	-0.324	-0.625	-0.785	-0.071	0.933	0.035	0.042	0.132	0.764	1.607	0.790	2.091	1.695	1.644	-0.495	0.271	-0.181	-0.213	-0.660
5	120477398	rs10055307	-0.143	0.950	0.021	0.375	0.203	0.443	-0.067	-0.617	-0.217	-0.037	-0.638	0.240	0.166	-0.093	0.736	0.222	-0.886	-0.869	-0.872	-1.304	-0.846	-0.020	-0.338	0.273	0.010	0.317
5	127813874	rs7713256	1.048	1.717	0.472	1.562	0.664	1.091	0.736	-1.416	-0.312	-0.004	-1.320	-1.382	-0.881	-1.198	-0.980	-1.319	-1.388	-1.571	-1.009	-1.341	-1.708	-0.236	-0.597	-0.282	-0.434	0.044
5	132843269	rs57291925	0.989	-0.470	0.691	0.120	0.494	0.583	0.317	0.847	1.761	1.978	1.742	0.682	1.122	1.036	1.052	0.945	-0.199	-0.677	0.773	0.777	0.535	0.657	0.390	0.267	0.018	0.561
6	7316250	rs116187456	0.574	0.528	0.901	1.783	0.930	-0.512	0.353	4.165	2.809	NA	1.739	-0.088	2.532	1.509	1.803	1.155	-0.925	NA	3.412	0.236	3.745	-0.120	0.094	0.395	1.494	0.641
6	11199962	rs35800916	0.842	NA	-0.675	NA	NA	-1.695	-0.811	-1.651	-1.620	-1.149	-1.646	-0.861	-0.826	-0.050	0.031	-0.145	-2.182	-1.036	-1.901	-1.988	-1.145	-0.245	-0.855	-0.645	-1.020	-0.426
6	42197916	rs7755400	-0.454	-0.606	-1.096	-0.744	0.003	-0.762	-0.906	-1.330	-1.559	-1.206	-1.654	-0.680	-1.537	-1.010	-0.797	-0.127	-1.381	-0.657	-2.015	-1.667	-0.750	-1.822	-1.189	-2.125	-1.305	-1.576
6	45923789	rs16874040	1.152	1.294	0.844	1.064	1.028	1.010	0.940	3.059	NA	2.361	-0.472	0.397	0.610	-0.125	0.730	1.423	NA	NA	NA	1.868	NA	0.411	0.508	0.514	1.201	0.114
6	46009132	rs9381416	-0.232	-1.431	-0.990	-0.860	-0.903	-0.697	-0.968	1.047	0.274	0.435	0.376	2.477	2.932	2.080	2.120	1.841	0.614	1.002	0.216	0.817	0.106	1.915	0.993	0.784	1.527	1.256
6	72431884	rs75470097	2.679	1.284	2.116	1.383	NA	2.197	NA	-0.864	0.228	-1.045	-0.781	-0.585	0.177	0.081	0.682	-0.543	0.222	0.811	0.261	0.103	0.014	0.538	0.733	-0.091	0.945	0.051
6	72450435	rs1410669	0.542	-0.032	0.327	0.111	0.375	0.380	0.796	0.537	0.713	0.804	1.266	-0.343	-0.208	-0.379	-0.117	-0.387	1.076	1.690	1.206	1.255	1.206	0.588	0.954	0.605	0.912	0.757
7	27316640	rs7800053	-0.478	1.263	-0.437	0.689	-0.668	-0.076	0.245	0.317	-0.198	-0.095	-0.754	1.408	1.028	0.559	0.053	0.659	0.358	0.029	0.491	0.206	0.807	1.253	1.461	NA	1.190	1.533
7	43851872	rs672708	1.580	1.815	1.672	1.648	1.789	1.902	1.169	0.212	1.016	-0.655	1.234	0.673	0.257	0.367	0.239	-0.108	0.409	0.452	0.699	0.295	0.383	1.118	0.996	0.850	1.030	0.625
7	43916138	rs1468405	-0.510	-0.416	0.165	-0.987	-1.056	-0.203	-0.969	0.025	0.795	-0.788	-0.232	-0.422	-0.570	-0.640	-0.254	-0.312	-0.484	-0.484	-0.433	-0.562	-0.308	0.374	0.230	0.520	0.369	0.142
8	26280815	rs9694042	0.277	0.334	1.037	0.150	0.377	-0.020	0.781	0.427	0.476	-0.486	0.768	-0.003	0.533	-0.051	0.497	0.543	1.092	1.457	1.010	0.572	0.980	1.035	1.123	0.871	1.192	0.880
8	106686722	rs3779773	1.167	0.930	0.700	0.801	1.527	0.998	-0.031	0.819	0.312	0.195	0.412	1.059	1.105	1.074	0.846	NA	-0.044	0.230	0.315	-0.217	0.113	-0.116	-0.335	0.063	-0.429	-0.236
9	791218	rs10758907	1.456	1.437	1.720	1.343	1.026	0.816	0.369	-0.903	0.000	1.137	-0.636	1.409	0.935	1.190	1.348	1.759	-2.217	-1.879	-2.098	-1.546	-2.366	0.153	-0.011	-0.112	-0.612	-0.536
9	4322680	rs142178390	1.756	1.367	1.774	0.737	1.708	1.680	0.441	NA	1.093	NA	-0.470	0.854	NA	NA	NA	NA	NA	NA	NA	NA	NA	NA	NA	NA	NA	NA
9	10672231	rs4559294	0.050	NA	0.527	0.336	0.191	1.008	0.317	0.119	-0.041	0.722	-1.417	-0.313	-0.561	0.832	-0.276	-0.240	-0.626	-0.231	-1.179	-1.509	-1.743	-0.504	-1.025	-0.960	-0.883	-1.061
9	78748973	rs3739728	-0.457	-0.729	-0.118	0.883	-0.100	-0.284	-0.366	0.252	-0.534	-1.049	-0.485	-1.366	-0.142	-0.394	0.217	-1.496	-0.484	0.307	0.114	-0.462	0.777	0.089	0.437	-0.245	-0.202	-0.697
9	94337776	rs4744059	0.210	-0.424	0.005	-1.319	-0.075	-0.952	-0.788	-0.883	-0.650	-1.570	-0.729	0.652	-0.145	0.135	0.074	-0.261	-1.296	-1.111	-0.563	-0.422	-0.387	-1.036	-0.517	-0.974	-0.723	-1.362
9	115529534	rs76197956	NA	NA	NA	NA	NA	NA	NA	NA	NA	NA	NA	NA	NA	NA	-1.187	-1.555	NA	NA	NA	NA	NA	NA	NA	NA	NA	NA
10	18524652	rs36055159	NA	-1.759	NA	NA	-2.050	-1.067	-0.130	-0.279	0.087	0.798	-0.391	-1.881	-0.511	-1.010	-0.555	-1.952	-0.402	-0.538	-0.469	-1.199	-0.448	-1.397	-0.923	-1.598	-0.700	-1.144
10	104943986	rs10748838	-1.287	-0.985	-1.203	-1.245	-1.296	-1.996	-1.187	0.343	-0.382	0.158	-0.021	1.657	0.224	0.282	0.117	0.260	-0.165	0.473	-0.496	0.214	0.116	-0.108	0.164	-0.551	-1.113	-0.338
10	105218254	rs4918016	0.118	0.172	0.050	0.156	0.599	0.552	0.509	-0.705	-1.181	-0.935	-1.370	-1.308	-1.141	-0.194	-0.358	-0.832	-0.730	-0.639	-0.843	-0.489	0.407	0.245	0.161	0.410	0.496	0.647
10	105459834	rs11191772	-0.352	-1.832	-1.016	-0.643	-0.668	-1.620	-1.189	-0.902	-1.234	-0.091	-0.023	-0.593	-0.116	-0.409	0.187	-0.378	-1.059	-0.754	-0.788	-0.836	-0.560	-0.805	-0.813	-0.546	-1.174	-1.396
10	105596641	rs4918058	1.038	0.286	0.881	1.146	0.941	1.019	-0.492	-0.215	-0.450	-0.573	-0.535	0.160	-0.175	-0.157	-0.317	-0.132	-0.076	0.246	-0.374	0.167	0.340	-0.715	-0.678	-0.856	-1.153	-0.818
10	105770313	rs9971120	0.072	-0.986	-0.247	-0.903	-0.394	-0.865	-1.432	-0.559	-0.917	-0.179	-1.157	0.039	0.039	0.850	0.290	-0.239	-0.958	0.164	-0.273	-0.325	-0.611	-1.150	0.480	-0.279	-1.164	-0.578
10	119507002	rs7476731	NA	NA	1.063	NA	NA	NA	NA	-0.645	-0.658	-0.593	-0.802	-0.325	-0.923	-0.573	-0.145	-1.303	-0.092	NA	NA	0.399	NA	-0.399	0.559	0.616	0.412	0.159
11	81038527	rs188572929	NA	NA	NA	NA	NA	NA	NA	NA	NA	NA	NA	0.042	0.022	-0.370	NA	0.696	NA	NA	NA	NA	NA	NA	NA	NA	NA	NA
11	132948244	rs7106048	1.069	1.545	1.002	0.811	0.988	1.399	1.372	1.625	2.514	3.160	1.035	1.499	2.141	1.643	1.622	2.176	0.636	0.990	1.217	0.832	0.570	2.227	2.299	2.044	1.701	2.224
12	20579694	rs11045239	-1.070	-2.290	-0.211	-1.313	-0.873	0.362	-1.013	-0.649	0.077	0.383	-1.844	-1.411	-1.576	-1.590	-1.275	-1.008	-1.017	-0.867	-1.075	-1.210	-0.810	-1.903	-2.566	-1.873	-1.766	-1.762
12	24770775	rs11047532	-0.055	-0.145	-0.828	-0.740	0.302	0.583	-0.145	-0.405	-0.817	-0.515	-0.118	-1.167	-1.556	-1.579	-2.111	-1.375	0.314	-0.474	0.212	-0.706	-0.776	-0.408	0.186	-0.160	-0.325	-0.522
12	51617601	rs6580813	0.257	1.131	1.338	0.445	-0.005	0.452	1.219	0.151	0.070	-0.809	0.844	0.007	-1.018	-1.005	-0.473	-0.470	0.414	0.716	0.203	0.667	1.104	-0.121	0.435	-0.413	0.078	-0.300
12	51650918	rs4761804	1.144	1.286	0.524	0.893	1.022	1.251	0.959	0.474	1.241	1.054	0.542	2.011	1.652	1.570	1.198	1.519	0.281	-0.438	0.368	0.003	-0.360	-0.323	-1.344	-0.771	-0.259	-0.813
12	63042437	rs116885209	NA	NA	NA	NA	NA	NA	NA	NA	NA	NA	NA	-0.355	-0.411	-1.164	-0.236	-0.441	NA	NA	NA	NA	NA	-1.006	NA	NA	NA	NA
12	63193456	rs510656	-0.786	-0.883	-0.571	-0.781	-0.440	-1.005	-1.593	-0.357	-1.951	0.446	0.366	0.882	1.739	0.736	0.739	1.200	NA	-0.058	0.456	-0.199	NA	1.472	0.251	1.707	1.968	1.058
12	90054619	rs73437338	0.263	-0.362	0.184	0.144	-0.300	-0.797	-0.854	-0.153	-0.069	-0.637	-1.177	-1.900	-0.900	-0.713	-1.614	-1.271	-0.062	0.076	-0.020	-0.791	-0.770	-1.446	-2.053	-2.060	-1.776	-1.730
12	90080939	rs79304767	NA	NA	NA	NA	NA	NA	NA	NA	NA	NA	NA	NA	-0.180	0.272	-1.766	-0.927	NA	NA	NA	NA	NA	NA	NA	NA	-0.488	NA
12	94682704	rs77007673	NA	NA	NA	NA	NA	NA	NA	NA	NA	NA	NA	-0.445	-0.810	-0.126	-0.256	NA	NA	NA	NA	NA	NA	1.721	NA	NA	NA	NA
12	110140772	rs35748644	-0.925	-0.165	-1.577	-0.791	-0.855	-0.634	0.501	-0.072	-0.217	-0.875	-0.109	-0.183	NA	-0.126	-0.157	0.163	0.155	-0.294	0.173	0.988	0.335	-0.784	-0.990	-0.762	-0.525	-0.686
12	110169723	rs2241249	NA	NA	NA	NA	NA	-0.648	-0.006	-0.832	-1.809	-2.418	-1.479	-0.109	NA	-0.222	0.248	-0.406	-1.167	-1.665	-1.412	-0.968	-0.872	-1.442	-1.528	-1.583	-1.390	-1.540
12	110390979	rs925368	NA	NA	NA	NA	NA	NA	NA	NA	NA	NA	NA	NA	-0.757	-0.951	-1.201	-2.409	NA	NA	NA	NA	NA	NA	NA	NA	NA	NA
12	111344621	rs75295329	NA	NA	NA	NA	NA	NA	NA	NA	NA	NA	NA	0.289	-0.995	-0.979	-0.553	-0.839	NA	NA	NA	NA	NA	NA	NA	NA	NA	NA
12	111629389	rs11065828	NA	NA	NA	NA	NA	NA	NA	NA	NA	NA	NA	0.127	-0.846	-2.229	-1.528	-1.428	NA	NA	NA	NA	NA	NA	NA	NA	NA	NA
12	111630519	rs739484	0.051	-0.074	0.610	0.948	0.168	1.005	1.175	1.266	0.187	0.564	1.726	0.395	-0.121	-0.933	-0.337	-0.017	1.975	1.447	1.272	1.826	1.880	0.848	0.959	0.645	0.443	0.683
12	111673387	rs4766452	-2.367	-1.776	-0.449	-1.399	-1.352	-0.778	0.267	2.126	0.341	2.219	2.034	-0.100	-0.333	-0.769	-0.014	0.226	2.476	2.040	2.380	2.602	2.429	0.702	1.019	0.885	1.049	0.808
12	111747963	rs3742007	-1.657	-1.209	-1.204	-1.122	-1.625	-1.144	0.087	1.200	0.423	0.900	2.112	-2.601	-2.564	-2.820	-2.184	-2.177	1.767	1.635	2.371	2.333	2.588	-0.504	-0.119	-0.571	0.015	-0.430
12	111942493	rs11065933	NA	NA	NA	NA	NA	NA	NA	-0.155	0.504	0.718	NA	-2.118	-2.996	-2.674	-3.162	-2.861	NA	NA	NA	NA	NA	-0.957	-0.642	NA	NA	NA
12	112241766	rs671	NA	NA	NA	NA	NA	NA	NA	NA	NA	NA	NA	0.003	-0.762	-0.860	-0.005	-0.324	NA	NA	NA	NA	NA	NA	NA	NA	NA	NA
12	112329287	rs11066065	NA	NA	NA	NA	NA	NA	NA	0.279	0.306	1.320	0.868	-0.549	0.124	-1.603	-0.668	-0.082	NA	NA	NA	NA	NA	0.598	0.981	0.156	NA	0.805
12	113117897	rs77753011	NA	NA	NA	NA	NA	NA	NA	NA	NA	NA	NA	-0.019	-2.738	-2.068	-2.199	-2.392	NA	NA	NA	NA	NA	NA	NA	NA	NA	NA
12	113409176	rs2072134	NA	NA	NA	NA	NA	NA	NA	NA	NA	NA	NA	-1.678	-4.528	-3.949	-3.870	-2.396	NA	NA	NA	NA	NA	NA	NA	NA	NA	NA
13	71184725	rs9317953	-0.997	-0.344	-1.638	-0.873	-0.438	-1.132	-0.213	0.862	0.456	2.013	0.371	0.327	-0.474	0.369	-0.655	0.705	0.154	-0.482	-0.140	0.237	0.073	-0.337	0.196	-0.914	-0.442	-0.298
13	110917507	rs903353	1.202	1.615	2.195	0.868	1.067	2.078	1.735	-0.208	-0.001	0.148	-0.117	0.795	1.872	1.519	2.033	1.410	0.618	0.152	-0.216	-0.121	0.314	-0.533	0.331	-0.685	0.333	0.073
14	72849980	rs34883798	0.469	0.468	-0.279	-0.772	0.994	-0.539	-0.197	-0.078	-0.029	-0.995	-0.155	-0.674	-1.071	-0.385	-2.138	-1.069	0.246	0.512	-0.049	-0.070	-0.480	-1.034	-1.205	0.242	-0.151	-0.854
15	22916559	rs28446119	0.613	-0.119	1.216	0.133	0.274	-0.741	0.571	-0.206	1.888	0.768	0.186	0.986	0.620	1.069	0.864	-0.246	-0.006	-0.346	-0.197	0.108	0.292	0.969	0.517	0.700	0.427	1.183
15	79852478	rs1765255	-2.355	-2.194	-1.497	-1.890	-2.723	-1.224	-2.410	-1.150	-1.578	-0.534	-1.626	-0.868	-1.520	-1.496	-1.565	-1.239	-0.532	-1.330	-0.623	-0.971	-0.665	-2.200	-1.653	-1.492	-1.748	-1.864
15	96135977	rs6496125	1.592	0.986	-0.030	1.194	1.380	1.088	0.431	-0.667	0.139	0.483	-0.201	-0.225	-0.077	-0.263	-0.190	-0.303	-1.465	-0.733	-0.927	-0.701	-0.514	0.330	-0.655	0.009	-0.384	-0.495
16	75278920	rs7197999	1.298	0.464	-0.614	0.621	0.551	0.395	0.265	-1.710	-2.019	-0.533	-1.418	-0.576	-0.050	-0.267	0.053	-0.261	-1.010	-0.815	-0.468	-0.578	-0.540	-0.768	-0.250	-0.164	-0.168	-0.479
17	43069387	rs73309596	1.068	2.229	0.404	0.753	1.537	1.232	1.724	1.405	0.786	0.073	2.023	1.368	0.410	0.514	0.859	0.626	0.907	0.721	1.719	1.317	1.774	1.408	2.269	1.898	0.714	2.351
17	43121308	rs4793180	-0.954	2.754	-0.408	1.443	1.343	1.946	-0.465	-0.838	-1.139	-1.483	-0.143	0.436	0.088	-0.107	-0.314	-0.403	0.524	1.344	0.071	-0.715	0.146	0.693	1.768	2.316	1.376	1.896
18	71490594	rs9960643	NA	NA	NA	NA	NA	NA	1.006	0.158	-0.246	-1.266	0.924	-1.248	-0.714	-1.311	-0.769	-0.898	1.007	-0.119	1.747	0.641	1.226	0.280	0.274	-0.232	0.580	0.083
19	10893074	rs12610411	NA	NA	-0.537	NA	NA	-1.157	0.171	0.111	-0.230	0.097	0.393	0.336	-0.195	0.354	-0.223	0.561	0.429	0.324	0.788	0.586	0.988	-0.198	-0.061	0.058	0.015	-0.285
19	11526765	rs167479	0.914	1.100	0.852	1.404	0.946	1.078	1.104	0.805	0.423	-0.064	0.613	0.748	0.523	0.568	0.650	0.531	0.675	1.042	0.643	0.489	0.565	0.106	0.111	0.117	0.246	0.090
20	10851918	rs78738155	NA	NA	NA	NA	NA	NA	NA	NA	NA	NA	NA	0.062	NA	-0.940	0.256	-0.021	NA	NA	NA	NA	NA	NA	NA	NA	NA	NA
20	10966476	rs913220	-0.948	-0.670	-0.157	-0.878	-0.233	-1.204	0.830	-0.279	-0.317	0.251	-0.273	1.554	0.181	0.593	-0.359	1.984	1.437	1.415	0.089	0.683	0.910	0.374	-0.082	0.327	-0.217	0.731
20	50108963	rs6021246	0.500	-0.202	-0.625	-0.164	0.163	0.214	-0.404	-0.800	-0.656	-0.501	-0.378	-1.164	-1.276	-1.070	-0.206	-0.912	-0.499	-0.149	-0.732	-0.466	-0.224	-0.679	0.222	-0.068	-0.539	-0.086
20	50153344	rs3787186	0.890	0.832	-0.072	1.574	0.270	0.560	0.503	-0.345	-1.069	-1.588	-0.704	0.379	-0.092	-0.395	-0.445	-0.351	0.439	-0.429	-0.416	-0.388	-0.567	-1.075	-0.862	-1.215	-1.273	-1.431
21	25943805	rs80025657	NA	NA	NA	NA	NA	NA	NA	NA	NA	NA	NA	NA	NA	NA	-0.483	NA	NA	NA	NA	NA	NA	NA	NA	NA	NA	NA
22	48317040	rs5768162	2.490	0.071	2.051	1.134	1.896	0.949	1.389	-0.772	-0.774	-0.875	-0.769	0.437	0.617	0.746	0.376	-0.599	-0.521	-0.822	-0.500	-1.546	-0.843	-0.896	-0.459	-0.201	-0.552	-0.452
