chr	pos	Beta	P-value	rsid
12	112241766	-0.118327188029806	2.44388600617202e-18	rs671
12	113117897	-0.117808522717743	1.72488180496992e-13	rs77753011
12	111629389	-0.106205983417187	6.21573225552728e-13	rs11065828
12	111344621	-0.111497630570288	5.16637229709739e-11	rs1415742648
10	105596641	-0.0743167337689877	1.38810938686887e-09	rs4918058
13	110954510	0.0727129703007266	4.67072194008757e-09	rs9521686
12	113031543	0.0695891794885184	3.00867488554552e-08	rs233721
2	26916969	-0.0735504246299874	9.70568132961569e-08	rs1275980
12	20579694	0.0674210516013424	1.03339450268943e-07	rs11045239
10	105770313	-0.0651089906610411	2.69831075070724e-07	rs9971120
12	110169723	0.0741746687544845	2.87785478360494e-07	rs2241249
12	111673387	-0.0611609161366164	3.24287631144965e-07	rs4766452
12	90054619	-0.0709002271110584	3.26184696727635e-07	rs73437338
18	71490594	0.0775099877670551	8.17185779520149e-07	rs9960643
10	105459834	-0.060595476725104	9.46748602445639e-07	rs11191772
12	113409176	-0.0772568808824863	1.37206140849623e-06	rs2072134
4	81182554	0.060380490942322	1.54036787114892e-06	rs12509595
12	111630519	-0.0606544978614349	1.76346132852174e-06	rs739484
1	42004051	-0.107233526733776	1.85722487139357e-06	rs74069907
1	65614849	-0.0670379823440918	1.89087264532833e-06	rs72926143
12	110390979	-0.103812792537313	2.33280286059903e-06	rs925368
1	117272233	0.0577988583169733	2.61617826890365e-06	rs491930
12	111942493	-0.0611330140301955	2.78293618171589e-06	rs1370940861
12	24770775	0.0635145021945205	2.85360929396189e-06	rs11047532
9	94337776	-0.0609857461849743	2.9771275742582e-06	rs4744059
11	1898664	0.063422042269306	2.99938419040187e-06	rs199907369
8	26280815	-0.0843709532935284	3.8608724213294e-06	rs9694042
6	72450435	0.0699605726840467	4.00258509894477e-06	rs1410669
10	105218254	-0.0548093145093006	4.05322337129001e-06	rs4918016
3	168766440	-0.0618461683218684	4.24234131061555e-06	rs10936572
3	53594413	0.0597411859504133	4.81738215687559e-06	rs56021416
5	52071311	0.0694735997588367	4.85738352262054e-06	rs1391986
12	112329287	-0.0619164919664263	4.9697675290264e-06	rs11066065
1	113055758	0.0552486512124472	5.04303892358913e-06	rs58118553
4	103525836	0.178372381855033	5.12482721698321e-06	rs3774966
5	106916719	0.0987759609561581	5.17813246130968e-06	rs6888055
1	35228604	0.103469536491801	5.38380779252983e-06	rs1985283
7	43851872	-0.0532713024313155	5.86774819960454e-06	rs672708
4	155495145	0.052337384722328	6.3138378733357e-06	rs12512879
20	10966476	0.0524489131638516	6.70839885443008e-06	rs913220
13	110917507	-0.0529694537118625	7.3771008415193e-06	rs903353
1	110768189	-0.0551150753876854	7.55413234645613e-06	rs2784148
5	80021193	-0.0550041282317179	7.57401858157183e-06	rs245016
12	110140772	0.0609547382425848	7.6863935969324e-06	rs35748644
15	22916559	-0.0539556379766932	8.15143715963723e-06	rs28446119
12	51617601	-0.0536242589509064	8.82376293767571e-06	rs6580813
15	96135977	0.051801271994516	9.20745175745314e-06	rs6496125
5	127813874	0.0579921709344103	9.60523317849891e-06	rs7713256
5	51816532	0.0823863084424138	9.67690924018238e-06	rs72746796
6	46009132	0.0540292597143369	9.89775264027019e-06	rs9381416
14	33776047	-0.113266749331666	9.96300796363269e-06	rs34545629
20	10851918	0.198697559702435	1.00158433658096e-05	rs78738155
19	10893074	-0.0677911230338581	1.06460966763761e-05	rs12610411
4	147578843	0.0952732542082832	1.12234437137519e-05	rs35396752
17	43121308	0.05543104754125	1.12581267367235e-05	rs4793180
6	45923789	0.071720755420448	1.17693088447132e-05	rs16874040
12	51650918	0.0553567460871445	1.27907945084585e-05	rs4761804
8	106686722	-0.0654760504650964	1.35203670835081e-05	rs3779773
7	43916138	-0.0521178808128377	1.40039752136333e-05	rs1468405
17	7123506	0.0619674738345644	1.50850028541018e-05	rs2230178
2	242710079	0.053357771718672	1.58551230076525e-05	rs7582582
12	94682704	-0.113057026824002	1.62852950380162e-05	rs77007673
19	22654944	0.080683181845957	1.76140786781585e-05	rs77687506
4	140659135	-0.0718075862620666	1.87178502920395e-05	rs6536411
5	120477398	-0.0571702173057094	1.89933780251041e-05	rs10055307
3	127157198	-0.193844800830566	1.97845759353234e-05	rs117177087
12	63193456	0.0950037382647525	2.23408445700526e-05	rs510656
16	22791388	-0.0850479755892437	2.23881067059882e-05	rs169735
19	11526765	-0.0489104570313244	2.34481572308077e-05	rs167479
7	83046336	0.0664535574206244	2.43646959245935e-05	rs57212489
21	25943805	-0.168635178551242	2.48912440711188e-05	rs80025657
10	18524652	-0.0903539252315225	2.50689075151517e-05	rs36055159
2	227521410	-0.0542197272428136	2.51433069280691e-05	rs9288615
4	108476965	0.142590078402244	2.5887808379183e-05	rs1386738848
5	119364613	-0.0948749063202219	2.59908787925668e-05	rs6595204
11	1983282	0.0691796513962167	2.6191470324276e-05	rs60220081
15	79852478	0.0612193288609061	2.62922656725196e-05	rs1765255
2	32705085	0.0489359116352709	2.68159128939041e-05	rs6543657
17	43069387	0.0840236822365744	2.73208090513622e-05	rs73309596
20	50108963	0.0482023749692019	2.79566631301557e-05	rs6021246
12	111747963	-0.0522417917872409	2.81988464869973e-05	rs3742007
14	94685042	-0.112596067039757	2.88158310374644e-05	rs10134915
1	204003546	-0.0638732732353824	2.9064203822789e-05	rs756812861
9	27124431	-0.126433200675204	2.97118335458529e-05	rs62542751
6	11199962	0.137833442773706	3.03367507977713e-05	rs35800916
22	48317040	0.0549048474007202	3.10394257855296e-05	rs5768162
1	237530870	-0.0495074903947797	3.15952386663842e-05	rs28420757
10	119507002	-0.131958388646404	3.28492926798007e-05	rs7476731
5	132843269	0.0799916988495019	3.31007867583878e-05	rs57291925
12	90080939	-0.0756349618051542	3.31447483661004e-05	rs79304767
9	791218	-0.0480690661485714	3.34632166383638e-05	rs10758907
20	50153344	0.0481830653069328	3.36729754942842e-05	rs3787186
2	66285960	-0.0748199934254278	3.36893143077721e-05	rs67111126
1	187258428	-0.206214053366201	3.39920604848956e-05	rs76594799
4	123682925	0.15057929913723	3.46479218761702e-05	rs77123915
9	10672231	0.0709352185755657	3.50392757242179e-05	rs4559294
9	4322680	0.660577737965491	3.54451566039788e-05	rs142178390
5	1765331	0.106326296486495	3.61738472011896e-05	rs66986057
16	75278920	0.0490759402058222	3.69950117949966e-05	rs7197999
6	72431884	0.0738740838701081	3.84613737280651e-05	rs75470097
11	81038527	0.34428240856717	3.86229750448938e-05	rs188572929
3	76430792	0.0496645176991685	3.89487052182171e-05	rs79141363
13	71184725	-0.0482962900959059	3.90157525814953e-05	rs9317953
5	2023857	-0.0572313736969836	3.92412637529844e-05	rs4975723
3	2846867	-0.0513019867555765	3.94589166605664e-05	rs12630985
19	59082605	-0.0515559017461901	4.04958444561951e-05	rs3752109
11	132948244	-0.0528248570528841	4.0533074168049e-05	rs7106048
9	78748973	-0.0593100658411347	4.26390717872578e-05	rs3739728
14	72849980	0.057205793131874	4.28866118681286e-05	rs34883798
1	3037613	-0.0474087205396497	4.37734212212582e-05	rs876740
1	56400267	0.127234045824699	4.38986204795355e-05	rs139164970
2	142355098	0.157281333723406	4.39569630253554e-05	rs141504408
12	63042437	-0.15351043447489	4.47795658122854e-05	rs116885209
7	27316640	0.114363561866789	4.52893806041419e-05	rs7800053
19	3309635	0.126465295882173	4.68823749207348e-05	rs1651898
9	115529534	0.198076671308302	4.72125600634037e-05	rs76197956
6	7316250	0.126852721417145	4.72290259153286e-05	rs116187456
4	102110322	0.307928715441321	4.76115057942275e-05	rs73833259
3	190030058	0.081807906027757	4.91026305247089e-05	rs7430690
10	104943986	0.0483211906671985	4.92113623673428e-05	rs10748838
6	42197916	-0.0576092276442824	4.97759668606366e-05	rs7755400
1	151696875	-0.052028538069165	4.97932155172229e-05	rs1781409
