chr	pos	bstat
1	96414627	820
1	105507312	954
1	203967969	760
1	209092556	967
1	211402041	834
2	33702102	921
2	182680326	573
2	217940670	963
3	139861050	950
3	151076861	506
3	151079960	510
3	151313040	811
3	189348411	847
4	15511387	634
4	94833477	851
5	1250864	958
5	1287194	976
5	1297854	964
5	1322087	952
5	1495839	994
5	32411361	533
5	35243422	858
5	101455634	796
5	161038699	791
6	7563232	674
6	24851787	867
6	27295082	636
6	29916027	862
6	30395966	846
6	31093485	929
6	31104952	929
6	31151761	929
6	31232543	934
6	31239506	934
6	31239593	934
6	31249361	934
6	31249732	934
6	31303394	934
6	31358559	934
6	31445514	934
6	31572634	906
6	31930441	923
6	32330339	934
6	32338695	934
6	32353590	934
6	32367730	934
6	32370835	934
6	32636137	940
6	32636940	940
6	32637215	940
6	32658079	940
6	32682452	940
6	32758860	940
6	33047432	862
6	33058874	862
6	41493412	939
6	53360191	835
6	53405203	872
6	77365697	929
6	112633559	877
6	117785308	713
6	117858304	657
6	117948101	563
6	134721958	946
7	33689053	945
7	33738638	872
7	120920169	750
7	123953861	842
7	124207578	819
8	126367454	798
9	4183770	959
9	13608357	959
9	28772688	969
10	31434499	882
10	50651369	463
10	81235092	948
10	114486867	786
10	127085818	958
11	65853671	236
12	26435223	922
12	76198250	959
12	112085496	118
12	125458078	940
13	25704504	905
14	59567080	769
15	78896547	610
15	86096379	604
17	13733232	985
17	47934150	466
17	65877076	249
18	11178432	981
18	29956474	776
19	38282727	619
19	41269076	583
19	41333284	794
19	41412185	856
19	41442597	862
20	9582124	841
20	9622396	910
22	32538875	649
22	37246329	970
