chr	pos	RSNUM	ESN	GWD	LWK	MSL	YRI	ACB	ASW	CLM	MXL	PEL	PUR	CDX	CHB	CHS	JPT	KHV	CEU	FIN	GBR	IBS	TSI	BEB	GIH	ITU	PJL	STU
1	96414627	rs17114366	NA	NA	NA	NA	NA	NA	NA	NA	NA	NA	NA	0.900	0.256	-0.054	-0.547	-0.099	NA	NA	NA	NA	NA	0.287	NA	NA	NA	NA
1	105507312	rs12126403	0.042	0.065	0.195	-0.319	0.500	0.805	1.432	0.759	0.404	-0.387	1.295	0.452	0.495	0.273	-0.342	0.948	NA	1.183	1.467	0.082	0.638	0.874	0.643	0.378	0.222	0.889
1	203967969	rs112548786	-0.354	-0.712	-0.019	-0.650	-0.851	-0.151	-0.503	0.140	NA	NA	0.446	1.043	1.193	1.282	1.410	0.983	NA	NA	NA	NA	NA	0.901	NA	1.459	0.761	1.755
1	209092556	rs12138193	1.192	0.042	0.523	0.266	0.488	1.132	1.934	-0.292	-0.911	-0.302	0.500	-0.506	-0.344	-0.517	-0.628	-0.063	-0.128	-0.875	-0.511	0.014	0.186	0.042	0.128	-0.019	0.589	-0.692
1	211402041	rs141246270	NA	NA	NA	NA	NA	NA	NA	NA	NA	NA	NA	-0.179	0.983	-0.163	-0.339	0.619	NA	NA	NA	NA	NA	NA	NA	NA	NA	NA
2	33702102	rs12613020	0.675	-0.065	0.091	-0.215	0.233	-0.402	-0.274	-1.073	-0.105	0.036	-1.273	-2.487	-2.259	-2.318	-2.386	-1.383	-1.100	-1.329	-1.442	-1.282	-1.286	-1.668	-0.773	-0.747	-1.611	-0.958
2	182680326	rs74963841	NA	NA	NA	NA	NA	NA	NA	NA	NA	NA	NA	0.230	-1.412	-0.284	-1.329	0.211	NA	NA	NA	NA	NA	-1.029	-1.595	-0.550	-0.421	-0.546
2	217940670	rs12472626	-1.235	-1.047	-0.318	-0.587	-1.439	0.036	-0.490	-1.386	-1.658	-1.764	-1.388	-2.293	-1.828	-2.337	-1.707	-2.006	-0.670	0.065	-1.037	-0.855	-1.346	-1.691	-1.460	-1.608	-1.733	-1.924
3	139861050	rs4638924	0.325	-0.178	-0.566	-0.958	0.101	-0.088	-0.594	1.179	1.388	1.343	0.754	0.950	0.835	1.011	0.589	0.644	0.939	0.675	1.238	1.290	0.984	1.141	0.937	1.018	1.097	0.704
3	151076861	rs141186203	NA	NA	NA	NA	NA	NA	NA	NA	NA	0.474	NA	-0.314	-0.604	-1.385	-1.284	-0.601	NA	NA	NA	NA	NA	NA	NA	NA	NA	NA
3	151079960	rs6793061	1.215	1.605	1.272	1.306	0.670	1.011	1.150	-0.208	0.070	0.243	-0.134	-0.845	-0.199	-0.384	-0.180	-0.031	0.185	-0.000	0.101	0.114	0.120	-0.132	-0.146	-0.266	-0.198	-0.379
3	151313040	rs145342962	NA	NA	NA	NA	NA	NA	NA	NA	NA	NA	NA	NA	NA	0.250	NA	NA	NA	NA	NA	NA	NA	NA	NA	NA	NA	NA
3	189348411	rs7631358	-0.409	0.206	0.479	0.599	-0.107	0.115	-0.067	-1.337	-1.622	-0.587	-0.375	0.120	0.189	-0.300	0.700	0.560	0.198	0.063	0.414	0.024	-1.604	0.356	-0.095	-0.396	-1.091	-0.097
4	15511387	rs10007081	-0.306	-0.244	-1.222	-0.468	-0.436	-0.038	-0.368	0.571	0.075	-0.584	0.465	-0.163	-1.113	0.398	-0.322	0.242	-0.349	-0.011	0.100	0.213	0.099	-0.403	0.228	-0.107	0.002	-0.142
4	94833477	rs117021616	NA	NA	NA	NA	NA	NA	NA	-0.240	-1.950	-0.775	-1.076	-0.298	-1.145	-1.622	-0.030	-0.131	NA	0.924	NA	NA	NA	1.279	0.747	0.264	0.267	0.512
5	1250864	rs78328885	NA	NA	NA	NA	NA	NA	NA	0.642	0.277	0.415	0.026	0.236	0.528	0.938	1.386	0.294	NA	NA	NA	NA	NA	NA	NA	NA	NA	NA
5	1287194	rs2853677	1.612	1.663	1.204	1.901	1.710	1.869	1.726	1.689	1.353	2.283	1.188	-0.206	0.530	0.282	1.206	0.006	1.924	1.553	1.900	1.371	1.744	1.439	1.384	1.703	1.685	1.464
5	1297854	rs2736107	2.064	1.830	1.989	1.027	2.893	1.478	1.310	0.546	0.326	1.540	0.605	0.192	0.014	0.120	0.379	-0.325	-0.108	0.569	0.460	0.664	0.670	0.229	0.064	0.469	0.026	0.041
5	1322087	rs401681	-1.146	-0.369	-0.908	-1.038	-0.160	-0.915	-0.799	-0.713	-0.451	1.338	-0.626	-0.673	-0.316	0.153	0.213	-0.237	0.044	0.295	-0.068	-0.059	0.292	-1.413	-0.449	-1.470	-0.671	-0.606
5	32411361	rs185806619	NA	NA	NA	NA	NA	NA	NA	NA	NA	NA	NA	-0.628	NA	0.939	NA	-0.633	NA	NA	NA	NA	NA	NA	NA	NA	NA	NA
5	35243422	rs13163769	0.237	-1.097	-0.046	0.021	-0.565	-0.368	-0.501	0.177	-1.732	-2.540	-0.034	0.393	0.443	0.044	0.579	-0.606	-0.770	-0.281	-0.868	-0.018	-1.252	0.840	0.843	-0.608	0.374	1.608
5	101455634	rs433762	0.231	NA	NA	NA	NA	0.033	-0.274	-0.529	-0.258	0.186	-0.522	0.654	-0.077	0.351	0.643	0.803	-0.793	-0.363	-1.101	-1.156	-1.051	0.204	-0.340	0.254	-0.181	-0.264
6	7563232	rs2076295	-1.080	-0.818	0.068	-1.161	-0.986	-0.888	0.015	1.247	1.697	1.504	1.202	1.252	1.199	1.140	1.662	0.860	0.958	0.206	0.661	0.850	0.679	1.130	0.957	1.246	0.751	0.982
6	24851787	rs9393592	0.116	2.388	1.801	0.935	0.573	1.429	1.590	0.929	1.106	1.131	0.755	2.093	1.358	1.508	1.347	1.479	0.177	1.011	0.376	0.367	0.425	0.929	0.693	0.852	0.521	0.808
6	27295082	rs9368501	0.785	1.109	0.231	NA	1.412	1.223	0.243	-0.915	-0.955	-1.181	-0.432	-0.854	-1.228	-1.300	-0.664	-1.367	-0.401	-1.395	-0.723	-0.628	-1.178	-0.874	-0.818	-1.438	-0.776	-1.129
6	30395966	rs115411850	NA	NA	NA	NA	NA	NA	NA	NA	0.210	-0.074	NA	-1.610	-0.973	-1.090	-1.481	-2.031	NA	-1.409	-0.036	NA	NA	-1.465	-0.361	-1.404	-2.038	-1.452
6	31093485	rs3094197	0.543	-0.438	1.476	0.082	-0.418	0.313	-0.726	-0.583	-0.665	-0.662	-0.645	0.468	-0.825	-0.388	-0.604	-0.556	-0.760	-0.666	-0.644	-1.205	-1.788	-0.758	-0.383	-0.983	-0.357	-1.598
6	31104952	rs3132560	-0.170	0.924	-0.320	0.562	0.390	-0.301	0.507	0.620	0.498	0.296	0.682	-1.261	-0.075	-0.297	-0.476	0.137	0.465	-0.322	0.410	0.802	1.624	0.882	0.344	0.841	0.925	0.821
6	31151761	rs117960312	0.052	NA	-0.636	0.409	-0.725	NA	-1.091	-1.475	-1.230	-1.344	-2.076	NA	-2.285	NA	-3.285	-0.638	-0.471	-0.309	-0.461	-1.931	-1.085	-1.815	-0.206	-1.779	-1.590	-2.536
6	31572634	rs28732147	NA	1.706	1.096	NA	NA	1.278	NA	0.424	1.345	0.210	0.774	-0.092	0.143	0.442	-0.105	0.707	NA	NA	-1.543	2.118	0.320	0.342	0.171	0.392	0.849	0.400
6	31930441	rs592229	-0.908	-0.651	-0.341	0.191	-0.878	0.262	-0.527	-0.436	-0.218	-0.004	0.057	1.848	0.436	0.914	-0.261	0.934	1.010	-0.302	0.816	0.015	-0.352	-0.234	0.071	0.054	0.375	-0.086
6	32330339	rs117966098	NA	NA	NA	NA	NA	NA	NA	NA	NA	NA	NA	NA	NA	NA	NA	NA	NA	NA	NA	NA	NA	NA	NA	NA	NA	NA
6	32338695	rs3129943	-0.320	0.887	-0.698	0.005	-0.469	-0.266	-0.522	0.181	0.590	0.593	0.259	0.188	0.005	-0.326	-0.052	-0.307	0.052	-0.080	-0.234	-0.086	-0.027	0.343	0.070	0.079	0.247	0.193
6	32353590	rs9268469	0.878	0.011	1.454	1.243	NA	2.158	1.032	0.206	NA	-0.420	0.851	1.715	1.701	2.406	2.041	0.606	NA	0.556	1.106	1.580	2.064	1.941	2.383	1.950	2.167	1.658
6	32367730	rs116999528	-0.378	NA	0.992	NA	NA	1.086	1.254	-1.179	1.807	-0.615	0.590	0.587	-0.232	1.564	-0.413	-0.155	NA	NA	NA	NA	NA	0.375	0.222	-0.384	1.019	0.603
6	32370835	rs2076523	-1.362	0.615	-1.842	-0.166	-0.747	-1.302	-0.713	0.169	0.194	0.003	0.057	-1.612	-0.695	-0.373	-0.008	-0.336	0.205	-0.311	-0.048	-0.270	-0.446	0.435	-0.704	-0.177	-0.781	-0.322
6	32758860	rs141583595	NA	NA	NA	NA	NA	NA	NA	NA	NA	NA	NA	-1.447	-2.649	-0.750	-0.199	NA	NA	NA	NA	NA	NA	NA	NA	NA	NA	NA
6	33047432	rs2856822	-0.229	0.033	-0.319	1.002	0.904	-0.210	-0.738	-2.793	-2.981	-1.200	-2.109	0.123	-0.176	-0.169	-0.949	0.361	-2.448	-1.022	-1.748	-1.913	-2.635	-1.858	-2.568	-2.140	-2.283	-1.608
6	33058874	rs2179920	-1.572	-1.364	-0.761	-1.840	-1.977	-1.817	-1.122	3.073	2.994	1.781	1.631	1.662	NA	0.806	-0.469	0.699	2.583	2.018	2.158	1.984	2.503	0.887	2.000	0.838	0.955	0.926
6	41493412	rs7741164	-0.221	0.197	-0.180	-0.552	-0.189	-0.578	-0.384	1.420	0.238	-0.038	0.894	0.007	-0.153	0.068	-0.016	-0.066	0.849	0.129	2.817	1.893	1.671	0.217	1.124	0.483	1.533	0.248
6	53360191	rs742528	-0.698	0.518	1.943	0.523	0.395	0.279	-0.142	-0.015	-1.127	-1.477	-0.179	0.245	0.798	0.614	0.519	1.130	NA	1.338	0.541	-0.374	-0.431	1.004	0.601	0.584	0.731	0.651
6	53405203	rs62398116	NA	1.658	NA	NA	NA	1.133	NA	0.617	1.153	NA	0.205	0.150	-0.218	0.190	0.453	0.149	0.716	-0.757	0.251	-0.075	0.501	-0.040	-0.303	0.248	0.353	0.130
6	77365697	rs118121973	NA	NA	NA	NA	NA	NA	NA	NA	NA	NA	NA	NA	0.327	0.566	NA	0.398	NA	NA	NA	NA	NA	NA	NA	NA	NA	NA
6	112633559	rs139785644	NA	NA	NA	NA	NA	NA	NA	NA	-0.392	NA	NA	NA	0.573	NA	-0.330	NA	NA	NA	NA	NA	NA	NA	NA	NA	NA	NA
6	117785308	rs6937083	1.998	1.044	-0.337	0.662	0.812	0.157	-0.740	-1.070	-1.071	-0.774	-1.061	-0.715	-1.111	-0.688	-0.131	-0.722	-0.988	-1.038	-0.983	-1.363	-1.213	-0.228	-0.201	0.278	-0.255	-0.207
6	117858304	rs17079343	0.901	0.496	1.409	0.457	0.926	0.899	0.504	0.660	0.076	-0.159	0.552	0.676	0.910	0.902	0.764	0.750	0.669	0.232	0.676	-0.439	-0.324	0.544	0.480	0.838	0.508	0.482
6	117948101	rs2173890	1.394	1.820	1.431	2.535	0.930	1.340	0.394	0.348	0.210	-0.806	-0.033	-0.277	-0.136	0.337	0.708	0.038	-0.383	-0.918	-0.619	-0.762	-0.539	1.040	1.867	1.323	1.128	0.968
6	134721958	rs6932621	-0.090	0.113	-0.181	0.152	0.006	0.195	-0.195	-0.181	-0.032	0.014	0.078	1.285	NA	0.720	1.113	0.707	-0.015	-0.004	0.144	0.268	0.198	-0.217	-0.607	-0.537	-0.301	-0.432
7	33689053	rs79512356	NA	NA	1.292	-1.131	-0.072	0.907	NA	-0.086	1.614	NA	0.515	-0.916	-0.904	-0.998	-1.551	-0.900	2.822	0.718	2.405	1.785	1.992	1.824	0.244	0.833	0.766	-0.088
7	33738638	rs7811261	0.046	0.451	-0.082	-0.974	-0.520	-0.078	-0.511	-0.755	-0.676	1.423	-0.571	1.362	0.315	0.434	0.328	0.941	0.605	-0.189	0.873	0.713	-0.084	-0.404	-1.021	-0.991	-0.778	-0.459
7	120920169	rs2952559	-1.773	-1.265	-1.170	-0.288	-1.702	-0.729	-0.169	1.760	2.099	0.971	0.478	0.476	0.266	0.979	NA	-0.245	0.496	0.447	0.457	1.015	-0.271	-0.653	-0.049	0.131	-0.339	-0.952
7	123953861	rs74486902	NA	NA	NA	NA	NA	NA	NA	NA	NA	NA	NA	NA	NA	NA	-2.117	NA	NA	NA	NA	NA	NA	NA	NA	NA	NA	NA
7	124207578	rs62481516	-1.373	NA	0.265	NA	-1.476	NA	NA	-0.703	-0.718	-0.638	-0.655	NA	NA	NA	-2.092	NA	-1.786	-1.296	-1.189	-0.666	-0.810	0.261	-1.168	-1.462	-1.611	-1.918
8	126367454	rs117777830	NA	NA	NA	NA	NA	NA	NA	NA	NA	NA	NA	-0.667	0.569	0.557	0.906	-0.540	NA	NA	NA	NA	NA	NA	NA	NA	NA	NA
9	4183770	rs74684550	NA	NA	NA	NA	NA	NA	NA	NA	NA	-0.677	NA	-0.714	-1.816	-0.747	-0.968	-0.158	NA	-1.435	NA	NA	NA	NA	NA	NA	NA	NA
9	13608357	rs10429455	-0.461	-0.382	0.577	-1.354	-0.342	-0.510	-0.482	-1.220	-0.262	-0.654	-1.091	0.182	0.404	0.380	0.490	0.285	-1.314	-1.436	-1.750	-1.147	-1.393	0.272	-0.407	-0.489	-0.262	-0.702
9	28772688	rs12236295	NA	NA	NA	NA	NA	NA	NA	NA	NA	NA	NA	-0.703	0.611	0.064	NA	0.273	NA	NA	NA	NA	NA	-1.130	NA	NA	NA	NA
10	31434499	rs1771641	1.066	0.438	0.896	0.624	-0.082	0.650	0.102	-0.187	-0.528	-0.302	-0.373	1.096	0.548	0.056	-0.047	0.682	0.431	0.431	0.786	1.151	1.542	0.157	0.059	-0.078	-0.096	-0.112
10	50651369	rs12244804	-0.380	-0.487	-0.150	0.153	-1.294	-0.732	-0.070	-0.081	-0.909	-1.242	-0.052	-0.100	-0.880	-0.875	-0.647	-0.482	0.929	0.362	1.830	1.525	0.643	0.382	0.627	0.492	0.989	0.318
10	81235092	rs12415856	NA	NA	NA	NA	NA	-0.856	0.605	0.069	0.063	0.493	0.517	-0.065	NA	0.417	-0.989	0.887	1.705	1.641	1.539	0.954	1.005	-0.937	-1.069	-0.707	-0.421	-0.619
10	114486867	rs7088860	0.041	-0.391	-0.862	-0.930	-0.136	-0.117	0.166	-0.742	0.965	-0.522	1.357	-0.574	-1.505	-1.193	-1.136	-1.607	0.302	0.033	-0.416	1.730	0.614	0.454	0.926	0.121	0.522	1.366
10	127085818	rs10901376	NA	NA	NA	-0.097	NA	0.571	0.339	0.267	0.490	0.087	0.253	0.823	0.348	0.557	1.056	0.179	-0.493	0.078	-0.081	-0.214	-0.246	-0.104	-0.714	-0.640	-0.283	-0.412
11	65853671	rs58583648	NA	NA	NA	NA	-0.926	-1.112	NA	-0.600	1.965	0.638	-0.856	-1.147	-0.231	NA	NA	0.489	-0.682	-0.301	-0.244	-0.462	-0.941	-0.420	0.470	0.327	-0.305	-0.499
12	26435223	rs6487542	2.298	2.649	1.860	1.725	1.921	1.567	0.834	-0.982	-1.187	-0.325	-0.231	0.120	-1.008	-0.896	-1.271	-0.503	-0.797	-0.697	-1.324	-0.697	-0.733	0.675	0.558	-0.015	0.278	-0.028
12	76198250	rs2367300	1.911	1.991	0.044	1.868	1.658	1.728	1.560	0.207	0.810	1.770	0.034	0.637	1.299	1.015	1.448	0.975	-0.043	-0.552	-0.320	-0.232	-0.501	0.619	0.506	1.034	0.438	0.733
12	112085496	rs11065992	NA	NA	NA	NA	NA	NA	NA	NA	-1.086	-0.182	NA	-0.406	-0.389	-1.666	-0.953	-0.721	NA	NA	NA	NA	NA	0.543	0.687	NA	NA	NA
12	125458078	rs7963891	1.506	1.234	1.462	1.324	1.301	1.429	1.620	0.881	1.095	0.138	0.949	1.969	1.840	1.939	2.706	2.072	0.300	0.483	0.510	0.520	0.768	0.599	0.483	0.891	0.425	0.366
13	25704504	rs17081786	0.553	-0.491	-0.297	-0.589	0.199	0.668	-0.885	0.701	-0.575	0.031	-0.503	-0.236	-0.648	-1.184	-1.313	-0.196	-0.771	-0.118	-1.195	-0.589	-0.756	0.086	0.740	-0.008	-0.200	0.440
14	59567080	rs11626165	-1.578	-0.556	-1.929	-0.960	-0.972	-1.408	-1.162	-2.336	-2.431	-2.841	-1.126	-0.374	-1.216	-0.367	-0.872	-0.506	-1.068	0.077	-1.173	-1.376	-0.305	-0.981	-0.972	-0.747	-0.614	-0.595
15	78896547	rs938682	0.610	-0.334	0.469	0.022	0.210	0.021	-0.406	0.524	-0.582	-1.107	0.184	-0.925	-1.440	-0.796	-1.075	-1.012	1.423	0.991	1.079	1.040	1.346	-0.583	-0.614	-0.334	-0.381	-0.621
15	86096379	rs4843068	0.446	-0.002	1.515	0.395	0.308	0.466	0.930	0.060	1.182	0.368	0.161	1.173	0.820	1.138	0.284	1.149	0.291	0.375	0.674	-0.479	-0.471	0.950	1.153	0.635	0.539	0.643
17	13733232	rs72812656	NA	NA	0.535	NA	NA	0.470	-0.632	-0.475	-0.211	-0.598	-1.717	-1.316	-1.135	-1.259	-1.392	-1.438	-0.281	-0.703	-0.104	-0.157	-0.164	-0.283	-1.051	0.310	-0.805	-0.260
17	47934150	rs72488562	0.320	0.414	-0.440	1.596	-0.133	1.112	0.393	NA	-0.061	-0.352	-0.604	-0.440	0.666	-0.004	0.949	-0.613	NA	NA	NA	NA	NA	0.650	-1.267	-0.757	-1.461	-0.206
17	65877076	rs72845278	-0.562	0.251	0.103	-0.950	-0.454	-0.904	0.681	0.117	1.306	0.364	-0.140	-0.769	-0.737	-0.075	0.735	-0.975	-1.152	-0.471	-0.725	-0.622	-0.728	-0.197	0.461	-0.003	-0.191	-0.125
18	11178432	rs6505625	0.546	-0.415	-0.012	0.881	0.114	0.138	-0.722	0.028	0.497	0.960	-0.316	0.333	0.448	0.424	0.323	0.719	-0.638	-0.894	-0.413	-0.733	-0.362	0.146	0.135	-0.604	-0.334	-0.185
18	29956474	rs1037753	-0.093	-0.570	-0.339	-0.884	-0.076	-0.084	-1.143	-1.385	-2.335	-0.555	-1.772	-1.367	0.069	-0.314	0.423	-0.767	-1.458	-0.727	-2.001	-1.124	-1.363	-1.301	-1.113	-1.318	-0.810	-0.912
19	38282727	rs171379	1.502	0.964	1.472	1.266	1.550	1.300	1.335	0.555	-0.070	-0.481	0.437	0.064	0.340	0.302	0.204	1.329	-0.259	NA	-0.802	NA	0.663	0.507	-0.354	0.310	0.411	0.511
19	41269076	rs2305797	NA	0.772	NA	NA	NA	0.407	-0.156	-0.911	-1.275	-1.827	-0.717	0.369	0.135	0.007	-0.511	0.103	-0.781	-1.042	-0.843	-0.784	-0.616	-0.530	-0.544	-0.705	-0.458	-0.418
19	41412185	rs4803402	-0.993	-1.747	-1.482	0.805	0.238	0.668	-0.584	-0.670	1.169	0.471	0.276	0.266	-1.319	-1.914	-2.132	-1.269	-0.614	-1.378	-0.933	-0.545	-1.701	-0.282	0.437	0.329	-1.329	-0.138
19	41442597	rs73038469	-0.953	-1.249	-1.113	-0.758	-1.282	-1.303	-1.157	-0.872	-0.037	-0.681	-0.981	0.174	0.633	0.327	0.917	0.591	-0.070	0.259	0.320	0.226	0.034	-0.272	-0.573	-0.514	-0.365	-0.554
20	9582124	rs6133729	0.893	1.232	1.138	0.378	0.923	1.812	1.198	1.462	0.659	0.181	1.811	1.686	1.639	1.845	1.537	2.060	1.510	2.282	2.220	2.103	2.290	2.303	2.399	3.398	2.429	3.230
20	9622396	rs144707211	0.435	0.582	0.339	0.492	0.388	0.349	0.499	-0.399	-0.710	-0.885	-0.900	1.592	1.326	1.258	1.202	1.237	-0.593	-0.088	-0.721	-0.442	-0.357	1.214	0.854	0.327	0.141	0.891
22	32538875	rs9609441	1.400	1.012	0.295	0.964	1.447	2.172	0.992	1.045	1.228	0.302	0.386	0.697	0.532	1.096	1.327	1.679	-0.645	-0.461	-0.489	-0.550	0.343	0.707	0.011	0.642	1.670	0.141
22	37246329	rs11913594	1.182	1.492	1.323	1.372	1.008	1.352	1.109	-0.170	-0.224	0.209	-0.374	0.531	0.176	0.222	0.322	0.290	-0.439	0.234	0.176	-0.544	-0.561	0.130	0.284	0.402	0.058	-0.091
