chr	pos	bstat
1	2985885	981
1	3325912	958
1	27284913	287
1	38461319	578
1	55489542	934
1	55505647	917
1	55521313	772
1	56877509	922
1	59433354	956
1	109817590	645
1	114173410	130
1	149995265	313
1	150572037	113
1	154419843	516
1	169314833	567
1	210468999	829
1	222828704	697
2	19942473	941
2	21286057	742
2	44075483	809
2	45896437	937
2	60619028	548
2	85762048	421
2	128785663	431
2	145270592	660
2	145831428	820
2	148377860	757
2	164930382	807
2	216299629	735
2	218680529	790
2	227062080	816
2	230005505	905
3	14926351	900
3	49162284	0
3	52848207	120
3	124453022	568
3	135800409	395
3	138092889	570
3	156852592	735
4	54572066	854
4	57781754	547
4	77416627	751
4	81181072	801
4	120909501	867
4	146784774	759
4	148273397	891
4	148401190	849
4	156433520	899
4	156638073	763
4	169688000	939
5	9552338	987
5	52193125	751
5	55441571	895
5	55860866	923
5	74656539	378
5	108085190	861
5	121278751	781
5	127926190	680
5	131795310	485
5	141915692	911
5	142494165	851
6	12903957	968
6	22612629	889
6	31346898	934
6	34793124	290
6	39171862	830
6	43068370	259
6	43758873	828
6	57145562	712
6	82595959	836
6	97029871	517
6	133999868	879
6	134202690	818
6	134378151	894
6	160535878	702
6	160720747	856
6	161017363	900
6	161097871	917
6	161111700	923
7	1911281	911
7	6446027	749
7	19049388	864
7	20300416	895
7	35277093	771
7	45077978	726
7	106941324	314
7	117100046	499
7	129663496	689
7	150690176	856
8	19813529	852
8	19916120	916
8	25061807	893
8	95278307	737
8	126478450	925
9	13724051	904
9	19436055	804
9	21843842	921
9	22011083	825
9	22098619	924
9	110530324	968
9	124420173	816
9	136153875	900
10	12275947	803
10	30317073	830
10	44480811	910
10	44741256	914
10	82251514	889
10	96029170	411
10	99923763	415
10	104776205	123
10	105643223	571
10	124230750	856
11	5701074	867
11	9323353	518
11	9762274	543
11	32380521	754
11	65405600	280
11	75277628	743
11	100593538	924
11	102795606	770
11	103673294	851
11	110244360	777
11	116648917	560
11	118949331	279
11	120363937	665
11	126262638	809
12	20220033	970
12	54521594	731
12	90008959	368
12	95507971	483
12	115353368	955
12	121416988	617
12	124409502	470
12	125315647	958
12	125336956	958
13	28962686	827
13	99434810	763
13	110818102	946
13	110834746	906
13	110918660	988
13	110954353	988
13	111049623	980
13	111108436	964
13	113618496	982
14	75446879	243
14	94838142	873
15	58730498	934
15	67455630	798
15	79051705	769
15	79065380	769
15	79141784	819
15	89565257	906
15	91428589	595
15	96146414	958
16	15909513	851
16	56987015	889
16	75442143	639
16	81510742	969
16	83045790	954
17	17726965	379
17	27938424	134
17	40270081	358
17	40571284	186
17	45013271	581
17	47123423	395
17	59232365	546
17	62392403	710
17	66463985	801
17	73841285	422
18	20009691	927
18	46515916	939
18	47213682	883
18	56960510	883
19	8429323	809
19	11188117	774
19	11216617	825
19	11526765	867
19	17219105	917
19	17829608	970
19	18575193	917
19	41837615	749
19	41860296	758
19	45411941	867
19	45412079	867
19	45742498	846
19	46301479	476
20	17596155	834
20	33358499	49
20	33799176	292
20	39142516	927
20	39924279	301
20	44608901	417
20	47433150	662
20	57739469	863
21	35593827	891
21	35605863	911
22	19960184	730
22	24555861	502
22	30669883	583
22	43623972	884
