chr	pos	RSNUM	ESN	GWD	LWK	MSL	YRI	ACB	ASW	CLM	MXL	PEL	PUR	CDX	CHB	CHS	JPT	KHV	CEU	FIN	GBR	IBS	TSI	BEB	GIH	ITU	PJL	STU
1	2985885	rs7413494	1.095	0.982	1.405	0.706	1.086	0.684	0.886	0.134	-0.021	-0.230	-0.029	-0.786	-0.479	-0.419	-0.264	-0.296	0.050	-0.319	-0.287	0.404	0.093	-0.537	-0.008	-0.230	0.140	0.021
1	27284913	rs79598313	NA	NA	NA	NA	NA	NA	NA	-0.144	-1.331	NA	NA	NA	NA	NA	NA	NA	NA	-0.730	-2.324	NA	-1.554	NA	0.008	NA	NA	-1.260
1	38461319	rs61776719	1.308	1.622	0.375	1.239	1.712	0.844	0.998	0.405	0.840	0.335	0.553	0.816	1.624	1.347	1.524	0.830	-0.200	-0.227	-0.085	-0.138	-0.026	0.246	0.738	0.396	0.079	0.405
1	55505647	rs11591147	NA	NA	NA	NA	NA	NA	NA	NA	-0.395	-0.616	-0.238	NA	NA	NA	NA	NA	-0.005	-0.187	0.370	0.042	0.225	NA	NA	NA	NA	NA
1	55521313	rs472495	1.026	0.970	0.246	0.516	0.791	0.215	-0.092	-1.297	-1.250	-1.269	-1.436	-1.284	-2.798	-2.229	-1.185	-2.058	-0.359	-0.117	-0.346	-0.309	-0.300	-0.918	-0.725	-0.553	-0.523	-0.370
1	56877509	rs11206803	-1.219	-0.494	-1.220	-0.473	-0.513	-0.408	-0.187	-0.843	-0.025	-0.706	-0.620	-0.873	-0.616	-0.700	-1.174	-0.841	-0.115	-0.334	0.097	0.101	-0.316	-0.164	-0.218	-0.172	-0.031	-0.269
1	59433354	rs71646019	-0.130	0.945	-0.135	1.205	0.683	0.208	0.095	0.454	0.001	-0.508	0.242	1.033	1.354	0.899	1.392	0.486	-1.068	-0.265	-0.852	-0.447	-0.484	1.244	1.201	1.357	1.339	1.555
1	109817590	rs12740374	0.494	1.036	-0.069	0.552	0.243	0.415	0.335	1.927	1.513	0.203	1.979	1.469	1.263	2.498	0.122	2.586	1.495	1.565	1.320	2.305	2.391	2.164	1.771	1.866	2.120	1.814
1	114173410	rs1230666	NA	NA	NA	NA	NA	NA	-0.076	-0.237	-0.412	-0.292	-0.473	NA	NA	NA	NA	NA	-1.567	-1.081	-1.113	-0.941	-0.810	0.038	-0.785	-1.005	-1.360	NA
1	149995265	rs67807996	NA	NA	0.723	NA	NA	0.932	0.863	-0.550	-0.630	-0.242	-0.663	NA	NA	NA	NA	NA	-1.072	-0.002	-0.586	-0.202	-0.704	-0.035	-0.006	0.136	-0.440	-0.218
1	150572037	rs11585169	-0.278	0.723	-0.633	0.444	0.073	1.116	-0.167	0.419	0.508	1.109	0.140	-0.123	0.332	0.216	0.319	0.030	0.064	-0.023	0.363	-0.859	-0.262	1.446	1.503	1.114	0.679	1.225
1	154419843	rs6686750	-2.108	-1.962	-1.310	-1.188	-0.605	-1.674	-1.908	1.503	0.870	0.642	0.007	-0.154	0.125	0.224	0.228	-0.231	0.042	-0.220	0.717	-0.042	0.575	-0.007	-0.040	0.018	-0.205	0.065
1	169314833	rs61806987	0.719	1.272	0.685	1.610	1.058	0.594	0.861	-0.298	-0.387	-0.819	-0.105	-0.572	NA	NA	-1.364	-1.380	-0.409	-0.971	-1.234	-0.330	0.275	-0.338	-0.649	-1.285	-0.007	-0.844
1	210468999	rs60154123	NA	NA	NA	NA	NA	-2.056	-1.351	-0.800	-0.983	-0.936	-0.615	-0.317	-0.756	-0.834	-0.261	-0.779	-0.563	-0.712	-0.886	-1.292	-1.119	0.215	0.026	0.162	0.215	0.062
1	222828704	rs17163363	-1.639	0.027	-0.803	-1.509	-1.500	-1.025	-2.035	-0.235	0.658	1.143	-1.246	-0.422	0.268	0.054	1.475	-0.353	-1.460	-1.151	-1.138	-1.029	-1.279	-1.366	-0.575	0.111	-0.607	0.040
2	19942473	rs16986953	-0.505	-1.756	-1.671	-2.559	-1.423	-1.328	-2.792	-0.154	-1.582	-0.987	-0.410	-0.384	-0.808	-0.576	-1.172	-1.007	-0.143	-0.003	0.384	-0.604	-0.446	-2.341	-1.460	-2.104	-2.082	-2.233
2	21286057	rs515135	-1.320	-1.087	-0.967	-1.854	-1.635	-1.264	-0.008	-0.061	1.205	1.494	0.521	2.310	0.667	1.275	0.246	2.413	-0.597	-0.290	0.079	-0.332	0.600	1.680	0.507	1.867	0.889	0.959
2	44075483	rs76866386	-2.019	0.092	-1.738	-1.914	-0.652	-0.659	-1.087	-0.810	-0.620	-0.007	-0.858	3.020	1.897	1.992	NA	2.331	-0.469	0.505	-0.462	-0.233	-0.577	1.493	1.203	0.313	0.381	1.341
2	45896437	rs582384	0.323	0.585	0.530	1.012	-0.327	0.600	-0.109	-0.918	0.596	-0.236	-1.420	-0.207	-1.102	-1.152	-1.099	-0.695	-1.130	-1.111	-0.725	-1.199	-0.229	0.015	0.154	0.220	-0.303	0.211
2	60619028	rs243071	1.282	0.329	1.400	-0.302	0.943	1.230	0.181	-0.429	-0.634	0.270	-0.603	-0.125	-0.425	-0.491	-0.398	-0.195	-0.298	1.396	-0.426	-0.644	-1.662	-0.958	-0.578	-1.121	-0.585	-0.977
2	85762048	rs10176176	0.939	-0.032	1.141	0.992	1.408	0.538	0.674	-0.552	-1.544	-1.779	-0.589	-0.245	0.863	0.101	0.140	-0.287	-0.193	-0.328	-0.250	-0.318	-0.399	-1.145	-0.710	-1.342	-1.012	-0.577
2	128785663	rs114192718	NA	NA	NA	NA	NA	NA	NA	0.911	0.314	NA	0.634	NA	NA	NA	NA	NA	0.932	1.141	0.781	0.889	1.117	0.826	0.002	NA	1.224	NA
2	145270592	rs6740731	0.869	0.413	0.660	0.339	0.277	0.500	1.968	0.765	0.047	-1.169	1.552	-0.068	NA	-0.216	-0.277	-0.348	1.242	1.704	1.462	1.055	1.904	0.585	0.566	0.579	1.259	0.495
2	145831428	rs10928241	-0.424	-0.397	-0.172	0.251	-0.705	-0.342	0.402	-0.568	-0.239	-0.119	-1.135	0.850	-0.438	-1.067	-0.746	0.835	-1.127	-0.828	-1.726	-1.162	-1.238	-1.637	-1.634	-1.865	-1.442	-2.305
2	148377860	rs35611688	-1.516	0.214	-0.751	-1.186	-0.965	-0.268	-0.029	-0.413	0.260	0.316	-0.320	-0.315	0.291	0.188	0.696	0.491	-0.654	0.530	-0.591	-0.513	-0.474	0.348	0.833	0.466	0.236	0.475
2	216299629	rs1250247	-0.264	0.821	0.321	0.602	0.321	0.374	0.457	0.055	-0.193	0.492	0.517	1.696	2.415	2.157	1.481	1.816	0.430	1.153	0.776	0.201	0.755	-0.997	-1.149	-1.330	-0.953	-1.600
2	218680529	rs2161967	0.136	1.052	-1.626	1.386	-1.327	0.850	-0.204	-1.206	-0.327	0.221	-2.753	0.121	-0.465	0.215	-0.360	0.156	-1.693	-1.601	-2.503	-1.910	-2.065	-1.702	-1.644	-1.241	-2.286	-1.171
2	227062080	rs952227	-1.176	-1.916	-0.956	-0.810	-1.441	-0.832	-0.725	0.677	0.728	0.238	0.593	1.221	0.565	0.604	0.940	1.383	0.908	1.426	0.828	1.069	0.942	0.215	-0.326	0.530	0.342	0.315
2	230005505	rs4140748	1.261	0.892	2.016	1.015	2.097	1.628	2.050	1.898	1.279	2.086	1.998	2.197	2.397	2.166	2.072	2.223	2.664	0.761	1.295	1.815	1.965	0.847	1.220	0.625	0.928	0.954
3	49162284	rs34759087	NA	NA	0.313	NA	NA	0.721	0.974	0.609	0.440	-0.025	0.786	NA	NA	NA	NA	NA	0.921	0.713	0.648	0.629	0.861	0.564	0.636	0.765	0.365	0.787
3	52848207	rs77347777	0.682	0.639	0.672	0.269	0.443	-0.689	0.545	0.446	0.908	-0.124	0.486	0.496	1.211	0.339	NA	1.539	0.691	-0.260	0.534	1.108	1.165	0.963	0.517	1.119	0.720	1.057
3	124453022	rs17843797	1.472	1.078	1.715	1.637	2.093	1.384	0.966	-0.457	-0.106	-0.332	-0.548	0.233	-0.425	0.567	0.094	0.502	-0.122	0.564	-0.564	-1.116	-1.003	-1.568	-1.368	-1.688	-1.201	-1.733
3	135800409	rs34330586	-1.033	-1.236	-2.263	-1.358	-1.183	-2.119	-0.915	0.471	0.503	0.604	0.443	1.028	1.239	0.808	0.869	1.254	0.298	1.073	0.057	0.270	0.469	0.139	0.263	0.396	0.649	0.350
3	138092889	rs185244	-0.335	-0.706	-0.499	-0.125	-0.741	0.092	0.179	1.577	2.300	2.133	1.053	1.506	2.073	2.172	1.496	1.530	0.639	1.110	0.682	0.790	0.651	1.623	1.375	0.803	0.518	1.521
3	156852592	rs4266144	-1.943	-1.443	-1.023	-1.890	-0.983	-1.257	-1.168	0.686	0.213	1.698	0.643	-0.649	-0.009	-0.197	0.214	-0.346	-0.303	-0.305	0.235	0.463	0.037	0.804	-0.120	0.741	0.009	0.190
4	54572066	rs17083333	1.692	1.403	1.140	0.889	1.154	1.071	0.665	0.646	-0.080	-0.271	0.030	0.001	0.233	0.644	0.091	-0.426	-0.512	-0.878	-0.391	0.225	-0.559	-1.139	-1.139	-2.016	-1.621	-1.731
4	57781754	rs781663	1.004	-0.032	0.019	0.641	0.318	0.311	0.060	0.651	-0.243	0.204	0.009	-0.463	-0.920	-0.639	-1.009	-0.505	-0.423	0.400	-0.571	0.539	0.438	-0.016	0.370	0.460	0.093	-0.878
4	77416627	rs12500824	-0.966	-0.827	-0.268	-0.730	-1.086	-0.134	0.088	0.523	0.356	0.598	-0.075	1.422	1.642	1.267	0.617	1.577	0.138	0.085	0.176	-0.571	-0.006	1.081	1.005	0.855	0.813	0.954
4	81181072	rs10857147	-0.416	0.760	0.778	-0.348	-0.834	-0.661	-1.052	0.562	0.152	0.262	0.646	-0.622	-0.886	-0.624	-0.354	-0.670	0.624	0.400	0.512	-0.192	1.407	0.093	1.195	0.141	0.110	-0.113
4	120909501	rs7678555	1.029	0.348	0.164	1.828	1.628	1.141	1.154	-0.788	-0.862	-0.506	-0.527	0.996	-1.307	-0.978	-1.412	0.233	-0.933	-0.554	-0.441	-1.063	-0.681	-1.348	-0.956	-1.256	-1.029	-1.374
4	146784774	rs13124853	NA	NA	1.685	NA	NA	1.840	0.490	0.331	-0.440	-0.645	0.871	-1.476	-1.261	-1.331	-0.573	-0.392	0.833	0.236	0.477	0.961	0.521	-0.225	0.527	-0.119	0.445	-0.138
4	148273397	rs13120678	-0.507	-1.338	0.056	-0.202	-0.229	-1.071	-1.500	-1.693	0.236	0.468	-1.328	-0.675	-0.536	-1.057	-0.628	-0.747	-1.274	-1.109	-1.734	-1.706	-1.776	-0.053	-0.467	-0.186	-0.818	-0.518
4	148401190	rs6841581	-0.292	1.032	0.101	-0.194	0.223	-0.297	0.349	1.414	1.361	-0.075	1.471	0.321	1.090	1.035	0.467	0.691	1.253	1.426	1.627	0.665	1.588	0.085	0.619	-0.262	0.397	-0.223
4	156433520	rs7440763	-1.001	0.063	-0.813	-0.827	-1.399	-0.783	0.353	-0.904	-0.428	-2.068	0.097	-1.883	-2.073	-1.675	-1.861	-1.922	0.030	-0.431	-0.083	0.566	0.202	-1.185	-0.472	-0.706	0.103	-0.773
4	156638073	rs3796587	-0.769	0.344	-0.845	-1.678	0.450	-2.290	-1.126	-0.817	-0.310	0.568	-1.020	-0.391	0.002	0.074	-0.686	-0.827	-0.429	0.762	-0.420	0.000	-1.247	-1.076	-1.405	-0.716	-0.865	-0.610
4	169688000	rs869396	-1.376	-1.639	-1.087	-0.226	-1.597	-0.369	-0.318	0.195	0.085	-0.081	0.709	-1.402	-1.780	-1.982	-1.430	-1.373	0.872	2.119	0.874	0.532	0.836	-0.099	-0.208	-0.431	-0.067	0.588
5	9552338	rs17263917	NA	NA	NA	NA	NA	NA	-1.551	-0.308	-1.194	-0.309	-0.847	NA	NA	NA	NA	NA	-1.047	-0.804	-0.802	-1.027	0.277	0.318	-0.366	-0.242	0.192	-0.323
5	52193125	rs4074793	NA	NA	-1.256	NA	NA	0.283	0.828	0.751	0.130	-0.876	0.090	-0.593	-1.249	-0.195	-1.331	-0.784	0.970	-0.137	0.894	0.299	0.501	-0.012	0.092	NA	0.059	-0.934
5	55441571	rs62362364	-0.604	-0.001	0.977	0.112	-0.820	0.777	-0.710	0.988	0.016	0.262	-1.468	-0.050	0.122	0.060	-0.251	0.267	0.064	-0.324	-0.120	0.168	-0.111	0.067	0.375	-0.196	-0.199	0.033
5	55860866	rs3936510	1.130	0.370	0.182	1.073	1.381	1.302	1.256	-0.468	-0.410	-0.555	0.199	-0.589	1.494	0.564	0.900	-0.223	-0.395	-0.275	0.494	-0.328	0.033	-0.627	-0.809	0.337	0.177	-0.178
5	74656539	rs12916	-0.317	0.027	0.431	0.012	0.339	-0.948	-0.608	-1.196	-1.398	-0.408	-0.951	-0.987	-1.059	-0.681	-1.258	-0.614	-1.077	-1.662	-1.421	-1.545	-1.817	-1.963	0.032	-2.157	-1.847	-2.019
5	108085190	rs112949822	NA	NA	-0.269	NA	0.285	0.337	0.435	0.151	0.436	1.321	-0.810	1.027	NA	NA	NA	NA	-0.888	-0.349	-0.976	-1.190	-0.994	-0.435	-0.536	0.015	-0.408	0.407
5	121278751	rs4345341	0.218	1.111	1.577	1.802	0.724	0.958	0.628	0.877	0.901	-0.067	0.752	0.118	2.054	0.487	0.774	0.800	1.002	0.708	0.888	0.991	1.156	2.513	1.417	3.206	2.055	3.011
5	127926190	rs6883598	-0.101	-0.603	-1.051	-0.607	-0.713	-1.296	-1.418	-1.944	-1.247	0.312	-2.439	-1.344	-0.648	-1.456	-0.873	-1.009	-1.830	-1.132	-1.384	-1.428	-0.951	-0.170	-1.950	-0.197	-1.202	-0.813
5	131795310	rs10477741	NA	NA	NA	NA	NA	NA	NA	-0.946	0.256	-0.510	-0.608	-0.167	NA	0.947	NA	0.003	-0.096	-1.020	-0.145	0.640	0.129	-0.047	0.486	0.299	0.388	0.114
5	141915692	rs249760	-0.562	0.604	0.101	0.390	0.747	-0.432	-0.653	-1.278	1.130	0.472	-0.888	3.039	1.665	1.273	1.519	1.416	NA	-0.419	0.208	-0.568	-1.610	0.286	0.154	0.844	-0.061	0.691
5	142494165	rs3776307	0.182	0.268	-1.249	-0.069	-0.745	-0.196	-0.541	0.212	0.759	0.548	-0.311	0.864	1.263	0.719	0.243	0.324	-0.239	0.088	-0.226	-0.022	-0.289	-0.520	0.214	-0.339	0.020	-0.440
6	12903957	rs9349379	NA	-0.222	-0.183	NA	-0.750	-0.968	-1.500	-0.068	0.210	0.262	-0.310	-0.443	-0.109	0.106	-0.518	-0.627	-0.599	-1.056	-0.663	-0.274	-0.521	-1.138	-1.159	-1.144	-1.226	-0.717
6	22612629	rs6909752	-1.132	-0.362	-0.514	0.095	-0.858	-0.941	-0.875	-0.150	-0.184	-0.765	0.476	0.314	0.414	0.361	1.010	0.551	-0.363	-0.578	0.078	-0.034	-0.396	-0.176	-0.471	-0.251	-0.218	0.063
6	34793124	rs9469899	2.790	1.321	0.256	0.939	2.993	1.024	1.369	2.326	3.023	NA	NA	0.883	0.260	0.031	1.281	1.386	1.710	2.296	2.643	1.773	2.623	1.786	1.330	1.804	2.081	1.967
6	39171862	rs733701	NA	-0.589	-1.230	NA	NA	-0.487	-0.513	-1.145	-1.230	-1.016	-1.079	0.112	-0.127	-0.167	0.019	0.025	-0.522	-0.250	-1.457	-0.836	-1.000	-1.191	-0.811	-1.070	-1.117	-1.063
6	43068370	rs1034246	NA	NA	0.508	-0.682	NA	0.724	0.120	0.028	0.248	-0.260	-0.307	0.289	0.344	-0.044	-0.970	0.344	0.023	0.930	0.065	0.459	-0.937	-0.890	-0.936	-0.539	-0.536	-0.926
6	43758873	rs6905288	1.804	0.895	0.788	1.229	1.933	1.367	1.283	1.598	1.848	0.313	2.134	1.393	1.630	1.830	1.068	1.426	1.537	1.638	2.122	1.316	2.031	1.378	1.367	1.840	1.638	1.503
6	57145562	rs11752218	NA	NA	-0.256	-0.827	NA	-0.147	1.587	0.233	-0.201	NA	0.635	0.768	NA	0.993	1.176	1.201	0.548	0.249	-0.251	0.471	0.787	0.514	NA	NA	0.716	2.049
6	82595959	rs9361867	1.128	1.264	0.259	0.658	1.274	0.511	1.134	-0.037	-0.339	-0.357	0.099	0.372	0.465	0.305	0.619	0.477	0.167	0.210	-0.026	-0.006	0.171	0.262	0.503	0.894	0.973	0.535
6	97029871	rs2983896	-0.257	0.484	-0.342	-0.771	0.928	0.348	-0.225	1.279	-0.567	0.616	1.506	0.096	1.294	0.950	2.367	-0.769	1.593	-0.110	0.661	1.195	1.015	0.194	-0.021	1.227	0.168	-0.330
6	133999868	rs6919211	1.465	0.448	0.120	0.822	0.969	0.427	0.808	0.769	1.139	-0.401	0.805	1.096	1.680	0.230	0.750	0.723	0.872	0.945	1.733	1.226	1.224	1.157	0.993	1.347	0.819	1.405
6	134202690	rs2327426	-0.617	-1.561	-1.194	-0.912	-0.987	-0.585	-1.285	-1.048	-0.243	0.089	-0.183	0.327	0.288	-0.462	-0.099	-0.046	0.155	0.287	0.098	-0.222	-0.037	-2.464	-2.596	-2.470	-1.735	-2.204
6	134378151	rs2492304	-0.470	-0.205	0.215	-0.348	-0.091	-1.146	-0.119	0.982	1.102	0.679	1.012	1.112	1.288	1.426	1.241	1.385	1.014	1.341	1.233	1.074	1.047	0.539	0.324	0.293	0.352	-0.182
6	160535878	rs6932293	0.207	-0.088	-0.681	-0.781	-0.643	-0.725	-0.392	0.450	-0.095	-0.919	-1.703	0.974	0.584	0.627	0.309	0.764	NA	0.877	NA	NA	0.677	2.126	1.888	1.360	1.818	1.506
6	160720747	rs56195640	0.567	-0.121	NA	NA	-0.312	0.286	-1.439	0.586	-0.156	-0.474	-1.159	0.478	1.430	0.453	0.522	0.446	-0.577	-1.672	-1.500	-0.878	-0.788	0.674	-0.288	0.234	-0.419	0.842
7	19049388	rs2107595	0.098	-0.814	-0.220	-0.309	-0.584	-0.535	-0.421	-0.398	-0.256	0.194	0.334	-0.870	-0.802	-0.822	NA	-0.316	-0.020	-0.512	-0.219	-0.275	0.037	-0.784	-0.962	-0.233	0.172	-0.322
7	20300416	rs10486389	1.206	1.028	1.591	1.622	1.885	1.496	1.448	0.616	0.480	0.560	0.881	-0.351	0.134	-0.357	0.141	-0.021	1.350	1.094	1.783	2.257	0.594	0.057	0.231	0.137	0.279	-0.260
7	35277093	rs2215614	-2.007	-1.853	-1.907	-2.512	-2.122	-1.486	-0.946	0.559	0.414	0.286	0.245	-0.684	-1.179	-0.412	-0.693	-1.016	-0.728	-0.414	-0.104	0.369	0.624	-0.564	-0.112	-1.652	-1.079	-1.267
7	45077978	rs2107732	NA	NA	NA	NA	NA	-1.006	NA	-2.960	-2.681	NA	-2.561	NA	NA	NA	NA	NA	-2.545	-1.060	-3.057	-4.139	NA	NA	NA	NA	NA	NA
7	106941324	rs12112877	0.988	0.947	0.980	1.206	0.915	0.955	0.673	0.877	1.871	1.621	0.745	-0.344	-0.435	-0.531	-0.112	-0.141	-0.256	0.829	0.504	0.018	-2.593	0.699	-1.322	1.396	-1.307	-0.359
7	117100046	rs13222797	-0.581	-0.108	0.422	-0.651	-1.111	-0.387	0.050	-1.092	0.240	0.315	-1.143	0.137	-0.240	-0.342	-0.145	0.097	-1.084	-0.966	-1.654	-0.953	-1.087	-0.387	-0.317	0.140	-0.380	0.439
7	129663496	rs11556924	NA	NA	NA	NA	-0.582	-1.013	-1.330	-1.759	-1.694	-0.445	-1.481	-0.077	0.277	0.003	0.285	-0.088	-1.332	-0.910	-1.824	-1.909	-1.973	-0.389	-0.486	0.014	-0.486	-0.155
7	150690176	rs3918226	NA	NA	NA	NA	NA	-0.773	0.613	0.797	0.460	0.004	0.395	NA	NA	NA	NA	NA	0.199	0.645	0.049	0.679	0.250	NA	NA	NA	-0.195	-0.221
8	19813529	rs268	NA	NA	NA	NA	NA	NA	NA	-0.273	NA	NA	-1.528	NA	NA	NA	NA	NA	NA	-1.045	NA	NA	NA	NA	NA	NA	NA	NA
8	19916120	rs66778572	-1.462	-1.003	-1.272	-1.428	-1.121	-0.709	0.572	2.101	1.675	0.794	1.659	1.175	2.526	1.606	1.845	1.926	0.756	0.938	0.644	0.965	0.985	2.834	2.349	2.415	2.579	2.627
8	25061807	rs1510758	2.117	1.457	1.944	0.930	1.761	1.050	0.303	-0.936	-0.196	-0.051	-0.714	0.154	-0.112	0.395	-0.203	0.322	-0.940	-1.342	-1.409	-1.307	-1.544	0.005	-0.353	-0.079	-0.191	-0.297
8	95278307	rs34917849	1.691	-0.389	0.630	0.330	-0.020	0.438	0.282	0.360	0.393	0.465	0.955	1.114	1.552	1.399	1.501	1.148	0.437	1.718	-0.145	0.905	-0.098	1.196	0.283	0.630	0.830	0.275
8	126478450	rs2001846	-0.203	-0.815	-0.759	0.513	0.347	-0.146	0.198	0.674	-0.053	-0.031	0.673	2.151	0.889	1.749	0.855	1.913	0.606	0.466	1.384	0.255	1.078	-0.082	0.121	-0.176	-0.748	-0.059
9	13724051	rs10961206	-0.081	0.442	0.487	-1.022	0.161	-0.338	-0.752	0.317	-0.092	0.430	0.152	-0.369	0.479	0.749	-0.386	-0.047	0.327	0.865	0.131	-0.228	0.934	-0.002	0.388	0.714	-0.191	1.352
9	22011083	rs76959412	NA	NA	NA	NA	NA	NA	NA	NA	NA	NA	-1.431	NA	NA	NA	NA	NA	-2.370	0.772	-1.068	-0.986	NA	NA	NA	NA	NA	NA
9	22098619	rs2891168	-1.103	-0.026	-1.152	-0.989	-0.534	-1.199	-2.370	0.571	0.470	1.100	-0.872	0.038	-0.458	-0.192	0.537	-0.666	0.282	0.337	-0.354	-0.347	-0.247	-1.210	-0.086	-0.624	-0.872	-0.515
9	110530324	rs1967604	-0.295	-1.847	-1.850	0.484	-0.621	-0.445	-0.970	0.826	2.811	1.530	1.096	0.497	-0.457	-0.394	0.356	0.202	1.353	0.848	1.965	1.599	1.223	1.763	0.707	0.763	-0.116	1.247
9	124420173	rs885150	0.060	0.140	-0.552	0.284	NA	-0.438	-0.483	0.563	0.242	0.308	0.425	1.114	0.729	0.551	-0.061	0.754	0.449	0.445	0.115	-0.026	-0.079	0.997	0.421	0.670	0.687	1.228
9	136153875	rs651007	0.781	1.415	2.103	2.092	1.289	2.017	1.672	0.986	0.534	2.123	0.456	0.748	-0.409	0.106	-0.785	0.632	0.473	0.906	0.907	0.218	0.311	0.947	1.518	0.793	0.932	1.965
10	12275947	rs17566555	0.342	0.012	0.037	-0.630	0.187	-0.877	-1.227	0.026	-1.170	0.568	-0.826	0.530	0.200	-0.197	-0.840	-0.299	0.266	0.004	0.303	-0.253	-0.540	-0.895	-0.283	-0.856	-1.159	-0.921
10	30317073	rs9337951	NA	0.515	-0.931	NA	NA	0.122	-0.789	-0.963	-1.193	-0.367	-0.933	0.677	0.432	0.425	NA	-0.434	0.082	-0.831	-0.242	0.020	-0.355	-0.101	-1.293	-1.863	-1.314	-1.478
10	44480811	rs1870634	0.749	0.830	1.098	1.440	1.336	0.604	0.964	0.225	0.469	0.741	-0.558	-0.186	0.179	0.026	0.034	-0.308	-0.723	-1.812	-1.138	-0.930	-1.030	-0.376	-0.435	-0.727	-0.722	-0.444
10	44741256	rs494207	2.002	1.277	0.855	1.643	1.363	1.813	2.042	0.931	0.531	1.614	2.435	0.898	-0.301	-0.259	-0.321	0.321	0.455	1.312	0.831	0.667	1.151	0.379	0.919	-0.022	-0.403	-0.719
10	82251514	rs17680741	-0.671	-0.899	-0.855	-0.030	-0.732	-0.304	-1.159	0.099	-0.103	0.722	-0.354	-0.069	2.724	2.034	NA	1.279	0.482	-0.503	0.387	0.147	0.074	-1.237	-1.267	-1.307	-1.008	-0.992
10	96029170	rs55753709	-0.423	0.253	-0.519	-0.199	-0.423	-0.379	-0.484	0.752	0.535	-0.368	0.031	0.255	0.059	-0.194	-0.073	0.086	0.542	1.224	1.041	0.911	0.933	0.577	0.806	0.581	0.329	0.234
10	99923763	rs884811	-0.842	-0.176	-1.089	0.942	-0.604	0.555	-0.866	-0.334	-0.412	-0.427	-1.897	-1.652	-0.211	-0.511	0.245	-0.862	-0.979	-0.999	-0.305	-0.084	-0.942	0.176	-0.004	-0.104	-0.003	0.371
10	104776205	rs77787671	0.291	1.520	0.576	0.846	1.051	1.738	0.567	0.654	0.282	0.213	0.596	NA	-1.796	-1.329	0.542	-1.226	0.314	1.056	1.148	0.964	0.577	-0.234	-0.409	-0.283	-0.215	-0.461
10	105643223	rs2067831	0.567	0.364	0.294	-0.402	0.284	0.271	-0.191	-0.676	-0.747	0.093	-1.092	-1.565	0.126	-0.473	0.331	-0.675	-0.983	-1.478	-0.831	-1.413	-0.915	-0.071	-0.415	0.251	0.058	0.535
10	124230750	rs2672592	-0.798	0.366	-0.668	-0.219	-0.127	-0.878	-1.181	-0.329	0.407	0.678	0.261	-0.346	-0.257	-0.202	-0.505	-0.091	-0.681	0.078	-0.304	-0.321	0.180	-0.802	-0.298	-0.649	-0.507	-0.733
11	5701074	rs11601507	NA	NA	NA	NA	NA	NA	0.034	-0.417	-1.816	-0.338	-1.116	-0.642	-0.953	-0.498	-0.198	-0.528	-0.038	0.238	0.581	-0.613	0.105	-1.647	-1.300	-1.643	-1.578	-1.531
11	9323353	rs4537761	0.070	-0.604	0.674	0.348	0.975	-0.181	0.411	0.802	0.970	-0.536	1.641	2.157	1.593	1.391	1.082	0.993	1.572	1.569	3.260	1.468	0.863	0.297	0.012	0.517	1.251	0.043
11	9762274	rs360153	0.178	-0.178	0.098	-0.573	-0.004	-0.053	-0.552	0.275	-0.546	0.357	0.080	0.790	0.354	0.610	0.553	0.333	0.465	0.111	0.441	-0.214	0.297	0.893	0.636	0.352	1.059	0.825
11	32380521	rs7118294	0.009	0.205	-0.935	0.591	0.063	-1.162	-1.459	-1.066	-0.272	0.538	-1.214	0.999	0.771	1.304	0.513	0.570	-1.518	-1.058	-1.235	-1.199	-1.385	-0.114	-0.551	-0.374	-0.215	-0.234
11	65405600	rs2306363	NA	NA	NA	1.676	NA	NA	-0.709	0.089	1.708	1.702	-0.090	-1.317	-1.503	-1.329	-2.370	-0.918	0.352	1.278	0.162	0.994	0.320	-0.157	-0.057	-0.181	0.855	-0.110
11	75277628	rs584961	-1.542	-0.570	-0.732	-0.728	0.237	0.628	-0.359	0.953	0.630	0.072	-0.375	-1.551	-1.631	-1.482	-1.280	-1.632	0.476	1.333	1.072	0.540	1.032	0.474	0.337	0.530	0.283	0.437
11	100593538	rs633185	-0.493	1.040	-0.385	-0.414	-0.179	0.354	0.073	-1.969	-1.777	-1.253	-1.029	-0.822	-1.150	-1.511	-1.260	-1.270	-1.013	-1.434	-1.253	-0.952	-0.952	-2.929	-3.373	-3.688	-2.739	-2.719
11	102795606	rs1892971	NA	NA	1.296	NA	NA	-0.047	0.861	1.486	1.500	1.444	1.225	1.154	1.024	0.578	0.826	1.045	1.540	1.272	1.086	1.590	1.352	0.572	0.495	0.328	0.569	0.344
11	103673294	rs2839812	0.422	0.456	1.024	-0.253	0.034	0.452	-0.093	0.368	-0.944	-0.870	0.123	-0.123	-0.521	-0.493	-0.256	-0.256	0.294	-1.434	-0.014	0.990	0.399	0.251	0.194	-0.100	0.103	0.245
11	110244360	rs10488763	NA	-0.574	NA	0.142	0.711	NA	0.016	-0.642	-1.061	-1.318	0.210	0.091	-0.025	-0.197	0.352	0.191	-0.577	-0.281	-0.031	0.947	0.552	-0.060	-0.036	0.373	0.594	0.366
11	116648917	rs964184	0.770	0.029	0.413	1.108	0.886	1.311	0.188	0.150	-0.617	-1.369	0.661	-0.528	-1.095	-0.921	-0.023	-0.386	0.820	0.530	1.564	0.983	0.660	-0.237	-0.174	-0.588	-0.028	-0.401
11	118949331	rs1177562	-1.188	-1.731	-0.551	-1.281	-1.057	-1.464	-2.626	-0.074	0.929	1.005	-0.353	0.056	0.101	0.080	1.362	0.417	-0.153	0.591	NA	0.133	0.078	0.295	0.130	-0.687	-0.299	-0.137
11	120363937	rs4938809	0.123	-0.290	0.255	0.677	0.253	0.979	0.739	1.013	-0.416	-0.706	0.319	-0.673	-0.603	-0.968	-0.161	-1.158	0.901	-0.183	-0.142	0.412	-0.005	0.855	1.469	1.527	0.544	1.351
11	126262638	rs10790800	1.425	0.073	0.388	0.415	0.567	1.252	0.764	0.740	0.726	1.475	0.450	0.433	0.706	0.682	0.726	1.432	-0.043	-0.070	-0.353	0.464	0.290	0.346	0.632	0.617	0.965	0.325
12	20220033	rs10841443	-0.477	-0.938	0.149	-0.659	0.168	-0.164	-0.546	-2.143	-0.982	0.395	-1.750	-0.417	-1.198	-1.249	-0.989	-0.852	-1.295	-2.303	-1.387	-1.155	-1.184	-2.475	-2.382	-2.041	-2.372	-1.627
12	90008959	rs2681472	0.392	-0.214	0.077	-0.428	-0.286	-0.898	-0.535	-0.878	-0.510	-0.370	-0.846	-1.703	0.027	-0.476	-0.412	-1.497	-0.503	0.364	-0.491	-0.436	-1.241	-1.082	-1.927	-1.657	-1.467	-1.354
12	95507971	rs11107903	0.355	1.519	1.151	1.187	0.499	0.954	0.980	-0.278	-1.082	0.745	-0.345	-0.147	-0.174	-0.893	-0.475	-0.646	0.192	0.509	-0.572	-1.194	-0.730	-0.775	0.179	-0.894	-0.058	-0.867
12	115353368	rs34606058	0.591	-1.438	-0.585	-0.505	-0.041	-0.372	1.098	-0.655	-0.015	0.623	-0.717	-0.084	0.681	0.585	-0.006	0.858	-0.779	-0.485	-0.621	-1.157	-0.882	-0.871	-0.914	-1.043	-0.858	-1.219
12	121416988	rs2244608	0.692	1.219	0.588	0.378	1.071	0.924	0.033	-1.070	0.007	1.173	-1.051	-0.739	-0.515	-0.680	-1.223	-0.523	-0.712	-0.384	-0.738	-1.414	-1.472	-1.679	-1.637	-1.952	-1.605	-2.022
12	124409502	rs7133378	0.120	-0.196	-0.039	0.455	0.248	-0.080	0.083	-0.860	-0.864	-0.547	-0.749	-0.902	-0.874	-0.322	0.020	-1.142	-0.744	-0.406	-0.891	-0.444	-0.762	-0.961	-0.810	-1.052	-1.444	-1.681
12	125336956	rs7296737	0.581	-0.044	0.980	0.571	1.029	0.092	-0.615	-1.825	-0.998	0.639	-1.692	-1.678	-1.581	-1.550	-1.172	-1.603	-1.443	-0.913	-1.889	-0.814	-0.987	-1.480	-1.590	-1.201	-1.531	-1.479
13	28962686	rs17086617	-0.612	-0.497	-0.523	-0.933	-0.713	-1.246	-1.020	-0.352	-0.304	-1.041	-0.740	NA	NA	NA	NA	NA	-0.242	-0.603	-0.776	-1.130	-0.015	0.281	-0.303	-0.197	-0.288	0.078
13	99434810	rs8000794	-0.819	-0.706	-1.444	-0.826	-0.893	-1.063	-1.239	-0.992	-0.669	0.136	-0.923	1.984	0.545	1.493	0.878	1.447	-1.512	-1.028	-1.300	-1.147	-1.055	-0.863	-0.904	-0.808	-1.337	-0.735
13	110818102	rs11617955	-0.911	NA	-1.023	-0.583	NA	-1.680	-1.132	-2.482	-2.238	-2.087	-1.818	NA	NA	NA	NA	-1.586	-0.570	-0.803	-0.289	-0.991	-0.834	-1.220	-0.080	-1.075	-1.130	-0.701
13	110834746	rs3783113	1.044	0.956	2.514	0.836	1.501	1.988	1.445	1.200	0.567	1.408	1.293	2.300	1.396	1.165	0.861	1.808	1.146	1.320	1.161	0.928	1.032	2.356	2.229	1.836	2.126	1.843
13	110918660	rs11619113	NA	NA	NA	NA	NA	0.804	-1.123	-1.585	-0.274	-0.347	-1.237	NA	-1.037	NA	0.547	NA	-0.871	-0.162	-0.683	-0.965	-1.426	0.055	-0.367	-0.263	0.457	-1.075
13	110954353	rs4773141	0.778	0.273	0.544	0.517	0.706	1.398	0.271	0.951	0.760	0.911	0.251	0.776	2.138	1.714	1.078	1.530	-0.161	-0.892	0.278	0.148	0.118	0.354	0.708	0.689	0.743	0.067
13	111049623	rs9515203	-1.325	-0.615	-0.659	-0.757	-0.507	-1.493	-0.792	-0.267	-0.830	-1.072	-0.062	-0.160	0.193	-0.196	-0.837	-0.619	-0.309	-0.477	-0.176	-0.172	0.024	0.130	-0.380	-0.248	-0.036	-0.157
13	111108436	rs7333991	-0.050	1.660	0.998	2.174	1.009	0.910	0.334	0.905	1.648	2.026	1.373	1.171	1.937	1.659	1.500	0.738	0.090	0.345	-0.069	-0.131	0.391	1.406	1.318	0.671	0.872	0.885
13	113618496	rs4907571	0.069	0.067	-0.367	-0.316	0.067	-0.298	-1.544	0.837	0.574	0.980	0.957	1.321	1.194	0.889	1.013	0.652	0.770	0.947	0.484	0.171	0.330	0.429	-0.289	0.700	0.795	0.577
14	75446879	rs10131894	0.060	0.765	-0.158	0.668	0.877	0.350	0.019	0.059	-0.328	0.060	0.230	-1.126	0.024	-0.145	-0.404	-0.490	0.118	0.723	0.540	0.548	0.123	0.501	0.215	0.160	0.892	0.217
14	94838142	rs112635299	NA	NA	NA	NA	NA	NA	NA	NA	NA	NA	NA	NA	NA	NA	NA	NA	-1.266	-0.682	0.487	-0.764	NA	NA	NA	NA	NA	NA
15	58730498	rs588136	-0.358	0.087	0.155	0.459	-0.592	-0.853	-0.064	0.703	-0.079	-1.201	1.257	-0.940	-1.087	-0.025	-0.989	-0.933	0.946	1.337	1.179	0.127	0.440	-0.281	0.628	-0.696	0.130	0.343
15	67455630	rs56062135	0.707	0.623	2.085	0.907	1.479	1.629	0.270	-1.092	-0.176	0.151	-1.470	-0.417	-0.056	0.448	NA	0.102	-0.721	-1.276	-0.237	-1.034	-1.606	-0.757	-0.496	-0.103	-0.809	-0.570
15	79065380	rs7177201	1.554	1.501	1.026	0.930	1.910	1.379	1.613	0.996	-0.179	-1.496	1.301	-0.389	-0.461	-0.466	-1.762	-0.430	0.432	0.548	0.260	1.139	1.321	-0.231	-0.467	-0.098	-0.275	-0.111
15	79141784	rs7173743	0.493	0.410	-0.193	-0.056	0.052	0.653	-0.353	0.879	0.897	2.548	1.190	0.807	1.622	1.866	0.820	1.775	1.378	0.577	1.341	1.598	1.380	-0.123	0.308	-0.041	0.693	-0.056
15	89565257	rs1807214	0.971	1.097	2.254	1.888	1.585	2.044	1.951	1.410	0.448	0.617	2.630	0.653	0.761	0.977	0.491	1.119	0.557	1.038	1.189	1.655	1.373	2.917	2.056	2.728	2.380	2.272
15	91428589	rs7183988	0.777	0.603	0.847	2.007	1.185	0.900	0.633	1.235	0.962	0.024	0.799	1.805	2.031	2.138	1.464	2.151	0.610	1.640	0.561	NA	0.381	1.518	1.624	0.944	0.986	2.341
15	96146414	rs17581137	0.656	1.987	0.588	1.154	1.183	1.282	1.781	1.398	1.554	1.824	1.542	0.433	1.664	1.132	0.831	0.536	1.127	0.669	1.110	1.456	1.537	1.793	1.457	1.799	2.019	2.217
16	15909513	rs12691049	-1.693	-0.857	-0.949	-0.150	-0.356	-1.254	-2.247	-1.815	-1.431	-1.595	-1.722	-1.231	-1.439	-1.634	-1.318	-1.533	-0.918	-0.949	-1.056	-1.030	-1.227	-1.540	-1.741	-1.326	-1.718	-1.412
16	56987015	rs12446515	0.793	0.528	-1.309	-1.831	-0.406	-1.286	0.149	-1.497	-1.669	-1.106	-2.038	-0.692	-1.849	-1.516	-1.713	-0.413	-2.146	-1.679	-2.193	-2.109	-2.170	-1.489	-1.341	-1.273	-1.176	-1.120
16	75442143	rs8046696	-0.439	0.892	1.283	-0.203	0.080	0.438	NA	NA	NA	1.261	0.441	-0.855	-1.291	-1.815	NA	-0.203	0.118	NA	NA	0.223	-0.517	0.784	0.224	-0.030	-0.012	0.428
16	81510742	rs10493891	1.726	0.315	0.246	0.621	-0.392	0.821	-0.502	-1.889	-2.457	-0.407	-1.181	-0.889	-0.071	1.218	-0.084	-0.237	-1.444	-0.696	-1.633	-1.901	-1.684	-0.345	-0.743	-1.614	-0.693	-0.512
16	83045790	rs7500448	-1.606	0.290	-1.633	0.302	-1.011	-0.135	-1.818	0.451	1.138	1.108	1.267	-0.059	0.798	0.233	0.991	-0.003	0.316	0.719	0.585	0.844	1.111	0.483	0.069	0.375	-0.146	0.460
17	17726965	rs12936927	-0.699	-0.748	-0.573	-1.178	-0.707	-0.166	-0.287	0.653	0.401	-0.217	1.212	0.345	-0.781	-0.179	-1.021	-0.449	1.130	1.356	1.120	0.811	0.897	-0.544	-0.553	-0.875	-0.832	-1.024
17	27938424	rs11080107	0.936	1.534	1.550	0.114	0.347	0.027	0.148	-0.132	-0.474	0.026	-0.644	-1.806	NA	-0.649	-0.775	-0.855	-0.483	-1.387	-0.963	-0.741	-0.710	-0.615	-0.464	-0.484	-0.257	-0.283
17	40270081	rs12952244	2.671	2.522	2.450	2.700	2.557	2.166	0.413	-1.332	-2.377	-2.085	-1.445	-0.078	-0.560	-0.133	-0.864	-0.126	-1.361	-1.330	-1.028	-0.635	-1.740	-0.329	-0.245	-0.689	-0.134	0.013
17	40571284	rs8068844	0.447	-0.404	0.500	-0.513	0.574	0.552	-0.240	-1.836	-1.237	-0.943	-1.228	-0.529	-0.803	-0.575	-0.631	-0.169	-1.146	-1.363	-1.112	-1.637	-1.780	-0.860	-0.876	-0.836	-1.067	-0.937
17	45013271	rs17608766	NA	NA	NA	NA	NA	-1.132	-1.924	-1.014	-0.608	-1.317	-1.620	NA	NA	NA	NA	NA	-2.269	-2.711	-1.397	-2.267	-2.109	-0.337	-0.855	-0.074	-0.329	0.247
17	47123423	rs4643373	-2.609	-1.686	-1.144	-3.351	-2.267	-2.521	-2.757	-1.824	-1.180	-0.417	-1.608	NA	0.639	NA	0.658	NA	-1.637	-1.244	-1.453	-1.179	-1.021	-0.714	-1.188	-1.389	-0.893	-0.943
17	59232365	rs11655024	1.261	0.285	-0.932	-0.275	0.053	-0.630	-0.439	-1.213	-0.740	-0.511	-0.912	0.660	-0.258	-0.527	-0.743	0.464	0.308	-0.742	-0.336	-0.761	-1.143	-1.462	-1.835	-1.738	-1.480	-2.064
17	62392403	rs11079536	NA	NA	NA	NA	NA	NA	-0.725	-2.417	NA	NA	-2.525	-1.591	-0.705	NA	-0.724	-1.338	-1.640	-1.704	-1.762	NA	NA	NA	NA	NA	NA	NA
17	66463985	rs2909217	-0.355	-0.256	-0.368	-0.165	-0.411	-0.068	-0.033	1.643	3.089	2.367	1.712	2.334	2.006	2.232	2.210	2.540	1.140	1.462	1.640	2.011	1.802	2.442	2.093	2.002	1.763	2.111
17	73841285	rs2410859	-0.942	-1.127	-1.075	0.620	-0.661	-0.954	-0.775	-1.410	-1.517	-1.798	-1.655	-1.316	-0.187	-0.588	-0.813	-1.022	-1.139	-1.418	-0.361	-0.766	-0.464	-2.418	-2.140	-1.712	-1.849	-2.593
18	20009691	rs9951447	-0.489	-0.180	0.634	0.114	0.124	0.258	0.986	1.817	2.107	2.744	1.213	1.387	1.861	1.585	0.695	1.010	0.475	0.902	0.126	0.538	0.640	0.691	-0.021	0.535	0.246	-0.419
18	46515916	rs9945890	NA	NA	NA	NA	NA	-0.527	-0.779	-0.870	-1.099	-1.295	-0.918	-0.963	-1.025	-0.816	-0.380	-0.889	-0.296	-0.509	-0.064	-0.158	-0.146	0.059	-0.460	-0.093	-0.266	0.322
18	56960510	rs11663411	1.790	1.458	-0.307	1.055	2.524	1.091	0.137	-0.543	-0.265	-0.265	-0.857	-0.480	-0.837	-0.565	-0.425	-0.787	-0.890	-0.486	-1.435	-1.624	-1.488	-0.769	-0.254	-0.177	-0.420	-0.071
19	8429323	rs116843064	NA	NA	NA	NA	NA	-1.249	-1.274	-0.201	NA	NA	-0.727	NA	NA	NA	NA	NA	-0.887	-0.644	0.118	0.428	0.306	NA	NA	NA	NA	NA
19	11188117	rs55997232	0.920	1.052	-0.256	0.487	0.926	1.826	1.454	0.933	0.259	0.184	0.758	1.286	NA	0.267	NA	0.290	1.010	1.108	0.048	0.524	0.983	1.590	1.079	1.013	0.781	1.239
19	11216617	rs10422256	0.469	0.559	0.011	-0.355	0.091	0.824	1.019	-0.049	-0.858	-1.787	0.372	-1.103	-1.188	-1.336	-1.835	-1.068	0.470	0.186	0.647	0.831	0.976	-0.107	-0.714	-0.612	-0.916	-0.932
19	11526765	rs167479	0.914	1.100	0.852	1.404	0.946	1.078	1.104	0.805	0.423	-0.064	0.613	0.748	0.523	0.568	0.650	0.531	0.675	1.042	0.643	0.489	0.565	0.106	0.111	0.117	0.246	0.090
19	17219105	rs7246865	-1.832	-2.262	-2.182	-1.798	-2.116	-1.928	-2.526	-1.626	-1.707	-1.443	-1.031	-0.498	-1.351	-0.429	-0.642	-1.061	-0.585	-0.537	0.417	-0.103	-0.206	-1.949	-1.470	-1.748	-1.510	-2.048
19	18575193	rs78030362	NA	NA	NA	NA	NA	1.246	NA	-1.639	-0.035	0.552	-1.136	NA	NA	NA	NA	NA	-1.776	-0.679	-1.608	-2.584	-2.198	-1.008	-0.965	-0.784	-0.970	-0.454
19	41837615	rs11466359	NA	NA	NA	NA	NA	NA	0.863	1.034	1.096	0.986	1.601	NA	NA	0.369	0.502	NA	1.030	NA	0.848	1.107	NA	NA	NA	NA	NA	NA
19	41860296	rs1800469	NA	NA	NA	NA	NA	NA	0.379	-1.182	-0.850	-1.943	-0.506	NA	NA	-0.566	-1.039	NA	-0.136	NA	0.597	-0.249	NA	NA	NA	NA	NA	NA
19	45411941	rs429358	0.775	0.889	0.902	-0.348	0.194	0.932	-0.430	1.444	-0.315	-0.042	-0.930	NA	NA	-0.816	0.054	-0.251	0.164	0.506	0.594	NA	NA	NA	NA	NA	NA	NA
19	45412079	rs7412	0.728	0.095	0.382	0.280	0.328	0.124	0.181	-1.129	-1.156	NA	0.416	NA	NA	0.751	0.576	-0.212	-0.063	-0.409	0.000	NA	NA	NA	NA	NA	NA	NA
20	17596155	rs1132274	-0.041	0.993	1.177	1.182	1.047	0.759	0.372	1.563	0.498	-0.268	0.970	-1.458	-1.480	-1.230	-1.373	-1.140	1.764	1.415	2.088	2.018	2.024	-0.188	-0.107	-0.903	0.292	-0.592
20	33358499	rs6088595	NA	NA	NA	NA	NA	1.047	-0.486	-0.006	0.486	0.137	-0.404	-0.224	0.268	-0.438	0.429	-0.817	NA	-0.693	-0.230	-0.453	-0.602	-0.134	0.074	-0.485	0.138	-0.267
20	33799176	rs17406518	NA	NA	NA	NA	NA	0.667	0.375	0.468	0.349	0.860	-0.148	0.554	0.779	0.676	1.192	0.133	0.386	0.494	0.521	0.946	0.239	-0.255	-0.143	0.010	0.225	-0.162
20	39142516	rs2207132	NA	NA	NA	NA	NA	-0.052	NA	NA	NA	NA	0.223	NA	NA	NA	NA	NA	1.042	0.619	0.606	1.876	1.045	0.267	NA	NA	0.876	NA
20	39924279	rs6102343	-0.885	1.598	1.138	0.287	-0.213	-0.029	0.464	0.887	0.097	0.047	1.085	0.818	0.701	0.424	0.470	0.759	0.490	1.094	0.645	0.556	0.172	-0.097	0.724	-0.162	0.771	-0.748
20	44608901	rs8124182	0.185	0.722	0.550	0.774	0.211	0.591	0.528	0.280	0.146	1.479	0.060	0.344	0.090	-0.523	-1.044	0.634	-0.358	-0.441	-0.225	-0.416	0.370	0.551	0.507	0.715	0.411	0.679
20	47433150	rs2008614	NA	0.049	NA	NA	-1.249	0.120	-0.160	0.031	0.021	-0.529	-0.611	0.209	0.743	0.581	0.309	0.543	-1.378	0.299	-0.208	-0.386	-0.015	0.421	0.908	0.365	0.199	0.228
20	57739469	rs6026739	-1.634	-1.656	-1.005	-0.927	-0.255	-1.423	-0.900	-0.146	0.559	-0.148	0.515	0.497	0.790	1.297	0.654	0.578	0.677	0.662	0.790	0.357	0.077	-0.869	0.578	0.524	-0.479	-0.505
21	35593827	rs28451064	NA	NA	NA	NA	NA	1.217	1.120	0.606	0.886	-0.947	0.263	NA	NA	NA	NA	NA	0.594	-1.048	0.698	1.011	0.576	0.773	1.042	0.303	0.568	0.680
21	35605863	rs149487184	NA	NA	NA	NA	NA	NA	NA	-1.233	NA	-1.888	-0.775	NA	NA	NA	NA	NA	-0.392	-0.913	-1.303	-0.990	NA	NA	NA	NA	NA	NA
22	19960184	rs71313931	-0.568	-0.530	-0.663	-1.055	-1.022	-0.816	-1.378	-0.533	-1.273	-0.181	-0.897	-0.536	-0.361	-0.103	-0.038	0.060	-0.587	-1.206	-0.426	-0.677	-0.587	-0.985	-1.331	-1.386	-1.295	-0.686
22	24555861	rs12484557	NA	NA	NA	NA	NA	NA	NA	-0.105	0.042	-0.779	0.488	0.232	-1.272	NA	-0.926	0.577	-0.918	-0.731	-1.035	0.754	0.036	-1.319	-0.779	-0.400	-0.956	-0.260
22	30669883	rs6006426	-0.261	0.064	-0.683	0.111	-0.184	0.280	0.189	0.587	1.066	0.003	0.642	0.229	0.603	0.899	0.633	0.269	0.553	-0.279	0.801	0.749	0.884	0.628	0.971	0.823	0.745	1.006
22	43623972	rs139012	-1.405	0.773	-0.734	-1.339	0.089	-1.043	-1.786	-1.361	-1.209	-2.007	-1.523	-0.445	-0.979	-0.225	-1.169	-0.141	-1.165	-2.131	-1.672	-1.152	-1.077	-2.360	-2.061	-2.000	-1.837	-2.144
