chr	pos	rsid	RISK ALLELE	P-VALUE	OR	Beta
22	43623972	rs139012	A	2.00E-08	0.968	-0.032523192
1	2985885	rs7413494	C	1.00E-09	0.965	-0.035627178
1	3325912	rs2493298	A	2.00E-11	1.05	0.048790164
1	27284913	rs79598313	T	4.00E-08	1.1	0.09531018
1	38461319	rs61776719	A	6.00E-12	1.036	0.035367144
1	55489542	rs34232196	T	7.00E-20	0.948	-0.053400777
1	55505647	rs11591147	T	1.00E-28	0.778	-0.251028755
1	55521313	rs472495	T	4.00E-13	1.039	0.038258712
1	56877509	rs11206803	T	7.00E-14	1.037	0.036331929
1	59433354	rs71646019	T	6.00E-10	1.038	0.037295785
1	109817590	rs12740374	T	1.00E-57	0.909	-0.095410185
1	114173410	rs1230666	A	5.00E-13	1.053	0.051643233
1	149995265	rs67807996	A	1.00E-12	1.041	0.04018179
1	150572037	rs11585169	A	1.00E-14	1.039	0.038258712
1	154419843	rs6686750	A	2.00E-15	1.04	0.039220713
1	169314833	rs61806987	A	7.00E-12	1.035	0.034401427
1	210468999	rs60154123	T	2.00E-08	1.04	0.039220713
1	222828704	rs17163363	T	5.00E-36	1.072	0.069526063
2	19942473	rs16986953	A	7.00E-20	1.086	0.082501222
2	21286057	rs515135	T	4.00E-19	0.944	-0.057629113
2	44075483	rs76866386	T	2.00E-14	1.083	0.079734968
2	45896437	rs582384	A	2.00E-08	1.029	0.028587457
2	60619028	rs243071	A	3.00E-08	1.029	0.028587457
2	85762048	rs10176176	A	4.00E-31	0.944	-0.057629113
2	128785663	rs114192718	T	3.00E-08	1.056	0.054488185
2	145270592	rs6740731	A	2.00E-10	1.044	0.043059489
2	145831428	rs10928241	T	2.00E-14	1.042	0.041141943
2	148377860	rs35611688	T	2.00E-08	0.971	-0.029428811
2	164930382	rs10930115	A	5.00E-11	1.041	0.04018179
2	216299629	rs1250247	C	2.00E-18	1.049	0.047837329
2	218680529	rs2161967	T	7.00E-11	1.033	0.03246719
2	227062080	rs952227	A	1.00E-12	0.963	-0.037701867
2	230005505	rs4140748	A	1.00E-09	1.031	0.030529205
3	14926351	rs34991912	T	7.00E-12	1.035	0.034401427
3	49162284	rs34759087	T	6.00E-11	0.948	-0.053400777
3	52848207	rs77347777	T	2.00E-09	0.95	-0.051293294
3	124453022	rs17843797	T	2.00E-14	0.943	-0.058688996
3	135800409	rs34330586	A	4.00E-15	1.048	0.046883586
3	138092889	rs185244	T	3.00E-19	1.061	0.05921186
3	156852592	rs4266144	C	6.00E-09	0.969	-0.031490667
4	54572066	rs17083333	T	1.00E-08	0.97	-0.030459207
4	57781754	rs781663	A	1.00E-11	0.958	-0.042907501
4	77416627	rs12500824	A	3.00E-09	1.031	0.030529205
4	81181072	rs10857147	A	5.00E-14	0.959	-0.041864204
4	120909501	rs7678555	A	3.00E-16	0.956	-0.044997366
4	146784774	rs13124853	A	3.00E-09	1.03	0.029558802
4	148273397	rs13120678	A	4.00E-15	1.047	0.045928932
4	148401190	rs6841581	A	3.00E-30	1.082	0.07881118
4	156433520	rs7440763	T	4.00E-15	0.942	-0.059750004
4	156638073	rs3796587	C	6.00E-23	1.066	0.063913326
4	169688000	rs869396	A	9.00E-12	0.967	-0.033556784
5	9552338	rs17263917	A	1.00E-15	0.946	-0.05551271
5	52193125	rs4074793	A	2.00E-08	0.949	-0.05234648
5	55441571	rs62362364	C	3.00E-09	0.963	-0.037701867
5	55860866	rs3936510	T	3.00E-13	1.047	0.045928932
5	74656539	rs12916	T	1.00E-08	0.972	-0.028399475
5	108085190	rs112949822	A	1.00E-09	0.947	-0.054456186
5	121278751	rs4345341	A	4.00E-09	1.038	0.037295785
5	127926190	rs6883598	A	1.00E-09	0.966	-0.034591445
5	131795310	rs10477741	T	3.00E-11	0.953	-0.048140375
5	141915692	rs249760	T	4.00E-08	1.032	0.031498667
5	142494165	rs3776307	A	7.00E-12	0.965	-0.035627178
6	12903957	rs9349379	A	4.00E-114	0.892	-0.114289146
6	22612629	rs6909752	A	2.00E-11	1.036	0.035367144
6	31346898	rs9266631	A	6.00E-11	0.958	-0.042907501
6	34793124	rs9469899	A	1.00E-11	1.036	0.035367144
6	39171862	rs733701	T	3.00E-13	1.044	0.043059489
6	43068370	rs1034246	T	6.00E-10	0.966	-0.034591445
6	43758873	rs6905288	A	5.00E-13	1.037	0.036331929
6	57145562	rs11752218	T	4.00E-14	1.078	0.075107472
6	82595959	rs9361867	T	5.00E-12	0.965	-0.035627178
6	97029871	rs2983896	A	1.00E-09	0.965	-0.035627178
6	133999868	rs6919211	C	1.00E-08	0.965	-0.035627178
6	134202690	rs2327426	T	4.00E-30	1.063	0.061095099
6	134378151	rs2492304	A	1.00E-12	1.036	0.035367144
6	160535878	rs6932293	T	2.00E-37	0.769	-0.262664309
6	160720747	rs56195640	A	3.00E-10	1.096	0.091667189
6	161017363	rs73596816	A	4.00E-13	1.112	0.106160196
6	161097871	rs1998043	A	1.00E-20	0.94	-0.061875404
6	161111700	rs186696265	T	9.00E-116	1.677	0.517006483
7	1911281	rs62435159	A	2.00E-08	0.963	-0.037701867
7	6446027	rs10951983	A	1.00E-10	1.041	0.04018179
7	19049388	rs2107595	A	4.00E-24	1.067	0.064850972
7	20300416	rs10486389	A	7.00E-10	0.966	-0.034591445
7	35277093	rs2215614	A	3.00E-11	1.034	0.033434776
7	45077978	rs2107732	A	2.00E-08	0.952	-0.049190244
7	106941324	rs12112877	T	4.00E-10	0.966	-0.034591445
7	117100046	rs13222797	T	6.00E-10	0.97	-0.030459207
7	129663496	rs11556924	T	4.00E-21	0.951	-0.050241216
7	150690176	rs3918226	T	5.00E-32	1.118	0.111541375
8	19813529	rs268	A	4.00E-11	0.876	-0.132389188
8	19916120	rs66778572	A	1.00E-12	0.962	-0.038740828
8	25061807	rs1510758	A	3.00E-08	1.032	0.031498667
8	95278307	rs34917849	C	1.00E-08	1.043	0.042101176
8	126478450	rs2001846	T	6.00E-22	1.048	0.046883586
9	13724051	rs10961206	A	8.00E-10	1.054	0.05259245
9	19436055	rs10811183	A	2.00E-08	1.038	0.037295785
9	21843842	rs11523031	A	4.00E-19	1.046	0.044973366
9	22011083	rs76959412	C	3.00E-09	0.881	-0.126697653
9	22098619	rs2891168	A	5.00E-278	0.84	-0.174353387
9	110530324	rs1967604	A	5.00E-16	1.046	0.044973366
9	124420173	rs885150	T	2.00E-11	0.963	-0.037701867
9	136153875	rs651007	T	1.00E-18	1.055	0.053540767
10	12275947	rs17566555	A	4.00E-11	0.968	-0.032523192
10	30317073	rs9337951	A	1.00E-23	1.056	0.054488185
10	44480811	rs1870634	T	5.00E-24	0.949	-0.05234648
10	44741256	rs494207	A	1.00E-24	0.927	-0.075801713
10	82251514	rs17680741	T	2.00E-10	1.035	0.034401427
10	96029170	rs55753709	T	2.00E-13	0.963	-0.037701867
10	99923763	rs884811	C	3.00E-09	1.03	0.029558802
10	104776205	rs77787671	T	3.00E-15	0.934	-0.068278841
10	105643223	rs2067831	C	3.00E-14	1.043	0.042101176
10	124230750	rs2672592	T	2.00E-10	0.968	-0.032523192
11	5701074	rs11601507	A	4.00E-11	1.064	0.062035391
11	9323353	rs4537761	T	2.00E-09	0.946	-0.05551271
11	9762274	rs360153	T	3.00E-14	0.963	-0.037701867
11	32380521	rs7118294	T	2.00E-11	0.968	-0.032523192
11	65405600	rs2306363	T	1.00E-11	0.96	-0.040821995
11	75277628	rs584961	A	2.00E-14	0.94	-0.061875404
11	100593538	rs633185	C	6.00E-13	1.039	0.038258712
11	102795606	rs1892971	A	5.00E-10	0.962	-0.038740828
11	103673294	rs2839812	A	2.00E-33	0.937	-0.065071997
11	110244360	rs10488763	A	1.00E-08	0.96	-0.040821995
11	116648917	rs964184	C	4.00E-17	0.943	-0.058688996
11	118949331	rs1177562	T	8.00E-11	1.033	0.03246719
11	120363937	rs4938809	T	5.00E-08	0.971	-0.029428811
11	126262638	rs10790800	A	9.00E-09	1.031	0.030529205
12	20220033	rs10841443	C	4.00E-14	0.961	-0.03978087
12	54521594	rs75160195	T	5.00E-17	1.098	0.093490343
12	90008959	rs2681472	A	2.00E-18	0.946	-0.05551271
12	95507971	rs11107903	A	5.00E-18	0.92	-0.083381609
12	115353368	rs34606058	T	8.00E-09	0.971	-0.029428811
12	121416988	rs2244608	A	2.00E-20	0.953	-0.048140375
12	124409502	rs7133378	A	4.00E-09	0.969	-0.031490667
12	125315647	rs7485656	A	3.00E-22	0.936	-0.066139803
12	125336956	rs7296737	T	7.00E-13	0.964	-0.036663984
13	28962686	rs17086617	T	1.00E-13	0.961	-0.03978087
13	99434810	rs8000794	C	4.00E-08	1.027	0.026641931
13	110818102	rs11617955	A	1.00E-22	0.925	-0.077961541
13	110834746	rs3783113	T	7.00E-15	1.041	0.04018179
13	110918660	rs11619113	C	2.00E-19	0.935	-0.06720875
13	110954353	rs4773141	C	3.00E-18	0.954	-0.047091608
13	111049623	rs9515203	T	6.00E-28	1.065	0.062974799
13	111108436	rs7333991	T	5.00E-17	0.951	-0.050241216
13	113618496	rs4907571	T	3.00E-08	0.965	-0.035627178
14	75446879	rs10131894	C	8.00E-13	0.965	-0.035627178
14	94838142	rs112635299	T	2.00E-10	0.87	-0.139262067
15	58730498	rs588136	T	7.00E-10	0.964	-0.036663984
15	67455630	rs56062135	T	2.00E-22	0.944	-0.057629113
15	79051705	rs112238647	T	1.00E-09	0.933	-0.069350078
15	79065380	rs7177201	T	3.00E-32	1.078	0.075107472
15	79141784	rs7173743	T	3.00E-44	1.071	0.068592791
15	89565257	rs1807214	A	2.00E-13	1.066	0.063913326
15	91428589	rs7183988	T	3.00E-33	1.062	0.060153923
15	96146414	rs17581137	A	8.00E-09	1.033	0.03246719
16	15909513	rs12691049	A	3.00E-09	0.97	-0.030459207
16	56987015	rs12446515	T	1.00E-11	0.963	-0.037701867
16	75442143	rs8046696	T	2.00E-20	0.954	-0.047091608
16	81510742	rs10493891	T	2.00E-08	0.968	-0.032523192
16	83045790	rs7500448	A	1.00E-17	1.051	0.049742092
17	17726965	rs12936927	T	3.00E-10	0.965	-0.035627178
17	27938424	rs11080107	T	6.00E-12	0.967	-0.033556784
17	40270081	rs12952244	A	2.00E-10	0.948	-0.053400777
17	40571284	rs8068844	T	7.00E-10	0.969	-0.031490667
17	45013271	rs17608766	T	2.00E-09	0.957	-0.043951888
17	47123423	rs4643373	T	4.00E-12	1.039	0.038258712
17	59232365	rs11655024	T	4.00E-12	1.046	0.044973366
17	62392403	rs11079536	T	1.00E-12	1.036	0.035367144
17	66463985	rs2909217	T	4.00E-09	1.036	0.035367144
17	73841285	rs2410859	T	4.00E-09	1.032	0.031498667
18	20009691	rs9951447	T	4.00E-10	0.968	-0.032523192
18	46515916	rs9945890	T	3.00E-11	1.035	0.034401427
18	47213682	rs12965923	A	6.00E-11	1.039	0.038258712
18	56960510	rs11663411	T	3.00E-08	0.97	-0.030459207
19	8429323	rs116843064	A	4.00E-21	0.837	-0.177931208
19	11188117	rs55997232	T	2.00E-44	0.892	-0.114289146
19	11216617	rs10422256	A	3.00E-10	1.032	0.031498667
19	11526765	rs167479	T	6.00E-11	0.965	-0.035627178
19	17219105	rs7246865	A	2.00E-08	1.034	0.033434776
19	17829608	rs10410487	T	3.00E-15	0.961	-0.03978087
19	18575193	rs78030362	A	1.00E-20	0.911	-0.093212382
19	41837615	rs11466359	A	5.00E-16	0.946	-0.05551271
19	41860296	rs1800469	A	4.00E-15	1.042	0.041141943
19	45411941	rs429358	T	4.00E-38	0.913	-0.091019398
19	45412079	rs7412	T	1.00E-54	0.858	-0.153151179
19	45742498	rs183657985	T	2.00E-10	1.041	0.04018179
19	46301479	rs8108474	T	1.00E-11	1.036	0.035367144
20	17596155	rs1132274	A	2.00E-08	1.038	0.037295785
20	33358499	rs6088595	A	1.00E-10	1.034	0.033434776
20	33799176	rs17406518	A	3.00E-09	1.048	0.046883586
20	39142516	rs2207132	A	7.00E-10	1.096	0.091667189
20	39924279	rs6102343	A	5.00E-09	1.034	0.033434776
20	44608901	rs8124182	A	4.00E-12	1.048	0.046883586
20	47433150	rs2008614	T	1.00E-09	1.044	0.043059489
20	57739469	rs6026739	A	1.00E-10	0.953	-0.048140375
21	35593827	rs28451064	A	2.00E-46	1.115	0.108854405
21	35605863	rs149487184	T	4.00E-08	1.101	0.096218858
22	19960184	rs71313931	C	2.00E-09	0.968	-0.032523192
22	24555861	rs12484557	A	4.00E-09	1.061	0.05921186
22	30669883	rs6006426	A	1.00E-11	1.034	0.033434776
