chr	pos	bstat
1	22503282	856
1	22710877	878
1	38461319	578
1	55247852	868
1	71040166	900
1	110365045	880
1	172864224	864
1	183056222	463
1	201885446	464
1	205163798	371
1	222045446	896
1	240408346	938
1	245181421	932
2	98275354	434
2	136407479	240
2	159964552	640
2	169025379	780
2	199570718	794
2	199888532	676
2	219191256	526
3	40915239	897
3	52880740	122
3	53071797	194
3	64252424	918
3	64624426	818
3	66444330	708
3	112903888	808
3	112916918	810
3	112999560	455
3	133701119	867
3	133748789	904
3	169492101	475
4	94937860	815
4	106131210	582
4	115502406	868
4	145659064	460
4	151501208	253
4	175420523	820
5	1240998	946
5	1296486	970
5	40090784	870
5	40282106	850
5	82881255	688
5	134499092	800
5	149546426	790
5	172324558	917
6	6749789	976
6	7231843	720
6	12292772	830
6	28862617	744
6	31010185	929
6	31062667	929
6	31317361	934
6	31427095	934
6	32586732	934
6	35569562	530
6	36623379	818
6	45572071	874
6	55577214	778
6	55712124	801
6	55721302	796
6	105966894	955
6	106482613	853
6	117809031	711
6	133993925	891
7	2863289	940
7	45150331	725
7	46094089	957
7	46889411	973
7	47510741	964
7	73167259	866
7	99477426	344
7	130600748	911
8	23664632	784
8	59742639	824
8	117624093	901
8	117630683	887
8	117790914	738
8	128413305	944
8	128414892	948
8	128581578	987
9	22105927	906
9	34107505	401
9	101679752	891
9	110373819	971
9	113654654	869
9	136682468	958
9	136925663	845
10	8739580	968
10	29096942	942
10	29291556	973
10	52646093	878
10	80819132	965
10	81048611	822
10	91574624	669
10	101290301	664
10	101344263	581
10	114280702	677
10	114726843	897
11	10331664	542
11	61552680	493
11	69938433	940
11	74364566	560
11	74628743	298
11	100717136	894
11	101616011	807
11	111156836	695
11	118758089	519
12	4368352	955
12	4388271	926
12	4400808	905
12	6385727	917
12	6407044	911
12	31594813	911
12	43130624	846
12	51216890	283
12	57540848	413
12	64404555	848
12	71518329	829
12	96050887	850
12	112007756	129
12	115098094	899
12	115890922	980
12	115934000	980
13	27543193	970
13	34093518	953
13	37491650	887
13	73649152	722
13	73791554	913
13	73986628	854
13	78601413	638
13	110352851	988
13	111078872	982
14	51359658	773
14	52491655	645
14	54419106	758
14	59189361	801
14	59208437	820
14	99782937	958
15	32999806	847
15	33009574	809
15	33156386	901
15	67000117	872
15	67402824	888
15	68075698	479
15	72508799	256
15	91185291	664
16	68743939	289
16	80036840	966
16	86254051	994
16	86338288	994
16	86703949	987
17	809643	957
17	835371	963
17	10707241	843
17	70413253	984
17	81053330	958
18	3616779	976
18	46452327	940
19	5840926	970
19	16417198	970
19	33519927	779
19	41860296	758
19	49218602	606
19	59017640	698
20	6376481	965
20	6603622	968
20	6699595	972
20	6762221	884
20	7812350	848
20	33187130	102
20	42532821	923
20	42658274	913
20	47340117	753
20	48986567	938
20	49060191	916
20	49256285	894
20	55831203	822
20	60932414	851
20	62308612	779
21	47772439	507
22	29406076	522
22	39644273	866
22	43689542	918
22	43778431	917
22	45745229	644
22	46364191	964
