chr	pos	RSNUM	ESN	GWD	LWK	MSL	YRI	ACB	ASW	CLM	MXL	PEL	PUR	CDX	CHB	CHS	JPT	KHV	CEU	FIN	GBR	IBS	TSI	BEB	GIH	ITU	PJL	STU
1	22503282	rs2807367	0.165	0.886	1.057	0.569	0.418	1.150	1.122	0.101	0.325	0.576	-0.287	-1.588	-1.228	-1.271	-1.236	-2.044	-0.352	-0.264	-0.565	-0.537	-0.592	-0.572	-0.633	-0.719	-0.476	-0.759
1	22710877	rs34963268	0.319	0.620	0.543	0.662	0.784	0.559	0.749	0.835	-0.155	-1.221	0.558	0.594	1.202	1.219	1.059	1.095	0.642	-0.272	-0.078	0.384	-0.075	0.159	0.786	0.630	0.490	0.771
1	38461319	rs61776719	1.308	1.622	0.375	1.239	1.712	0.844	0.998	0.405	0.840	0.335	0.553	0.816	1.624	1.347	1.524	0.830	-0.200	-0.227	-0.085	-0.138	-0.026	0.246	0.738	0.396	0.079	0.405
1	55247852	rs12143541	2.166	2.833	1.797	NA	3.569	1.821	1.344	0.661	0.655	-0.277	0.433	-0.626	NA	0.943	-0.942	-0.015	0.196	0.318	0.687	0.451	0.194	-0.003	0.382	0.041	-0.155	0.226
1	110365045	rs6660031	0.476	0.922	1.038	0.853	0.478	0.838	0.996	0.258	-0.565	-0.860	-0.287	-1.723	-0.806	-1.188	-1.128	-1.043	0.957	-0.684	0.491	0.884	1.037	-0.035	-0.508	-0.365	-0.127	0.453
1	172864224	rs5028523	0.052	0.055	0.890	-0.271	0.393	-0.146	-0.376	-1.041	-0.854	-1.482	-1.398	0.082	0.018	0.030	1.719	0.311	-1.939	-2.479	-2.551	-1.899	-2.386	-0.403	-0.698	-1.475	-1.137	-0.749
1	183056222	rs8179460	1.818	1.429	2.426	2.014	1.524	1.444	1.449	0.320	-0.225	0.264	-0.594	-1.349	-0.245	-0.868	-1.379	-1.262	1.180	-0.021	-0.177	-0.223	0.465	-0.151	0.491	0.608	0.548	-0.338
1	201885446	rs12137232	1.214	0.943	-0.027	0.692	1.121	0.367	0.881	0.005	0.192	-0.142	-0.071	1.065	0.426	0.469	1.893	1.852	0.681	-0.464	0.167	0.321	0.310	1.565	1.988	1.960	2.188	1.620
1	205163798	rs12078075	NA	NA	NA	NA	NA	NA	-2.346	-1.683	-2.017	-0.303	-1.218	NA	NA	NA	NA	NA	-2.187	-0.127	-1.481	-1.487	-1.659	-1.730	-1.698	NA	-1.221	-1.625
1	222045446	rs6691170	1.024	1.280	1.127	1.079	1.264	0.910	1.216	-0.043	0.952	0.523	0.336	NA	NA	NA	NA	0.860	-0.041	-0.390	-0.001	0.167	-0.207	0.478	1.043	0.587	0.947	0.490
1	240408346	rs2078095	-0.869	0.487	-0.579	-0.987	-0.845	-0.578	-0.398	0.640	0.987	1.287	0.391	0.667	0.147	0.235	0.060	0.044	0.584	0.724	0.103	0.366	0.471	0.457	0.576	0.735	0.599	0.678
1	245181421	rs201395236	NA	NA	NA	NA	NA	NA	NA	NA	NA	NA	NA	NA	NA	NA	-0.903	NA	NA	NA	NA	NA	NA	NA	NA	NA	NA	NA
2	136407479	rs1446585	NA	NA	NA	NA	NA	NA	NA	-3.018	-1.890	-1.120	-1.818	NA	NA	NA	NA	NA	-2.944	-2.546	-2.752	-2.510	-0.855	-1.151	-2.064	-0.077	-1.726	-0.074
2	159964552	rs448513	0.158	0.286	0.222	0.807	0.871	0.518	1.291	0.197	-0.449	-1.054	0.276	0.250	-0.013	0.270	0.483	0.631	0.446	0.335	0.110	0.217	-0.059	0.966	1.412	0.566	0.822	1.092
2	169025379	rs4668039	-0.697	0.189	-0.376	-0.191	-0.668	-0.681	-0.267	0.945	1.225	0.900	1.122	-0.550	-0.774	-0.502	-1.064	-0.102	1.675	0.728	1.485	1.224	0.731	0.815	1.016	0.320	0.444	0.275
2	199570718	rs6434979	1.424	1.233	1.441	0.330	1.265	1.821	0.669	-0.185	0.052	0.094	-0.105	0.475	0.265	0.270	0.580	0.682	0.346	-0.052	0.293	0.058	-0.178	0.885	1.042	0.573	1.106	0.624
2	199888532	rs4675253	0.188	0.297	0.135	0.489	0.340	0.512	-0.495	0.309	0.304	0.279	1.144	-0.031	-0.181	-0.223	-0.074	-0.408	1.787	1.773	1.386	2.674	0.609	-1.120	-0.528	-0.498	-0.601	-0.659
2	219191256	rs3731861	0.294	0.876	0.046	0.313	1.040	0.493	0.059	0.943	1.420	0.938	0.028	0.385	1.534	1.218	1.569	0.837	0.457	0.580	0.371	-0.243	0.536	0.922	0.841	1.121	0.958	1.097
3	40915239	rs35470271	NA	-0.229	0.342	NA	-1.262	0.038	-0.409	0.099	1.996	0.564	0.829	2.383	2.871	1.806	2.229	2.131	-0.053	0.914	0.364	0.962	0.113	1.590	1.898	1.248	2.226	0.864
3	52880740	rs2001732	1.132	1.597	1.458	1.759	1.470	1.501	2.262	0.829	1.015	0.536	0.319	-0.175	-0.214	0.897	-0.749	1.035	1.429	0.962	1.504	1.214	1.170	0.900	1.192	0.735	0.194	0.122
3	53071797	rs2581817	0.350	-0.611	0.132	0.303	-0.069	-0.702	-0.462	0.139	-0.998	-0.347	-0.140	1.670	0.584	1.374	0.696	1.293	0.241	0.260	0.451	0.266	-0.341	0.618	0.698	0.523	1.166	0.516
3	64252424	rs704417	0.615	1.649	1.810	1.526	1.657	1.268	0.549	0.437	0.404	0.339	0.561	1.407	1.033	1.058	1.360	1.200	0.348	0.407	0.356	0.413	0.321	0.747	0.487	0.290	0.367	0.364
3	64624426	rs7623129	1.637	-0.270	0.807	0.132	0.889	-0.156	-0.589	-0.043	-0.333	0.773	-1.565	-0.502	-0.384	-0.401	-0.132	-0.338	-0.385	-0.321	-0.147	-0.956	-1.078	-0.603	-1.233	-0.868	-1.001	-0.978
3	66444330	rs67550176	NA	NA	NA	NA	NA	-0.973	-1.120	-0.029	-0.077	0.245	-0.238	1.634	1.699	1.496	0.887	1.713	-0.408	-0.361	0.101	0.143	-0.051	-0.045	0.641	0.054	0.420	-0.189
3	112903888	rs13086367	1.333	0.895	0.511	0.740	0.962	0.143	-0.645	-0.450	0.026	0.150	-0.082	-0.461	-1.022	-1.377	-0.643	-0.650	0.113	-0.143	0.200	0.027	-0.580	0.498	0.142	0.638	0.645	0.931
3	112999560	rs72942485	-0.673	-0.024	-0.808	-0.587	-0.566	-0.920	0.242	0.406	NA	NA	1.197	-0.754	0.423	0.343	-0.023	NA	NA	0.636	0.072	0.843	1.387	0.938	NA	-0.552	0.707	NA
3	133701119	rs10049390	-0.467	-0.888	-0.748	-0.030	-0.237	-0.548	-0.227	-0.578	-0.443	-0.500	0.425	-1.095	0.355	-0.245	-0.197	-1.135	0.381	-0.427	-0.275	0.227	-0.155	-1.412	-1.267	-1.453	-1.304	-1.447
3	133748789	rs113569514	-0.496	-0.913	-0.928	-0.433	-0.773	-0.298	-1.194	-1.217	-0.143	0.576	-1.144	0.076	-0.019	0.385	0.554	0.351	-0.874	-1.334	-1.297	-1.182	-1.368	-0.783	-1.408	-0.760	-1.499	-1.432
3	169492101	rs10936599	NA	0.377	NA	NA	0.761	0.244	-0.130	0.912	-0.172	-0.217	0.207	-0.103	-0.639	-0.108	0.146	0.142	0.888	0.791	0.737	0.178	0.609	0.448	0.535	0.495	0.504	0.671
4	94937860	rs280097	-0.046	-0.734	0.154	-1.181	-0.588	-0.605	-0.992	1.290	0.015	0.141	1.556	1.467	0.683	0.595	0.533	1.042	0.932	0.229	1.340	1.275	2.019	0.328	0.518	0.075	0.414	0.467
4	115502406	rs2388976	-0.773	0.395	-0.071	0.051	-0.487	-0.722	-0.934	-0.770	-1.482	-0.663	-1.021	-0.634	-0.356	-0.421	-0.617	-0.587	-0.932	-1.084	-0.937	-1.273	-1.703	-0.798	-1.871	-1.100	-1.101	-1.354
4	145659064	rs11727676	NA	NA	NA	NA	NA	NA	NA	-0.413	0.543	-0.965	-0.338	NA	NA	NA	NA	NA	0.514	0.874	0.122	0.529	-0.256	NA	0.116	NA	0.613	NA
4	151501208	rs10006803	0.644	0.500	0.986	0.963	0.478	0.860	0.369	-0.355	-0.481	-0.358	-0.070	-0.428	-0.353	-0.424	-0.488	-0.492	-0.476	-0.191	-0.732	-0.591	-0.853	0.108	-0.099	0.472	-0.114	0.119
4	175420523	rs1426947	1.314	1.411	1.110	0.493	1.265	0.839	0.811	1.141	1.308	1.954	-0.227	1.438	-0.278	-0.123	-0.209	0.697	0.340	-0.127	0.347	0.545	-0.109	0.841	0.792	0.792	0.374	0.898
5	1240998	rs77776598	0.263	0.382	-0.600	1.115	1.157	1.245	0.008	1.460	1.235	1.336	1.170	NA	NA	NA	NA	-0.134	1.019	1.064	0.185	0.894	1.831	1.602	NA	NA	0.104	1.713
5	1296486	rs2735940	0.028	-0.863	-0.824	-0.562	-0.487	-1.001	-0.845	-1.061	-0.928	-1.531	-0.378	-0.362	-0.420	-0.762	-1.371	-0.362	-0.968	-0.685	-1.103	-1.187	-1.600	-0.539	-0.343	-0.567	-0.495	-0.153
5	40282106	rs1445012	-0.751	-0.902	-0.675	-0.761	-0.862	-0.687	-0.267	0.785	0.456	0.541	1.234	NA	0.016	-0.463	0.192	-0.234	0.583	0.415	1.009	0.233	0.357	0.288	0.418	0.265	0.325	0.525
5	82881255	rs3930345	-2.192	-1.272	-1.055	-1.778	-1.541	-0.031	0.234	0.126	0.286	0.367	-0.190	-0.488	-1.078	-0.198	-0.774	-0.139	-0.904	-0.742	-1.371	-0.999	-0.877	-0.561	-0.676	-0.276	-0.294	-0.317
5	149546426	rs2302274	-0.646	-0.412	-2.258	0.006	-0.529	-0.290	-0.711	-1.004	-1.056	-0.718	-1.219	-0.533	-0.613	-0.749	-1.379	-0.093	-1.329	-1.861	-1.848	-0.694	-0.886	-1.543	-1.188	-1.313	-1.883	-1.549
5	172324558	rs472959	-1.351	-0.671	-0.974	-1.117	-1.138	-0.644	-1.518	-0.556	-0.041	0.325	-0.968	-0.402	-0.578	-0.890	-0.678	-0.118	-0.811	-0.157	-0.935	-1.538	-0.967	-0.975	-0.595	-0.505	-0.824	-0.947
6	6749789	rs1294437	1.113	0.086	0.374	0.951	0.749	0.935	0.554	0.022	-0.214	0.312	0.101	-0.031	-0.345	0.133	-0.592	-0.171	0.770	0.939	0.538	0.180	0.943	-0.346	0.326	0.118	-0.386	-0.259
6	7231843	rs9379084	NA	NA	NA	NA	NA	NA	-1.143	-1.651	-0.484	0.319	-1.420	-0.080	-0.494	-0.503	-0.526	-0.809	-1.074	-0.085	-0.831	0.045	-1.012	0.123	0.513	-0.277	0.457	0.874
6	12292772	rs2070699	-0.240	-0.777	NA	-0.353	0.611	-0.923	-1.150	-1.165	-2.118	-1.904	-1.192	-0.968	-1.192	-1.294	-1.358	-1.224	-1.821	-1.469	-1.862	-1.458	-1.392	0.179	0.079	-0.283	-0.282	-0.031
6	31010185	rs116353863	0.452	-0.218	0.399	0.556	0.397	0.604	NA	-0.499	-1.010	-0.763	-1.116	NA	NA	NA	NA	NA	NA	NA	-1.440	NA	NA	NA	NA	NA	NA	NA
6	31062667	rs2517448	NA	NA	-1.192	NA	NA	-0.926	-0.896	-3.527	NA	-1.693	-1.916	0.784	NA	-0.006	NA	-1.801	NA	-1.100	NA	-2.830	-2.232	-1.596	-0.130	-1.008	-0.591	-1.668
6	35569562	rs16878812	0.301	0.101	-0.888	-0.370	0.091	0.878	-0.760	0.962	1.733	1.577	0.382	NA	1.247	NA	NA	NA	0.514	0.395	1.121	0.236	0.671	0.893	1.468	1.509	1.014	1.137
6	36623379	rs9470361	0.231	0.610	0.068	-0.678	0.478	-0.595	-0.728	-0.395	0.440	0.417	-0.878	-1.818	-1.403	-1.339	-1.625	-1.772	-0.005	0.960	0.468	-1.091	-0.418	-1.351	-1.487	-1.616	-1.420	-0.973
6	45572071	rs57939401	1.787	2.520	2.116	1.544	1.760	1.786	1.099	-0.136	0.842	0.495	0.064	-0.429	-0.917	-0.750	-1.113	-0.893	0.030	0.648	-0.000	-0.860	-0.234	-0.126	-0.823	-1.134	-0.800	-1.305
6	55577214	rs2208603	0.972	-0.512	-1.190	-1.002	0.350	-0.680	-1.695	0.106	-0.421	-0.462	0.477	0.282	0.556	0.703	0.837	0.109	0.241	0.593	0.116	-0.696	0.021	1.460	1.675	2.120	1.074	1.369
6	55712124	rs62404966	0.880	0.921	0.557	0.839	1.575	0.680	-0.432	1.156	0.827	0.737	1.259	0.399	0.321	-0.093	-0.020	0.325	1.962	1.432	1.478	1.374	1.874	1.007	1.154	1.871	1.522	1.397
6	55721302	rs6912214	-0.366	-0.273	-0.413	-0.327	-0.586	-0.150	-0.085	-0.653	-0.176	1.088	-1.085	-1.028	-2.092	-1.462	-1.772	-2.174	-1.073	-1.260	-1.154	-1.208	-1.834	-1.033	-0.755	-0.983	-0.394	-1.009
6	105966894	rs6928864	-0.166	0.519	1.395	1.005	0.324	0.808	2.054	1.913	0.776	1.383	1.992	1.680	1.374	0.833	1.482	0.833	1.791	0.003	1.420	1.341	1.755	1.345	1.714	1.268	1.836	1.292
6	106482613	rs145997965	NA	NA	NA	NA	NA	NA	NA	0.645	NA	-0.237	-0.060	NA	NA	NA	NA	NA	NA	NA	0.668	NA	-0.222	NA	NA	0.568	NA	NA
6	117809031	rs6911915	0.360	-0.154	-0.287	-0.068	-0.377	-0.309	-0.652	-1.049	-0.663	-0.897	-0.615	-0.375	-0.573	-0.329	0.104	-0.369	-0.570	-0.202	-0.808	-0.747	-1.158	0.830	1.079	0.884	0.623	0.620
6	133993925	rs151127921	NA	NA	NA	NA	NA	NA	NA	NA	NA	NA	-0.408	NA	NA	NA	NA	NA	-1.294	-0.001	-0.697	NA	NA	NA	NA	NA	NA	NA
7	2863289	rs1182197	-2.128	-1.996	-2.569	-2.524	-2.139	-1.827	-1.835	-0.141	0.022	-0.565	0.171	-0.668	-1.197	-1.114	-0.926	-0.679	0.266	-0.933	0.367	-0.485	-0.322	-0.803	-0.712	-1.152	-0.352	-1.330
7	45150331	rs7810512	-0.634	-0.739	0.086	-0.912	-0.856	-0.873	-0.761	-0.968	-0.041	0.548	-0.271	0.672	0.208	0.581	0.795	0.384	-0.603	-0.414	-0.483	-1.296	-0.462	-0.173	-0.548	0.689	-0.088	0.536
7	46094089	rs80077929	NA	NA	0.020	NA	NA	NA	NA	-1.647	-1.234	-0.061	-2.196	NA	NA	NA	NA	NA	-1.361	-1.449	-1.659	-1.305	-0.981	-0.268	NA	-1.462	-1.197	-2.311
7	46889411	rs4236382	-0.279	-0.219	0.141	0.639	0.709	1.128	0.659	0.272	1.139	1.364	0.873	0.520	0.653	0.957	0.470	1.018	0.967	0.267	0.426	-0.112	0.095	0.332	0.147	1.052	0.420	1.378
7	47510741	rs6948177	0.199	0.398	-0.974	0.315	0.485	1.163	0.940	1.611	1.979	2.157	1.659	1.189	1.210	1.014	0.516	1.910	1.049	1.822	1.496	0.745	1.192	1.750	2.185	1.944	1.411	1.503
7	73167259	rs12539962	-1.168	-0.789	-0.301	-0.999	-1.030	-0.929	-0.443	-0.435	-0.632	0.391	0.403	1.064	1.248	0.689	0.419	0.787	1.646	0.141	0.520	1.217	0.441	0.659	0.649	0.684	0.612	0.682
7	99477426	rs2527927	0.213	0.141	1.504	1.397	-0.439	-0.270	-0.098	0.426	0.482	1.310	0.420	1.035	1.238	1.467	2.223	1.220	0.514	0.500	0.952	0.551	0.472	0.016	-0.327	-0.191	-0.445	0.266
7	130600748	rs17686932	1.976	NA	1.398	2.816	2.955	1.867	0.582	0.801	0.778	NA	0.540	NA	NA	NA	NA	NA	0.774	1.694	1.029	0.849	1.436	0.559	1.076	0.480	1.268	0.650
8	23664632	rs60911071	NA	NA	0.967	NA	NA	-1.431	NA	-0.448	0.056	-1.572	-0.539	-0.393	-1.335	-1.042	-1.308	-0.836	NA	0.245	0.035	-0.021	0.437	-2.243	-2.133	-1.612	-1.979	-2.066
8	59742639	rs826732	1.392	0.169	0.756	0.944	NA	-0.352	-0.064	-1.575	-0.470	-1.644	-1.321	-0.474	-1.465	-0.486	-0.873	-0.884	-0.492	-0.715	-0.647	-0.134	0.064	-1.476	-1.583	-1.687	-1.131	-1.453
8	117624093	rs2450115	0.381	-0.168	0.413	-0.018	0.075	-0.328	0.150	-0.502	0.276	0.018	0.629	-0.638	-0.963	-0.833	-1.409	-1.110	0.280	0.250	-0.129	0.334	0.566	-0.124	0.270	-0.404	-0.129	0.133
8	117630683	rs16892766	-0.515	0.778	-0.178	0.284	-0.234	0.066	0.759	1.018	0.610	-0.416	0.017	NA	NA	NA	NA	NA	2.189	1.024	1.247	1.092	1.358	0.540	0.975	0.371	-0.370	0.844
8	117790914	rs117079142	NA	NA	0.119	NA	NA	NA	NA	-0.029	0.178	NA	NA	0.130	0.921	0.524	-0.260	NA	2.140	0.928	0.665	1.876	2.210	0.773	0.786	0.508	-0.337	1.090
8	128413305	rs6983267	NA	-0.898	-0.608	-0.024	-0.145	-1.268	-2.404	-0.957	0.057	-0.504	-1.642	-0.662	-0.865	-1.351	-1.439	-1.225	-1.785	-1.246	-1.133	-1.535	-1.886	-0.721	-0.784	-0.772	-0.698	-0.786
8	128414892	rs7013278	0.333	-0.795	-0.531	-0.713	-0.668	0.187	1.494	1.489	1.709	1.024	0.896	0.739	1.220	1.542	1.540	1.195	1.814	0.720	1.212	1.770	2.432	0.722	0.752	0.828	0.842	0.876
8	128581578	rs4733767	0.322	-0.106	0.181	-0.427	0.263	0.128	0.092	0.963	0.930	1.478	0.797	0.344	0.321	0.156	0.273	0.907	1.013	1.238	0.983	1.380	0.772	0.673	1.215	0.606	1.188	0.593
9	22105927	rs7859362	-0.199	NA	0.843	NA	NA	-0.216	-1.392	0.003	0.440	-0.267	0.736	0.103	0.536	0.315	0.409	0.769	0.437	0.254	0.924	0.697	0.746	0.742	-0.024	0.460	0.272	-0.141
9	34107505	rs11557154	NA	NA	NA	NA	-1.436	-1.174	-0.678	-1.666	-1.659	-1.036	-2.390	-2.619	-1.838	-1.696	-0.999	-2.049	-1.335	-0.981	-2.088	-1.309	-1.868	-0.616	-0.474	-0.612	-0.886	-0.795
9	101679752	rs34405347	0.006	-0.411	0.213	-0.115	0.262	0.605	-0.199	2.031	0.530	0.712	0.586	0.788	0.089	-0.131	-0.096	-0.066	0.073	0.776	0.075	0.716	0.204	-0.084	-0.658	-0.113	-0.518	-0.499
9	110373819	rs10978941	1.487	-0.466	1.513	0.136	1.511	0.983	0.952	0.804	0.202	1.108	0.255	0.334	1.311	0.910	2.312	1.022	1.388	1.406	1.390	1.082	0.257	1.517	1.707	0.996	1.399	1.474
9	136682468	rs7038489	0.870	0.423	1.180	0.649	0.005	0.387	0.269	0.363	0.313	0.451	0.562	-1.021	2.223	2.147	NA	-0.293	0.185	0.699	0.742	0.516	0.765	0.198	0.417	1.109	0.638	0.797
9	136925663	rs11789898	0.717	0.788	-1.919	-0.994	NA	0.522	-0.649	-0.346	0.121	-2.351	-0.709	0.850	1.230	-0.098	-0.331	-0.038	-0.738	-1.828	-1.586	-1.728	-1.852	0.883	0.768	0.546	0.210	-0.694
10	8739580	rs11255841	-0.215	0.214	1.587	0.352	0.506	0.314	-0.155	-1.443	-0.612	0.219	-0.598	-0.526	-1.088	-0.939	-0.971	-1.093	-0.370	-0.530	-1.443	-1.100	-1.349	-1.162	-2.451	-0.296	-1.326	-1.012
10	29096942	rs1775910	-0.229	1.400	0.687	1.366	0.575	0.515	0.439	-1.404	-0.079	0.286	-1.262	-0.539	-1.157	-0.767	-0.916	-1.220	-1.138	-0.560	-0.605	-1.107	-1.160	-0.956	-1.219	-1.101	-0.800	-0.814
10	29291556	rs1773860	-0.257	-0.304	0.953	-0.493	-0.949	-0.764	-0.683	-0.201	-0.039	0.890	-0.730	-0.484	-0.589	-0.527	0.134	-0.063	0.189	-0.156	0.123	-0.097	0.279	-0.907	-1.392	-1.158	-1.044	-1.219
10	52646093	rs10821905	-0.504	-1.287	-0.814	-1.134	-0.284	-0.915	-0.446	0.817	0.500	0.143	0.395	1.037	1.466	1.071	1.215	1.375	0.938	-0.210	0.852	0.656	0.784	-0.201	0.438	0.532	0.362	0.391
10	81048611	rs1782645	0.261	-0.395	0.399	-0.233	0.465	1.249	0.510	0.738	0.589	1.114	1.019	-0.004	-0.664	-1.312	0.602	0.670	0.368	0.475	0.298	0.366	0.718	0.090	0.268	-0.013	0.484	0.141
10	91574624	rs7071258	-1.317	-1.336	NA	0.596	-0.086	-0.046	-0.008	-1.809	-1.689	-0.811	-2.510	NA	NA	NA	NA	NA	-1.714	-1.597	-1.779	-2.224	-1.436	-1.927	-1.592	-1.429	-2.298	-1.798
10	101290301	rs6584283	-0.388	-0.666	-1.162	-0.595	-1.446	-1.136	-1.424	0.611	0.249	0.718	-0.479	1.001	0.218	0.712	1.353	1.179	-1.031	0.017	-0.666	-0.879	-0.850	-0.548	-0.215	-0.487	-0.137	0.164
10	101344263	rs35564340	1.601	0.895	0.143	0.884	0.213	1.261	0.929	-0.888	-1.166	-0.631	-1.385	-1.752	-1.250	-1.417	-1.263	-1.456	-1.797	-1.795	-1.614	-2.357	-1.966	-1.633	-2.089	-0.628	-2.048	-0.748
10	114280702	rs12241008	2.384	1.121	2.355	2.091	2.286	1.655	2.038	0.155	-0.975	0.187	0.133	-0.840	NA	-0.530	-0.555	-0.625	0.914	0.108	0.027	0.047	1.507	-1.580	-0.792	-0.723	-1.432	-1.072
10	114726843	rs11196172	0.820	0.503	0.326	0.602	1.239	0.308	0.497	1.116	0.556	0.662	0.455	0.256	-0.564	0.247	-0.513	0.095	1.573	0.786	0.911	0.431	0.795	0.213	0.239	0.534	0.056	0.496
11	10331664	rs4444073	0.897	2.398	1.399	1.174	1.511	1.953	2.427	0.798	1.119	-0.626	1.239	-0.494	-0.826	-1.226	-1.748	-0.557	0.252	2.259	1.526	0.646	1.735	1.108	-0.032	2.098	1.252	0.453
11	61552680	rs174537	NA	NA	-2.705	-1.656	NA	-0.491	-0.831	-0.005	0.717	1.727	-0.000	-0.496	-2.431	-1.681	-1.905	-1.315	-0.638	-0.164	-0.637	-0.797	-1.076	-1.087	-1.841	-1.466	-0.883	-1.178
11	69938433	rs10751097	0.110	0.965	0.245	0.749	0.857	0.400	0.262	0.357	-0.758	0.305	0.472	-0.217	0.020	-0.186	0.584	-0.288	-0.093	0.350	0.035	-0.022	-0.293	0.736	0.872	0.810	-0.222	0.493
11	74364566	rs11236187	-0.674	0.223	0.178	0.725	-0.453	-0.378	-0.680	-0.604	0.893	1.192	-0.509	0.094	0.458	0.827	0.080	-0.398	-1.213	-0.793	-1.187	-1.287	-0.302	-1.193	-1.189	-1.060	-1.201	-0.779
11	74628743	rs117042741	NA	NA	NA	NA	NA	NA	NA	-1.774	NA	NA	NA	NA	NA	NA	NA	NA	0.378	-2.658	-2.210	-2.007	-1.850	-2.163	-2.378	NA	-1.641	-1.165
11	100717136	rs55864876	NA	NA	NA	NA	NA	NA	-1.431	-0.562	-0.156	-0.773	-0.893	NA	NA	NA	NA	NA	-0.808	-0.555	-1.480	0.224	-0.981	0.392	0.470	0.396	-0.083	NA
11	101616011	rs2155065	1.514	0.734	0.394	0.954	1.435	0.625	0.641	-0.036	0.256	0.320	-0.128	1.527	0.515	0.018	1.246	0.762	0.094	-0.050	-0.070	0.121	-0.363	0.568	0.300	0.745	0.338	0.922
11	111156836	rs3087967	-0.428	-0.841	-0.399	-0.845	-0.590	-0.904	-0.809	-0.833	-0.413	0.368	-0.889	-0.399	0.101	0.056	0.525	0.021	-1.110	-1.109	-2.025	-1.781	-1.824	0.163	0.576	0.294	0.431	-0.102
11	118758089	rs497916	-0.596	-1.375	-1.337	-1.521	-0.757	-1.113	-0.875	0.784	1.057	0.855	0.102	0.622	-0.973	-1.189	-2.119	-0.726	0.300	-0.008	0.645	-0.126	0.156	0.504	-0.023	-0.753	0.175	0.788
12	4368352	rs10774214	-1.028	-0.915	-0.540	-1.559	-1.693	-1.567	-0.572	0.378	0.898	0.410	0.851	1.417	0.550	0.551	0.282	1.004	0.729	0.969	0.632	0.801	0.714	1.001	0.964	0.827	0.959	0.534
12	4388271	rs3217810	NA	NA	NA	NA	NA	0.477	0.520	0.462	-0.160	0.257	0.449	NA	NA	NA	-0.468	0.716	-1.041	-0.126	-0.549	-0.283	-0.697	-0.866	-1.249	-1.206	-1.148	-0.959
12	4400808	rs3217874	0.160	0.451	0.385	0.381	-0.022	0.974	-0.064	0.215	-0.850	-1.376	0.103	-1.066	-0.942	-0.999	-0.638	-1.071	0.640	0.513	0.621	1.241	0.866	0.138	-0.299	0.011	0.353	0.180
12	6385727	rs10849432	0.207	0.783	-0.364	-0.550	-0.675	0.559	0.838	-0.123	0.088	-0.617	1.400	-1.034	-1.509	-1.733	-2.479	-1.927	0.517	-0.110	0.402	-0.306	-0.008	-0.402	0.739	-0.209	-1.385	-0.755
12	6407044	rs10849434	-1.518	-1.787	-1.288	-2.308	-1.249	-2.087	-2.009	-0.522	-0.373	1.099	-1.526	0.303	0.581	-0.260	0.121	0.128	-1.431	-1.101	-1.085	-1.048	-0.979	-0.686	-0.585	-0.935	-0.674	-0.414
12	43130624	rs2730985	0.829	-0.563	0.648	0.347	0.067	0.960	1.174	-0.074	-0.526	0.888	-0.295	1.014	0.900	0.908	1.154	0.958	-0.148	-0.111	0.110	0.352	-0.445	1.033	-0.083	-0.346	0.322	0.484
12	51216890	rs11169572	0.812	1.130	1.031	0.722	1.197	1.262	0.969	0.700	0.502	0.215	0.721	-0.312	0.254	0.119	0.146	-0.272	1.100	0.965	0.444	0.895	0.613	0.827	0.521	1.099	1.148	0.859
12	57540848	rs7398375	1.106	0.430	0.349	1.145	0.466	0.371	0.435	0.204	0.014	1.119	0.484	-0.375	-0.630	-0.670	-1.021	-0.168	-0.222	-0.193	0.269	0.137	0.218	-0.267	-0.244	-0.184	-0.073	0.056
12	71518329	rs11178634	0.371	1.692	1.311	1.448	1.669	1.250	1.489	-0.560	0.432	0.756	-0.739	-0.392	-0.902	-0.452	-0.669	-0.520	0.504	0.140	0.077	-0.207	-0.216	-1.743	-0.464	-1.397	-0.615	-0.919
12	96050887	rs11108175	0.948	-0.037	0.953	0.114	1.064	0.861	0.836	0.206	0.310	0.827	0.137	0.562	0.175	-0.535	-0.963	-0.344	-0.695	-0.592	-0.706	-0.593	-0.309	0.152	-0.047	0.268	0.335	0.181
12	112007756	rs653178	NA	NA	NA	NA	NA	-1.316	-1.697	-2.551	-1.571	-0.647	-2.414	NA	NA	NA	NA	NA	-2.240	-1.747	-2.662	-3.093	-2.712	-1.401	-1.715	-1.678	-1.876	NA
12	115098094	rs9634162	0.759	1.279	1.141	0.765	1.187	0.259	-0.060	0.662	0.848	-0.645	0.058	0.277	0.937	0.695	1.725	0.802	1.129	0.469	1.035	1.045	1.096	1.950	1.405	2.089	1.780	1.915
12	115890922	rs7300312	-0.767	-0.488	-0.602	0.329	-0.859	-0.842	-0.754	-1.360	-1.014	-0.201	-0.525	-0.048	-0.600	0.230	-0.368	-0.571	0.249	0.417	-0.439	0.050	-0.254	-0.357	-0.287	0.019	0.326	-0.408
12	115934000	rs7299936	1.091	0.458	0.761	0.062	1.379	0.609	1.219	-0.338	-0.181	0.051	1.142	0.456	0.376	0.576	1.052	0.615	1.154	1.057	0.148	0.511	0.547	0.879	0.283	0.595	1.117	0.664
13	27543193	rs116964464	NA	NA	NA	NA	NA	NA	NA	-2.111	-1.580	-1.447	-1.038	-0.203	NA	-0.384	-1.153	NA	-1.140	0.221	-0.224	-1.442	NA	-1.548	NA	-0.088	-0.376	-0.116
13	34093518	rs10161980	0.404	0.214	-0.350	0.471	-0.140	0.487	-0.309	-0.204	0.356	0.594	0.312	1.447	1.094	0.618	0.585	1.229	0.433	0.607	0.623	0.329	0.670	0.802	0.850	0.818	0.951	0.927
13	37491650	rs12427846	-0.094	1.189	NA	NA	1.579	0.444	-0.255	-1.603	-0.885	-2.305	-0.991	-1.819	-1.645	-1.813	-1.619	-2.188	-1.466	-1.986	-1.496	-1.554	-1.488	-1.697	-1.697	-1.994	-1.063	-1.763
13	73649152	rs45597035	1.375	1.007	0.878	1.279	0.894	1.551	1.004	0.251	0.703	0.568	0.045	1.371	0.710	0.685	0.411	1.120	-0.482	-1.351	-1.022	-0.023	-0.486	0.390	0.643	0.927	0.337	0.457
13	73791554	rs78341008	NA	NA	NA	NA	NA	NA	0.975	0.230	0.133	0.380	0.775	NA	NA	NA	NA	NA	0.638	1.346	0.916	0.387	0.453	NA	NA	NA	0.641	-0.407
13	73986628	rs1886450	-1.397	-1.555	-1.614	-1.397	-1.466	-1.732	-1.707	-1.103	-1.036	-2.307	-1.990	0.146	-0.064	0.153	-0.731	0.090	-1.311	-1.939	-1.298	-1.394	-1.242	-1.955	-2.176	-1.822	-1.733	-2.090
13	78601413	rs9318511	1.156	0.105	0.133	-0.035	0.183	1.442	0.309	0.348	0.177	-0.144	1.484	0.377	0.745	0.712	1.368	1.139	0.122	0.061	-0.472	-0.343	-0.475	0.385	0.264	0.205	-0.702	0.420
13	110352851	rs1078563	-0.728	-1.166	-2.379	-1.598	-0.792	-2.240	-1.804	-1.203	-0.748	-0.765	-1.905	-2.130	-2.367	-2.607	-2.732	-2.079	-1.298	-1.019	-1.712	-1.915	-2.038	-1.749	-1.563	-1.541	-1.006	-0.776
13	111078872	rs4600332	0.530	0.590	0.930	0.906	0.592	0.963	0.641	2.035	1.483	1.344	0.489	1.619	1.138	0.403	0.895	1.388	1.084	0.954	1.408	0.771	0.906	1.022	1.214	0.673	0.495	0.961
14	51359658	rs28611105	0.519	-0.701	0.736	0.556	1.097	-0.641	2.489	1.200	-0.230	-0.261	1.364	0.432	0.334	0.054	-0.401	0.455	1.645	0.008	1.350	1.959	1.455	1.247	0.853	0.921	1.180	0.631
14	52491655	rs1497077	-1.249	-1.340	-0.885	-0.841	-0.916	-1.497	-1.405	-0.753	0.063	1.968	-0.189	0.116	0.765	0.163	1.119	0.328	-0.538	-0.573	-0.735	-0.513	0.165	-1.000	-1.518	-1.509	-0.486	0.516
14	54419106	rs35107139	1.397	0.587	0.164	-0.080	1.124	0.284	0.186	0.724	-0.488	0.226	0.197	0.728	1.319	0.797	0.128	0.542	1.390	1.327	0.880	0.408	1.306	-0.610	-0.259	-0.376	-0.173	-0.905
14	54445157	rs4901473	0.814	1.335	0.611	1.767	-0.263	0.728	0.184	-1.589	-0.632	0.195	-1.689	0.037	-0.196	-0.263	-0.790	0.342	-1.344	-1.043	-1.550	-1.139	-1.834	-0.928	-1.086	-0.979	-1.309	-1.009
14	59208437	rs8020436	1.826	2.560	1.652	1.643	1.102	1.055	1.141	0.706	-0.831	0.351	0.218	0.569	0.646	0.576	1.091	1.018	0.584	-0.189	0.570	0.435	0.579	1.040	0.586	-0.049	0.997	0.393
14	99782937	rs80158569	0.094	0.316	-0.301	0.524	0.452	0.527	0.032	0.514	0.473	-1.276	0.144	NA	0.355	NA	NA	0.881	0.294	-0.171	0.330	0.541	0.603	NA	NA	NA	0.990	-0.252
15	32999806	rs1554865	-1.548	-1.576	-0.923	-1.106	-0.830	-0.702	-0.100	0.128	0.540	0.826	1.480	-1.343	-1.067	-1.145	-1.119	-1.384	0.863	0.068	0.613	1.369	0.540	-1.046	-0.136	-0.817	-0.131	-0.593
15	33009574	rs1919364	-0.364	1.082	0.228	0.488	-0.327	0.715	0.191	0.304	-0.528	0.294	-0.446	0.094	0.660	0.359	1.552	0.576	0.141	-0.264	-0.264	-0.250	-0.296	-0.363	-0.110	0.486	-0.486	-0.409
15	33156386	rs17816465	NA	NA	NA	NA	NA	-1.209	NA	-1.482	-2.106	-1.562	-1.692	-2.093	-0.204	1.392	-0.790	-1.670	-0.873	-1.221	-1.641	-1.134	-0.240	-1.490	-1.368	-1.154	-0.505	-1.952
15	67000117	rs3809570	-0.479	-1.540	-1.486	-1.035	-0.955	-1.326	-0.571	-0.380	0.374	-0.469	-0.340	1.357	0.156	1.160	-1.545	0.563	-0.496	-0.606	-0.858	-0.630	-1.217	-2.634	-0.848	-1.180	-2.764	-1.498
15	67402824	rs56324967	0.882	0.455	1.318	0.673	0.024	1.203	1.551	1.306	0.885	0.100	1.595	0.617	0.748	0.423	0.811	0.429	0.909	0.754	1.483	1.084	1.144	0.924	0.996	1.162	0.603	1.545
15	68075698	rs77148098	0.073	NA	1.813	NA	0.046	1.093	0.182	0.452	0.457	-0.740	0.038	0.218	0.698	0.860	0.682	0.802	0.852	-0.153	-0.201	0.056	-0.011	-0.066	-0.345	0.521	0.731	-0.044
15	91185291	rs71407320	NA	NA	NA	NA	NA	NA	0.190	0.443	-0.734	-0.077	0.696	NA	NA	NA	NA	NA	0.700	0.022	1.034	0.198	1.449	0.733	0.506	1.708	0.204	1.017
16	68743939	rs9924886	-0.825	-0.580	0.831	0.246	-0.730	0.372	0.354	1.161	0.850	0.649	1.371	1.172	0.753	0.769	0.162	1.317	0.784	0.551	0.897	1.442	1.817	1.252	0.998	0.714	0.604	1.688
16	80036840	rs3936188	-1.331	-1.544	-0.655	-0.970	-0.959	-0.752	0.482	1.176	0.718	-0.650	0.785	-0.701	-0.638	-0.353	-0.449	-0.258	0.415	0.154	0.781	0.302	0.333	0.531	0.321	0.322	1.010	0.371
16	86254051	rs847208	-0.191	0.699	-0.931	0.349	0.120	-0.852	-0.316	-0.382	0.090	0.979	-0.212	0.255	1.020	0.815	0.861	0.546	0.169	0.003	0.213	0.267	-0.413	-0.711	-0.940	-1.291	-1.357	-0.917
16	86338288	rs7206216	0.128	-1.004	0.153	-0.215	-0.256	-0.632	0.032	0.926	0.442	-0.542	0.916	1.299	0.940	1.257	0.608	1.467	0.509	0.754	0.183	0.540	0.679	0.910	1.075	1.216	0.820	0.954
16	86703949	rs62042090	0.398	-0.174	0.052	1.265	0.618	0.656	0.896	0.284	0.454	0.205	0.828	-1.291	-1.203	-0.823	-0.456	-0.946	0.679	-0.188	1.100	1.143	0.959	0.844	0.178	1.190	0.563	0.810
17	809643	rs4968127	-0.367	-0.311	-0.239	-0.534	0.179	-0.378	0.222	1.493	3.024	1.863	1.052	3.403	2.261	1.961	1.347	2.908	0.480	0.406	0.607	0.779	0.276	-0.174	-0.296	-0.157	-0.197	-0.442
17	10707241	rs1078643	-0.183	-0.870	-0.199	-0.357	-0.182	-1.031	-1.105	-1.173	-1.251	1.087	-1.887	-0.606	-0.655	0.212	-0.540	-0.903	-1.579	-1.015	-1.102	-1.404	-1.334	-0.813	-1.087	-1.052	-0.446	-0.997
17	70413253	rs983318	1.452	0.685	-0.238	-0.501	1.074	1.227	0.427	-0.282	0.685	0.196	0.074	0.587	0.680	0.875	1.112	0.415	-0.480	-0.045	-0.059	-0.256	-0.370	0.264	0.563	0.749	0.582	0.949
18	3616779	rs1791373	1.055	1.224	0.764	1.341	1.867	0.512	1.595	0.273	-0.005	-0.285	-0.164	-0.275	-0.174	-0.308	0.122	-0.125	-0.532	-0.480	-0.415	-0.819	-0.531	0.073	-0.169	0.405	0.016	0.240
18	46452327	rs2337113	-0.111	0.202	-1.385	-0.203	-0.008	-0.310	-0.585	0.203	0.236	-0.376	0.625	0.894	0.552	1.358	0.626	1.534	-0.026	-0.314	0.468	0.506	1.208	0.314	0.297	0.047	0.136	0.448
19	5840926	rs10409772	0.734	-0.350	-0.209	0.688	0.159	-0.730	-0.421	-0.502	-0.967	-1.107	0.855	-0.029	0.906	0.567	-0.505	0.152	0.478	0.935	0.658	2.037	-0.044	0.404	0.039	0.746	0.164	-0.066
19	16417198	rs34797592	-0.256	-0.199	-0.416	-0.718	-0.109	0.145	-0.513	-0.964	-0.356	-0.293	-1.455	NA	NA	NA	NA	NA	0.509	-0.500	-0.006	-0.119	-0.628	-0.892	-0.977	-0.942	-1.109	0.011
19	33519927	rs28840750	1.805	0.187	0.556	0.075	0.374	0.124	0.964	0.558	0.739	0.439	0.473	0.705	0.318	0.002	-0.267	0.045	0.451	1.342	0.867	0.430	0.995	0.502	0.249	0.061	-0.116	0.080
19	41860296	rs1800469	NA	NA	NA	NA	NA	NA	0.379	-1.182	-0.850	-1.943	-0.506	NA	NA	-0.566	-1.039	NA	-0.136	NA	0.597	-0.249	NA	NA	NA	NA	NA	NA
19	49218602	rs12979278	0.477	0.107	0.324	-0.817	0.420	-0.380	0.640	1.334	1.458	1.294	1.898	-1.225	-0.964	0.256	0.651	NA	2.778	2.697	2.610	1.923	2.570	1.521	1.782	1.586	2.642	2.071
20	6376481	rs966816	0.589	0.153	0.551	0.726	0.412	0.188	-0.229	-0.730	-0.488	-0.917	-0.478	1.092	1.074	0.999	0.153	0.917	-0.824	-0.735	-0.384	-0.552	-0.579	-0.021	-0.849	-0.073	-0.682	-0.176
20	6603622	rs994308	-1.396	-0.239	-1.232	-0.174	-0.838	-0.715	-0.558	1.398	1.725	1.473	1.562	2.497	2.614	2.491	2.017	2.750	1.046	1.309	1.041	1.260	1.546	0.861	0.087	0.213	0.095	1.042
20	6699595	rs4813802	-0.225	-1.278	-0.259	-1.488	-0.394	-1.423	-1.477	-2.023	-1.721	-0.449	-2.439	0.219	-0.305	-0.356	0.059	-0.186	-1.373	-1.380	-1.361	-1.304	-1.897	-2.350	-1.614	-1.925	-1.500	-1.308
20	6762221	rs28488	-0.194	-0.088	-0.733	-0.772	-0.595	-0.145	0.069	-0.383	-0.483	-1.081	0.213	0.193	-0.403	-0.051	-0.473	0.250	-1.194	-1.045	-0.655	-0.408	-0.184	-1.257	-1.020	-1.113	-0.951	-0.936
20	7812350	rs2423279	-0.284	1.535	0.577	0.927	0.241	1.594	1.179	1.248	1.015	1.575	-0.098	0.018	0.576	-0.079	-0.708	-0.049	2.001	1.402	1.159	0.470	0.913	0.697	0.723	0.409	0.331	0.771
20	33187130	rs6059938	0.532	0.582	0.783	0.274	0.247	0.201	-0.498	1.302	1.345	1.244	0.549	0.677	1.171	1.442	1.317	0.563	0.453	0.052	0.254	0.414	0.547	0.166	0.086	-0.047	-0.139	0.266
20	42532821	rs6065668	-0.334	0.664	-0.809	0.404	0.131	0.058	0.549	0.669	1.282	1.051	0.621	0.957	0.505	0.818	0.412	0.872	0.373	-0.590	0.362	0.291	0.625	0.119	-0.633	-0.409	-0.147	-1.009
20	42658274	rs6017248	-1.096	-0.585	-1.462	-0.566	-0.958	-1.244	-1.237	-1.379	-0.769	0.087	-0.562	-0.770	-1.052	-1.091	-0.465	-1.215	-0.650	-0.406	-1.352	-0.747	-0.778	-0.499	0.247	0.030	-0.401	-0.289
20	47340117	rs6066825	-0.597	-1.185	0.401	-0.971	-0.836	-0.838	-0.081	1.350	1.158	0.478	1.457	1.244	2.622	2.439	2.375	2.293	0.944	1.748	1.710	1.790	1.490	0.747	1.480	1.156	1.532	0.912
20	48986567	rs6012915	0.280	0.615	-0.121	-0.541	0.470	0.737	-1.077	-0.980	-0.631	-0.330	-1.023	0.068	-0.108	-0.235	-0.058	-0.646	-0.741	-1.375	-1.488	-1.084	-1.355	-1.192	-1.521	-1.328	-1.280	-1.093
20	49060191	rs6095946	0.552	0.616	-0.362	0.299	-0.062	0.347	0.456	0.838	1.533	0.804	0.088	0.362	0.355	0.574	0.533	0.021	0.184	0.460	0.053	-0.034	0.250	0.066	0.303	0.370	0.103	0.488
20	49256285	rs6091189	0.456	0.447	-0.029	0.242	0.850	0.790	1.404	2.469	1.896	0.368	2.811	1.628	0.816	1.532	1.369	1.351	1.714	1.768	1.493	1.462	1.256	1.419	1.944	2.339	2.316	1.258
20	55831203	rs6014965	2.006	2.024	1.476	1.344	NA	1.707	0.948	-0.812	-0.414	0.764	-0.915	0.002	-1.250	-0.439	-0.929	0.183	-0.906	-0.989	-0.278	-0.521	-0.692	-0.599	-0.570	-0.299	-0.289	-0.142
20	60932414	rs1741640	-1.476	-1.011	-0.691	-1.219	-0.521	-1.275	-0.155	1.213	0.709	0.638	1.392	1.370	1.614	0.712	0.719	1.344	0.661	1.114	0.273	0.722	0.573	0.871	1.174	0.223	0.558	1.093
20	62308612	rs2738783	NA	NA	-0.868	1.265	NA	-0.353	0.040	0.726	0.438	1.054	0.765	1.016	0.620	0.795	1.262	0.581	0.974	0.553	0.443	0.352	0.555	0.802	-0.099	0.353	0.613	0.499
21	47772439	rs9983528	-0.193	0.337	0.255	0.602	1.304	1.101	0.819	0.023	0.299	0.258	0.743	0.074	0.269	0.316	-0.657	-0.012	0.718	1.197	0.984	1.042	0.241	-0.262	0.140	-0.548	0.596	0.458
22	29406076	rs4616575	-0.118	0.057	-0.668	0.108	-0.216	0.364	0.067	1.353	1.140	0.723	0.896	2.049	0.505	1.192	0.811	1.136	1.570	1.802	1.324	1.264	0.943	1.474	0.808	1.433	1.299	0.509
22	39644273	rs130651	-1.271	0.149	0.497	-0.353	-0.656	-0.413	0.068	0.513	0.946	0.724	0.399	2.569	1.344	1.856	NA	1.618	-0.125	-0.055	0.562	0.254	0.038	0.951	0.748	0.530	0.782	0.855
22	43778431	rs34256596	NA	NA	NA	NA	NA	-0.444	-0.751	-0.592	-0.707	-0.157	-0.716	-1.020	-1.142	-1.127	-1.116	-1.321	-0.827	-0.441	-0.898	-1.144	-0.497	-0.798	-0.887	-0.739	-1.047	-1.267
22	45745229	rs9614460	0.334	-1.029	-1.632	0.785	-0.227	-0.802	-0.215	1.538	0.904	2.179	0.844	-0.142	0.923	0.936	1.747	0.027	1.216	1.159	1.859	1.293	1.065	0.385	0.550	0.734	0.328	0.825
22	46364191	rs9330814	0.610	1.341	0.881	2.053	0.454	1.117	0.689	-0.121	-0.935	-0.820	-0.643	-0.117	-0.586	-0.111	-0.728	-0.608	-0.153	-0.518	-0.506	-0.510	-0.252	-0.728	-0.806	-0.760	-0.448	-0.881
