chr	pos	RSNUM	ESN	GWD	LWK	MSL	YRI	ACB	ASW	CLM	MXL	PEL	PUR	CDX	CHB	CHS	JPT	KHV	CEU	FIN	GBR	IBS	TSI	BEB	GIH	ITU	PJL	STU
1	4591085	rs12567893	-1.461	-0.670	-1.783	-0.538	-1.513	-2.256	-1.807	-1.769	-1.150	-0.733	-1.859	1.051	-0.468	0.357	-0.777	0.393	-2.153	-1.766	-2.383	-1.771	-2.258	-1.691	-0.867	-1.114	-1.116	-1.035
1	6044174	rs145689272	NA	NA	NA	NA	NA	NA	NA	NA	-1.949	NA	-1.039	NA	NA	NA	NA	NA	0.412	-0.832	-0.595	-0.592	0.965	-1.278	NA	NA	NA	NA
1	28684075	rs9438602	-0.330	0.377	-0.324	0.075	-0.588	-0.049	-0.833	-0.675	-0.805	-0.299	-0.257	NA	-0.648	-0.996	-0.957	-1.238	-1.530	-0.417	-1.159	-1.291	-0.962	-2.282	-2.155	-1.007	-1.619	-1.563
1	28786793	rs75590636	NA	NA	NA	NA	NA	NA	NA	0.251	NA	NA	NA	NA	NA	NA	NA	NA	-1.365	NA	-0.473	-1.894	NA	NA	NA	NA	NA	NA
1	39622588	rs67758468	2.441	0.129	-0.911	0.689	-0.413	-0.238	-0.565	0.374	0.916	-0.090	0.831	1.559	1.009	1.515	0.570	1.661	0.113	0.235	0.003	0.780	0.591	2.332	2.757	2.640	2.525	1.214
1	40035928	rs3768321	NA	NA	NA	NA	NA	-0.099	1.175	0.550	0.304	0.000	-0.422	-0.804	-1.364	-0.557	-0.320	-0.616	-0.145	-0.170	-0.771	0.025	0.017	0.014	1.869	0.245	1.648	0.127
1	63486692	rs713311	-1.954	-0.764	-1.498	-1.738	-2.242	-1.412	-1.145	1.012	1.720	-0.787	1.214	0.621	0.091	0.724	1.365	0.392	-0.876	-1.286	-0.309	-0.794	-0.518	-0.806	-1.132	-0.094	-1.015	-0.609
1	101892992	rs12121080	-0.347	-0.858	-0.237	-1.320	-0.762	-0.234	0.094	-0.040	-0.431	0.241	-0.611	-1.229	-1.089	-1.062	-1.210	-1.000	-0.325	0.493	0.276	0.361	0.310	-1.500	-1.270	-1.364	-1.499	-1.177
1	176797234	rs138051794	NA	NA	NA	NA	NA	NA	NA	-0.280	0.738	NA	-0.229	NA	NA	NA	NA	NA	0.090	NA	-0.218	-0.625	-0.912	NA	NA	NA	0.028	NA
1	200261488	rs2140558	0.531	0.808	1.414	0.985	0.711	1.035	0.989	1.257	0.218	0.512	0.759	-0.828	0.051	-0.234	0.176	-0.091	1.508	0.813	1.134	1.399	1.841	0.987	0.387	0.558	0.200	0.450
1	201356883	rs61820018	1.209	0.185	0.816	0.580	0.791	0.220	1.034	1.694	0.663	1.040	1.195	0.993	0.807	1.171	1.626	1.048	1.306	1.953	1.409	0.911	1.845	1.453	1.395	2.513	2.083	1.943
1	203339307	rs7546395	-0.439	0.605	0.304	0.089	0.016	0.033	-0.054	-0.604	-0.074	0.233	-0.440	-0.139	-0.247	-0.816	-0.793	-0.346	-0.160	-0.656	0.155	-0.412	-0.237	-0.715	-0.567	-0.164	-0.668	-0.158
1	215848641	rs2797235	0.977	0.946	0.887	0.617	0.703	0.825	0.433	0.323	0.872	0.745	0.847	1.307	1.579	1.392	1.060	1.199	0.857	0.888	0.738	0.597	0.759	1.510	1.592	1.618	1.375	1.788
2	10085631	rs10929625	1.849	1.614	1.613	0.944	1.389	1.398	1.321	0.575	0.256	0.374	0.537	0.799	0.370	0.277	0.508	0.295	0.383	0.660	0.495	0.610	0.974	0.682	0.320	0.546	0.527	0.251
2	35592060	rs57889320	-0.040	-0.222	-2.147	-0.544	-0.195	0.065	-0.780	0.645	NA	2.286	1.151	NA	NA	NA	NA	NA	1.679	0.833	0.499	1.096	1.020	1.209	0.512	1.039	0.515	0.872
2	40600407	rs116613842	NA	NA	NA	NA	NA	NA	NA	-1.486	NA	NA	NA	NA	NA	NA	NA	NA	-1.448	-0.433	-0.820	-0.887	-0.739	NA	NA	NA	NA	NA
2	50817844	rs145047960	NA	NA	NA	NA	NA	NA	NA	0.663	NA	-0.505	NA	NA	NA	NA	NA	NA	1.113	NA	1.857	0.737	1.654	NA	NA	NA	NA	NA
2	119296554	rs7571800	-0.724	0.095	-0.239	0.622	-0.344	-0.067	0.500	0.324	0.099	0.174	0.630	0.525	-0.001	-0.071	-0.311	0.135	1.180	0.954	0.935	0.422	1.079	1.511	1.399	1.517	1.177	1.854
2	130658715	rs2407072	1.658	1.620	1.875	1.640	1.818	0.991	2.279	2.072	2.699	2.491	2.313	0.529	1.179	1.326	2.251	1.682	1.584	2.333	2.471	1.017	1.774	1.829	2.060	2.160	1.712	1.886
2	152978803	rs34462050	-0.412	-0.549	-0.103	-0.659	-0.522	-0.343	-0.679	2.292	0.354	0.574	0.957	-1.299	-1.619	-1.706	-1.800	-0.950	1.263	1.051	1.408	1.002	0.681	-0.750	-0.840	-1.334	-0.991	-1.114
2	165762918	rs62175628	NA	NA	NA	NA	NA	NA	NA	-0.016	NA	NA	-0.212	NA	NA	NA	NA	NA	0.047	-0.309	0.476	-0.894	-0.284	1.180	0.572	0.740	0.894	0.502
2	166687153	rs111619366	NA	NA	NA	NA	NA	NA	NA	NA	-0.071	NA	NA	NA	NA	NA	NA	NA	-0.094	NA	-0.375	-0.613	0.747	NA	NA	NA	NA	NA
2	171112236	rs142271773	NA	NA	NA	NA	NA	NA	NA	-0.040	NA	NA	-0.718	NA	NA	NA	NA	NA	0.744	NA	NA	0.353	-0.054	NA	NA	NA	NA	NA
2	227062080	rs952227	-1.176	-1.916	-0.956	-0.810	-1.441	-0.832	-0.725	0.677	0.728	0.238	0.593	1.221	0.565	0.604	0.940	1.383	0.908	1.426	0.828	1.069	0.942	0.215	-0.326	0.530	0.342	0.315
3	3242152	rs1614350	1.877	0.769	-0.765	0.609	0.511	0.040	0.702	1.262	NA	NA	-0.109	NA	NA	NA	NA	NA	-0.498	1.280	-0.560	0.888	-0.998	1.118	0.846	1.338	-0.108	0.563
3	11227421	rs380855	NA	0.364	0.725	NA	-0.209	0.263	0.001	0.017	-0.310	-0.380	-1.511	NA	NA	NA	NA	NA	-1.431	-0.579	-1.315	-0.760	-1.055	-0.791	-0.753	-0.925	-1.092	-1.456
3	11576112	rs73021345	NA	NA	NA	NA	NA	-0.494	-1.111	-0.966	-1.277	-0.703	-0.851	NA	NA	NA	NA	NA	-0.760	-0.781	-1.378	-2.637	-0.850	-0.469	-0.914	-1.284	-0.968	NA
3	21125288	rs7631520	0.411	0.929	0.600	1.054	0.646	0.739	1.237	0.932	-0.270	-0.843	0.910	1.075	1.111	1.286	0.678	0.730	1.555	1.715	1.551	1.843	1.403	1.165	0.868	1.100	1.289	0.598
3	23137405	rs4130874	0.103	0.169	-0.122	-0.141	-0.049	0.017	-0.509	0.239	0.191	0.066	0.644	0.048	0.440	0.384	0.272	0.121	0.384	0.063	-0.056	0.697	0.723	-0.132	0.484	0.413	0.293	0.160
3	23208322	rs77287099	NA	NA	NA	NA	NA	NA	NA	NA	NA	-1.046	NA	NA	NA	NA	NA	NA	0.033	-0.334	-0.279	-0.602	NA	NA	NA	NA	NA	NA
3	23457080	rs13094957	0.475	0.112	0.545	0.679	0.747	0.580	1.309	1.750	0.287	2.163	1.773	0.194	0.296	-0.115	0.865	0.305	0.414	0.117	0.784	1.218	-0.281	0.325	0.444	-0.724	0.388	-0.045
3	28557092	rs116119735	NA	NA	NA	NA	NA	NA	NA	NA	NA	NA	NA	NA	NA	NA	NA	NA	-1.724	-1.536	NA	NA	NA	NA	NA	NA	NA	NA
3	49424237	rs77629332	NA	NA	NA	NA	NA	NA	NA	NA	NA	NA	NA	NA	NA	NA	NA	NA	NA	NA	NA	NA	NA	NA	NA	0.601	0.118	NA
3	49824756	rs77448841	NA	NA	NA	NA	NA	NA	NA	NA	NA	NA	NA	NA	NA	NA	NA	NA	NA	NA	NA	NA	NA	NA	NA	NA	0.106	NA
3	100597568	rs1821795	0.257	1.225	2.236	0.513	0.581	0.867	0.135	0.567	1.073	1.565	0.635	0.641	0.849	0.375	0.872	0.767	0.186	0.084	0.501	0.715	0.858	1.525	1.161	0.168	0.465	0.850
3	123065778	rs11708067	-0.898	-0.808	-0.577	-1.451	-1.339	-1.384	-2.193	-1.218	-2.199	-2.043	-0.665	NA	-1.286	NA	NA	NA	-1.057	-0.507	0.314	-0.573	-0.683	-1.679	-2.107	-1.392	-1.354	-1.151
3	168126583	rs144353026	NA	NA	NA	NA	NA	-1.073	-0.801	-1.269	-0.233	-0.915	-1.049	NA	NA	NA	NA	NA	-0.896	-0.587	-0.617	-0.714	-2.159	NA	NA	NA	NA	NA
3	168221778	rs116442087	NA	NA	NA	NA	NA	NA	NA	NA	NA	NA	NA	NA	NA	NA	NA	NA	-0.912	-1.579	NA	NA	NA	NA	NA	NA	NA	NA
3	168268220	rs13097444	0.205	1.011	1.435	NA	0.329	1.279	1.644	0.381	0.462	0.305	0.527	-0.483	NA	NA	NA	-0.005	0.319	0.488	0.286	0.377	0.162	0.501	1.143	1.113	0.734	0.733
3	171920203	rs191820727	NA	NA	NA	NA	NA	NA	NA	NA	NA	NA	NA	NA	NA	NA	NA	NA	NA	NA	NA	-1.324	NA	NA	NA	NA	NA	NA
3	185274780	rs7649167	0.137	-0.086	-0.304	-0.021	-0.322	-0.008	-0.114	-0.890	-1.298	0.068	0.031	0.295	-0.223	-0.135	0.533	0.358	-0.630	-1.141	0.063	-0.355	-0.009	0.075	-0.056	-0.381	0.161	0.004
3	187406785	rs6806459	-1.721	-0.403	-0.717	-2.252	-2.118	-1.624	-1.459	-0.542	-0.405	0.533	-1.779	-1.912	-2.149	-1.988	-1.476	-1.020	-0.782	-1.185	-0.995	-0.885	-1.517	-1.161	-1.312	-1.676	-1.052	-1.253
4	36029238	rs34521072	NA	NA	NA	NA	NA	NA	NA	0.543	0.246	0.486	NA	NA	NA	NA	NA	NA	1.325	1.372	0.919	1.000	0.834	NA	NA	NA	0.448	NA
4	45748251	rs78587693	NA	NA	NA	NA	NA	NA	NA	NA	NA	NA	NA	-0.112	-0.666	-0.142	0.261	0.030	NA	NA	0.887	NA	NA	NA	NA	NA	NA	NA
4	63437707	rs113617270	-0.733	0.639	1.532	0.692	-0.161	0.402	1.270	0.064	0.498	0.430	1.496	0.176	-0.079	-0.016	0.113	0.030	-0.445	0.380	NA	1.496	1.017	-1.067	-0.568	-1.054	-0.572	-0.921
4	65559568	rs147637283	NA	NA	NA	NA	NA	NA	NA	NA	NA	NA	0.769	NA	NA	NA	NA	NA	1.470	1.309	1.022	1.359	1.547	NA	NA	NA	NA	NA
4	79169222	rs138772829	NA	NA	NA	NA	NA	NA	NA	NA	-0.672	NA	NA	NA	NA	NA	NA	NA	-1.256	-0.990	-0.446	-1.027	-1.719	NA	NA	NA	NA	NA
4	125649548	rs10016141	-0.226	0.507	1.016	-0.316	-0.525	-0.624	0.097	0.889	1.762	1.956	0.716	0.022	-0.207	-0.056	-0.601	-0.398	1.155	-0.019	0.584	0.978	0.785	0.416	0.843	0.986	0.427	0.603
4	131635046	rs10034801	-1.271	-0.651	-0.453	-0.409	-0.638	-0.836	-0.116	-0.546	0.023	0.155	-0.432	0.430	0.603	0.146	-0.579	0.599	-0.549	-1.144	-0.253	-0.434	-0.724	0.166	0.066	-0.297	-0.064	-0.224
4	135703390	rs552719	NA	NA	NA	NA	NA	-0.845	-0.723	-0.105	-0.103	-1.354	-0.881	0.766	0.330	1.144	0.918	0.006	-1.017	-1.322	-1.662	-0.714	-0.794	-0.456	-1.176	-0.441	-0.840	-0.940
4	142825295	rs60243901	-1.180	-0.126	-1.453	-0.819	-1.051	-1.361	-0.992	0.335	0.607	0.269	0.881	0.328	0.188	0.474	0.112	-0.172	-0.066	0.041	-0.063	0.137	0.268	0.713	1.115	0.399	0.048	0.068
4	182072284	rs151212836	NA	NA	NA	NA	NA	NA	NA	NA	NA	NA	NA	NA	NA	NA	NA	NA	-0.816	NA	-0.737	NA	-0.763	NA	NA	NA	NA	NA
5	25882488	rs72748950	NA	NA	NA	NA	NA	NA	NA	-0.489	0.221	-0.830	NA	NA	NA	NA	NA	NA	-0.529	0.131	-0.107	-0.404	0.758	NA	NA	NA	NA	NA
5	31813643	rs28664240	-0.053	-0.112	-1.286	-0.455	-0.280	-0.288	0.641	-1.151	NA	NA	0.820	0.598	NA	NA	-0.001	0.906	-0.099	-0.744	0.155	-2.155	0.316	0.171	-0.200	0.821	0.312	0.537
5	34685190	rs116118111	NA	NA	NA	NA	NA	-0.152	-1.167	-0.203	0.123	0.177	-0.562	-0.306	NA	NA	NA	0.649	-0.929	-0.706	-0.708	-1.311	-0.552	0.520	-0.134	-0.073	-0.338	0.445
5	102356291	rs17154959	-1.260	-0.877	-1.531	-1.229	-1.798	-1.356	-1.353	0.390	0.251	-0.188	0.293	NA	0.677	0.789	0.998	0.704	0.464	0.547	0.658	0.269	0.872	0.251	0.052	0.264	-0.108	0.427
5	112326410	rs1549182	-0.552	0.199	-0.362	-1.035	0.195	0.530	0.329	1.920	1.414	0.789	1.524	1.653	1.998	2.946	2.131	1.814	1.804	1.449	1.838	1.821	1.726	2.991	2.146	1.952	3.076	2.780
5	145784717	rs187445567	NA	NA	NA	NA	NA	NA	NA	NA	NA	NA	NA	NA	NA	NA	NA	NA	-0.274	NA	-0.305	NA	NA	0.201	-0.332	0.133	-0.092	-0.014
5	157710458	rs2114983	0.585	-0.494	-1.274	0.174	-0.191	-0.922	-0.675	-0.101	0.304	0.147	-0.245	NA	0.598	NA	NA	-0.270	0.272	-1.162	-0.166	-0.283	-0.156	-0.031	-0.245	0.875	-0.068	-0.569
5	173767791	rs149736582	NA	NA	NA	NA	NA	NA	NA	NA	-0.888	NA	NA	NA	NA	NA	NA	NA	-0.373	0.282	1.507	NA	NA	NA	NA	NA	NA	NA
6	20627891	rs9465839	-0.319	-0.543	-0.223	-1.069	-0.190	-0.906	-0.331	-0.904	-0.507	-0.589	-0.982	-0.725	-0.131	-0.518	-0.029	-0.379	-1.109	-0.643	-1.426	-1.356	-1.491	0.161	-0.656	-0.386	-0.247	-0.430
6	23379359	rs1886705	0.522	0.921	0.699	0.607	0.825	0.530	0.927	0.565	1.157	1.584	0.411	1.243	1.331	1.227	0.922	0.803	0.335	0.253	0.273	0.250	0.428	0.990	0.749	0.726	0.619	0.847
6	33400289	rs58922452	NA	NA	NA	NA	NA	NA	NA	0.303	-0.899	NA	NA	0.407	NA	NA	-1.272	NA	0.146	-1.240	-0.329	0.277	-0.170	-0.990	-0.766	-1.286	-0.642	-1.039
6	79831619	rs117172178	NA	NA	NA	NA	NA	NA	NA	NA	NA	NA	NA	NA	NA	NA	NA	NA	0.847	NA	NA	0.973	0.033	NA	NA	NA	NA	NA
6	98195269	rs58502571	0.005	0.428	NA	NA	0.698	1.294	0.431	0.820	-0.277	-1.105	0.226	-0.680	0.154	-0.688	-0.444	-0.239	0.585	0.564	0.349	1.081	1.150	-0.299	0.243	-0.318	-0.069	-0.600
6	118080669	rs118161462	NA	NA	NA	NA	NA	NA	NA	NA	NA	NA	NA	NA	NA	NA	NA	NA	NA	NA	0.872	NA	NA	NA	NA	NA	NA	NA
6	164053535	rs11962679	-0.463	-0.932	-0.259	-0.998	-0.116	-0.135	-0.225	1.382	-0.818	1.415	1.765	0.626	0.675	2.146	1.624	0.056	0.183	1.154	-0.645	1.816	1.254	0.073	0.411	0.323	0.304	0.105
7	10968316	rs115822239	-0.110	0.280	-0.118	-0.334	-0.250	0.224	-0.524	0.186	0.042	-1.160	0.846	0.164	-1.020	-0.047	-1.397	-0.593	-0.121	NA	NA	1.049	NA	0.521	NA	NA	0.226	NA
7	40591886	rs73122161	-0.408	-0.313	NA	0.370	NA	1.055	NA	0.144	0.805	NA	0.253	NA	NA	NA	NA	NA	0.969	-0.576	-0.119	0.640	0.682	0.805	0.567	1.078	0.969	1.163
7	130420740	rs35775580	NA	NA	NA	NA	NA	NA	NA	-0.868	0.014	1.846	NA	NA	NA	NA	NA	NA	0.058	0.323	0.283	-0.265	0.813	NA	0.117	-0.676	0.498	-0.705
7	156505044	rs73489733	0.893	1.302	0.226	0.908	-0.093	0.719	0.991	0.605	-0.352	0.415	0.893	-0.054	-0.518	-0.255	0.124	-0.345	0.251	-0.383	1.095	-0.849	-0.124	0.460	0.506	-0.107	-0.469	0.021
8	10817430	rs181049075	NA	NA	NA	NA	NA	NA	NA	NA	NA	NA	NA	NA	NA	NA	NA	NA	-1.078	NA	NA	NA	NA	NA	NA	NA	NA	NA
8	11272256	rs146580015	NA	NA	NA	NA	NA	NA	NA	NA	NA	NA	NA	NA	NA	NA	NA	NA	0.071	NA	-0.924	NA	NA	NA	NA	NA	NA	NA
8	18406551	rs140707928	NA	NA	NA	NA	NA	NA	NA	-0.577	NA	NA	NA	NA	NA	NA	NA	NA	0.258	NA	0.584	NA	0.363	NA	NA	NA	NA	NA
8	23253407	rs62501410	0.068	0.098	-0.058	-0.154	-0.067	-0.339	0.136	0.239	-0.158	0.072	-0.410	-1.347	-1.561	-1.423	-1.272	-1.293	-0.641	0.180	-0.389	0.539	0.268	-0.646	-0.010	-0.330	0.537	-0.709
8	29700134	rs112127243	NA	NA	NA	NA	NA	NA	NA	NA	NA	NA	NA	NA	NA	NA	NA	NA	0.672	0.755	-0.687	0.745	0.435	NA	-0.535	NA	NA	NA
8	41488092	rs34356122	-0.060	-0.048	-0.194	-0.595	0.871	0.490	0.609	0.273	0.407	1.300	-0.231	1.181	0.453	0.844	0.315	0.954	-0.352	0.983	0.089	-0.434	-1.336	-0.226	-0.292	-0.548	-0.072	0.300
8	41505849	rs116964396	1.455	-0.150	0.071	-0.403	0.507	1.275	0.670	-0.427	NA	NA	NA	NA	NA	NA	NA	NA	-0.149	0.060	-0.368	-0.968	-0.098	NA	NA	NA	-0.943	NA
8	115215346	rs10087127	0.844	0.351	-0.748	0.485	0.299	-0.098	-0.150	0.581	-0.900	-0.503	0.976	NA	-1.999	-0.886	-1.147	NA	0.998	1.408	1.049	0.973	1.002	-0.876	-1.017	-0.763	-0.689	-1.013
8	115467391	rs13250358	-0.056	0.277	-0.437	-0.075	0.122	0.448	-0.310	-0.052	0.825	0.872	-0.478	0.879	1.070	1.030	1.172	1.303	-0.773	-0.155	-0.461	-1.028	-0.933	0.100	-0.082	0.153	0.181	-0.067
8	118183825	rs2464591	1.553	1.292	1.222	0.875	0.935	0.572	1.160	2.440	1.848	1.518	2.416	1.113	0.815	1.329	0.611	1.229	0.347	1.197	-0.208	0.165	0.379	1.139	0.171	0.415	0.490	0.421
8	118217915	rs4300038	-0.396	-1.501	-0.331	-1.123	-1.092	-0.241	-1.652	-1.065	-0.641	-1.160	-2.211	-0.665	-0.653	-0.397	-0.214	-0.854	-1.887	-3.132	-1.656	-1.317	-1.248	-0.593	-0.206	-0.141	-0.255	-0.025
8	118235203	rs1392040	-1.379	-0.679	-0.580	-0.745	-1.143	0.620	0.097	-0.053	0.823	-0.097	0.433	-1.145	-0.234	-0.550	0.068	-0.697	0.573	1.401	0.352	0.720	0.696	-0.557	-0.841	-0.556	-0.469	-0.641
9	8082557	rs191954624	NA	-0.046	NA	0.331	NA	0.240	NA	NA	-1.084	-1.603	-1.569	NA	NA	NA	NA	NA	-0.891	-0.209	-1.257	NA	-0.565	NA	NA	NA	NA	NA
9	22134068	rs10811660	-1.166	-0.651	-1.032	-0.685	-1.565	0.385	-0.878	-0.984	-0.824	-0.599	0.009	0.169	0.424	-0.001	0.507	0.029	-0.397	-0.739	-1.012	-0.423	-0.772	-0.438	-0.906	0.135	-1.010	-1.068
9	22136440	rs12555274	-1.260	-0.396	0.527	-0.554	-0.338	-0.479	-0.306	0.246	-0.255	0.343	-0.599	-0.133	-0.652	-0.613	-0.731	-0.583	-0.975	-0.598	-0.239	-0.471	-0.932	-1.124	-0.324	-0.897	-0.225	-0.339
9	71408917	rs117710325	NA	NA	NA	NA	NA	NA	NA	NA	NA	NA	NA	NA	NA	NA	NA	NA	NA	-1.376	-0.584	-1.499	NA	NA	NA	NA	NA	NA
9	112227529	rs10979882	0.229	-0.032	0.817	-0.500	0.548	0.177	1.415	0.352	0.870	0.796	-0.355	-1.122	-1.627	-0.757	-0.731	-0.220	-0.720	0.133	-0.856	-0.225	0.014	0.390	0.363	0.316	-0.421	-0.186
9	127642136	rs17327817	-0.845	-0.695	NA	-0.196	-0.634	0.051	0.531	0.122	0.913	0.065	-0.282	-1.141	-0.282	-1.035	-0.913	-1.922	-0.068	-0.931	1.013	0.184	0.517	-0.719	-2.335	-1.610	-0.665	-1.740
10	6470994	rs17299670	NA	NA	0.176	NA	NA	-0.114	-1.383	-0.272	1.256	0.328	-1.595	NA	NA	NA	NA	NA	-0.833	-0.403	-0.717	-1.405	-1.490	-0.487	0.610	-0.388	0.435	0.437
10	24290872	rs16924194	0.090	-0.863	-0.507	-0.379	0.287	-0.106	0.390	1.346	0.262	NA	0.098	NA	NA	NA	NA	NA	1.429	NA	0.788	0.718	0.630	1.528	-0.367	0.472	0.716	0.379
10	36348723	rs140175274	NA	NA	NA	NA	NA	NA	NA	-0.741	NA	-0.569	NA	NA	NA	NA	NA	NA	-0.343	-0.432	NA	-0.562	0.108	0.394	0.535	0.194	1.142	0.057
10	52615022	rs12414527	NA	NA	NA	NA	NA	-0.664	-0.222	-0.170	-0.696	-0.336	-0.072	-0.306	-0.794	-0.943	-0.650	-0.758	-0.614	0.627	-0.024	0.535	0.208	-1.025	-0.579	-0.657	-0.956	-1.232
10	83409391	rs7920427	NA	NA	-1.187	NA	NA	NA	-0.940	-1.442	-0.845	-0.834	-1.259	NA	NA	NA	NA	NA	-1.388	-0.469	-0.641	-2.438	-1.676	-0.821	-1.409	-1.306	-0.670	-0.384
10	94208397	rs61875362	NA	2.046	2.052	1.895	NA	1.406	1.301	-0.244	-0.365	-0.499	0.181	-1.878	-1.514	-1.713	-0.786	-2.226	0.153	0.355	0.034	0.432	0.230	-0.585	-0.691	-0.997	-0.725	-0.874
10	94463945	rs1977833	-0.079	0.502	0.948	0.448	1.270	0.582	0.683	0.959	0.059	-0.044	1.183	-0.802	-1.182	-1.590	-0.592	-1.736	1.962	0.941	1.922	2.085	1.650	-0.629	-0.440	-0.020	-0.118	-1.345
10	94498975	rs2488073	0.094	-0.105	0.600	0.148	0.358	-0.447	0.061	-0.013	0.516	0.814	-0.122	1.313	1.336	1.435	0.907	1.434	-0.263	0.199	-0.077	-0.190	-0.410	0.642	1.023	0.804	0.527	1.089
10	114729482	rs12255678	NA	1.163	0.545	2.064	1.611	0.197	1.249	0.305	0.503	0.985	-0.366	NA	NA	NA	NA	NA	0.044	0.389	-0.210	-0.818	-0.600	0.205	0.565	0.952	0.140	-0.017
10	114740617	rs7080591	0.579	0.186	0.489	0.052	0.617	0.794	1.722	1.525	2.116	1.975	1.299	0.484	-0.249	-0.067	-0.107	0.419	1.306	1.176	1.505	0.728	1.783	0.636	0.775	1.114	0.868	1.049
10	114750157	rs11196182	0.145	-0.051	0.934	-0.386	0.118	0.464	0.725	1.223	1.436	1.820	1.301	0.598	1.755	NA	1.728	0.485	0.064	0.886	-0.060	0.484	0.509	1.498	1.056	0.903	1.464	1.504
10	114752410	rs116859590	NA	NA	NA	NA	NA	NA	NA	-0.098	1.046	0.847	-0.152	NA	NA	NA	NA	NA	0.028	-1.089	-0.907	-0.378	0.151	NA	NA	NA	NA	NA
10	114758349	rs7903146	-0.098	0.694	0.002	0.429	-0.008	-0.217	0.396	-0.816	-0.705	-1.618	-0.185	-0.498	-0.056	-0.469	-1.976	-0.722	-0.081	-0.016	0.133	0.241	0.155	-0.542	-0.135	-1.219	-0.538	-0.662
10	114759445	rs11196187	0.903	-0.241	-0.264	-0.789	0.149	0.108	0.154	1.064	0.849	0.878	-0.898	0.207	NA	NA	1.612	NA	-0.240	-0.417	-0.849	-0.163	0.266	1.028	2.123	0.063	1.268	1.176
10	114773068	rs10885404	-2.591	-1.363	NA	-1.380	-1.184	-1.400	-1.385	-0.918	-1.788	-1.655	-0.461	0.978	0.852	0.883	1.467	0.997	-1.328	-0.608	0.267	-1.255	0.526	-0.705	-0.027	-0.133	-0.500	-0.591
10	114784926	rs180726800	NA	NA	NA	NA	NA	NA	NA	-1.020	-0.061	NA	NA	NA	NA	NA	NA	NA	-1.223	NA	NA	-0.510	NA	NA	NA	NA	NA	NA
10	114821554	rs11196213	-0.295	-0.451	0.402	-0.414	-0.087	-0.003	0.027	1.408	1.386	1.797	1.301	0.671	1.462	NA	2.429	1.715	1.633	1.583	1.746	1.762	1.585	1.576	1.067	1.265	1.627	1.355
10	114861304	rs10885414	-0.273	-0.854	-0.333	-1.249	0.157	-0.816	-0.998	-0.389	-1.637	-1.351	-0.341	1.016	0.432	0.702	-0.384	0.430	-0.949	-0.976	-1.100	-0.485	-0.491	1.114	1.111	-0.159	0.112	-0.055
11	898498	rs72847269	NA	NA	NA	NA	NA	NA	NA	-0.976	NA	NA	-1.761	NA	NA	NA	NA	NA	-0.689	-0.214	0.086	-1.092	NA	NA	NA	NA	-0.139	NA
11	2190418	rs11564714	-0.742	-1.179	-1.412	-0.381	NA	0.190	-1.634	-0.294	0.379	0.403	-0.261	0.641	-0.045	0.154	0.175	0.595	0.161	0.053	1.561	-0.728	0.253	1.828	2.195	0.894	1.543	1.561
11	2197286	rs4929965	1.067	0.271	0.942	0.689	0.882	1.339	1.109	0.692	0.638	-0.084	0.673	1.018	1.286	1.130	0.939	1.079	0.592	0.307	0.479	1.105	0.374	0.878	0.847	1.184	1.315	1.290
11	2632430	rs11023461	0.156	NA	NA	NA	0.031	-0.109	-0.270	0.869	0.341	-0.481	-0.007	0.684	0.223	0.255	-0.236	0.909	1.052	0.742	0.496	0.012	-0.946	0.692	0.174	-0.030	0.141	-0.165
11	2857194	rs2237895	-1.004	-0.878	-0.304	-0.097	-1.207	0.154	-0.486	-0.778	-1.514	0.701	-0.884	-0.527	-0.546	-0.802	0.061	-0.889	-1.645	-1.164	-1.119	-0.891	-1.407	-0.204	-0.633	-1.192	-1.055	-0.380
11	72460694	rs11603349	0.532	-0.420	NA	-1.122	0.199	-0.031	0.035	0.874	0.475	0.523	-0.246	0.871	-0.502	0.478	0.800	-0.140	-0.266	1.414	0.684	-0.026	-0.361	0.358	-0.016	0.214	0.115	0.010
11	72774409	rs140556226	NA	NA	NA	NA	NA	NA	NA	-2.116	NA	NA	NA	NA	NA	NA	NA	NA	-1.466	-1.185	-1.671	NA	-2.262	NA	NA	NA	NA	NA
11	85672383	rs2077815	0.659	0.191	0.202	-0.904	1.099	1.045	0.850	-0.857	-0.729	-0.223	-0.705	0.274	0.221	0.385	0.373	-0.289	-1.244	-0.414	-0.637	-0.531	-1.385	-1.435	-1.297	-1.318	-1.546	-1.802
11	100928520	rs74661790	NA	NA	NA	NA	NA	NA	-1.287	-1.516	NA	NA	-1.595	NA	NA	NA	NA	NA	-0.232	-0.615	-0.798	-0.610	NA	NA	NA	NA	NA	NA
11	118870413	rs10892319	-0.411	0.292	-0.053	0.305	-0.414	0.201	0.027	0.899	0.692	0.819	-0.563	NA	NA	1.111	1.590	-0.410	0.262	0.811	NA	1.024	1.132	0.748	0.360	0.612	0.644	0.663
11	119205830	rs12795576	-0.329	-0.447	0.382	-0.043	-0.015	0.198	-0.097	-0.920	-0.927	0.613	-0.215	1.020	0.253	0.226	0.385	-0.290	-0.397	-0.447	-0.193	-0.857	-0.310	1.156	0.579	0.502	0.718	0.705
12	4381981	rs7304270	0.203	0.516	1.279	0.553	0.541	1.215	0.806	0.878	0.689	0.001	0.802	-0.166	0.265	0.086	0.183	0.076	1.442	0.682	0.511	0.966	-0.484	1.008	1.152	1.025	1.120	1.247
12	12922524	rs117873638	NA	NA	NA	NA	NA	NA	NA	NA	NA	NA	-0.867	NA	NA	NA	NA	NA	-0.445	0.191	NA	-0.938	0.972	-0.309	-0.490	-0.062	0.475	-0.238
12	27955296	rs1050288	0.408	-0.755	-0.344	0.346	-0.656	-0.488	-0.826	-0.024	-1.697	-1.481	-0.295	-0.764	-0.348	-0.406	-0.404	-0.574	-0.005	-0.367	0.854	-0.052	0.209	0.219	0.505	0.601	0.035	0.976
12	27964881	rs57639703	0.668	0.897	0.067	1.136	0.564	0.466	-0.947	2.363	-1.107	0.788	1.398	1.185	1.340	0.855	1.102	0.698	1.957	0.968	2.537	1.273	1.429	0.645	1.251	1.709	1.771	1.069
12	66198080	rs113897089	NA	NA	NA	NA	NA	-1.199	-1.342	-0.240	-0.657	-0.002	-0.875	NA	NA	NA	NA	NA	-0.829	-0.992	-0.173	-2.005	-1.094	-0.429	-0.270	-0.799	-0.468	NA
12	117675697	rs12099598	0.223	1.002	0.762	0.975	0.275	0.220	0.015	0.224	0.033	0.152	0.763	0.211	-0.639	-0.582	0.419	-0.358	0.192	0.314	0.330	0.130	0.032	-0.203	-0.241	0.238	-0.073	0.021
12	121456616	rs61953351	0.462	0.340	-0.591	-0.339	-0.532	0.013	-1.066	0.292	-0.193	-0.135	0.223	NA	NA	NA	NA	-0.840	0.190	0.898	0.947	0.834	0.574	-0.303	-0.295	-0.359	-0.840	-1.739
12	125549956	rs41474647	0.089	0.157	-0.791	0.445	0.279	0.048	-0.359	-0.392	-0.093	-1.321	-0.080	-0.370	-0.930	-0.495	-0.512	-0.746	-0.414	-1.008	0.041	0.401	0.135	-0.043	0.208	0.106	0.302	0.207
13	36736992	rs1410637	0.363	0.030	0.572	0.590	0.427	0.451	0.210	-1.522	-0.696	-0.123	-1.284	NA	NA	NA	NA	NA	-0.867	-0.449	-0.884	-0.781	-0.682	-1.398	-1.607	-1.475	-1.678	-1.093
13	72430774	rs17791187	NA	NA	NA	NA	NA	NA	-0.123	-0.430	0.532	0.499	0.265	NA	NA	NA	NA	NA	1.343	0.658	0.829	0.728	0.710	0.822	NA	1.079	NA	NA
13	95244117	rs148432496	NA	NA	NA	NA	NA	NA	NA	-0.725	NA	NA	NA	NA	NA	NA	NA	NA	-1.274	NA	-0.850	-0.733	0.053	NA	NA	NA	NA	NA
14	34746498	rs55721115	-2.048	-0.692	-2.252	-1.676	-1.949	-2.169	-1.136	-1.732	-1.476	-1.177	-1.090	0.714	1.577	2.218	2.762	1.836	0.033	-1.193	-0.193	0.428	0.575	-0.057	-0.549	-0.132	-0.043	-0.785
14	34787987	rs12889561	-0.744	-1.987	-1.462	-1.180	-0.034	-0.891	-0.746	-0.611	-0.489	-0.725	0.121	0.290	2.295	1.712	1.147	1.875	0.187	-0.491	0.184	0.563	0.667	1.067	0.384	1.004	0.476	0.078
14	60109771	rs12431381	NA	1.100	NA	0.833	0.981	0.232	-0.467	-0.161	0.515	0.358	-0.213	0.441	0.208	0.438	0.284	0.226	-0.166	-0.895	0.016	0.288	-0.053	0.725	0.682	0.609	0.552	-0.027
14	65567045	rs143017296	NA	NA	NA	NA	NA	NA	-0.083	1.376	NA	-0.537	0.585	-1.337	NA	NA	NA	NA	0.921	2.330	0.351	1.738	0.017	0.998	NA	NA	NA	NA
15	36071725	rs1391265	-0.181	0.355	0.622	-0.303	0.645	1.140	-0.166	1.981	1.491	0.450	1.557	1.664	1.104	1.954	1.341	2.507	1.510	2.174	1.261	1.486	1.849	2.060	2.114	1.599	1.898	1.548
15	37675662	rs603575	1.285	0.304	1.000	0.339	1.326	-0.065	0.712	-0.195	-0.362	-0.490	0.291	0.339	0.613	0.719	0.770	0.589	0.560	0.164	0.699	0.794	0.688	-0.358	-0.705	-0.477	-0.007	-0.632
15	46759035	rs76195986	NA	NA	NA	NA	NA	NA	-1.162	-0.929	0.002	0.064	NA	NA	NA	NA	NA	NA	-0.294	-1.071	-0.105	0.586	-0.141	-0.768	0.622	-0.483	-1.312	-1.052
15	61480392	rs28754581	1.061	1.579	1.330	1.462	1.295	1.287	1.486	1.243	1.584	1.719	0.500	-0.139	0.724	0.668	1.801	0.002	-0.645	0.069	0.410	-0.346	-0.754	-0.828	-1.131	-0.989	-0.901	-0.256
15	64800141	rs117527112	NA	NA	NA	NA	NA	NA	NA	-0.099	NA	NA	0.065	NA	NA	NA	NA	NA	-0.606	-1.018	-0.400	NA	0.084	NA	NA	NA	NA	NA
15	65102476	rs80046006	NA	NA	NA	NA	NA	NA	NA	NA	NA	NA	NA	NA	NA	NA	NA	NA	NA	0.228	NA	NA	NA	NA	NA	NA	NA	NA
15	77893832	rs56381229	0.753	2.053	2.032	1.882	1.228	0.862	1.262	0.772	1.037	1.355	0.361	2.002	2.004	1.761	1.495	2.037	0.854	1.337	0.869	0.674	1.205	1.889	2.219	2.379	2.356	2.128
15	79286808	rs74627166	NA	-0.399	-0.868	-2.255	NA	-1.303	-0.807	-0.557	-0.661	-2.194	-0.601	-1.266	NA	-1.134	NA	-0.967	-0.290	-1.293	-0.841	-0.426	-0.622	-0.598	-1.022	-0.906	-0.909	-0.597
15	90439597	rs4932262	0.932	1.128	0.430	0.905	0.961	1.321	0.362	-0.195	-0.123	-0.329	0.412	0.376	0.542	-0.228	0.306	0.517	0.110	-0.430	0.262	-0.101	-0.132	-1.001	-0.332	-0.384	-0.611	0.083
15	101064566	rs1393940	0.257	-0.100	-0.041	-0.752	-0.308	0.383	1.349	-0.632	-0.650	-1.272	-0.048	0.511	-0.187	NA	-0.049	0.161	-0.148	NA	-0.124	-0.428	0.217	-0.391	-0.426	-0.352	-0.531	-0.393
16	1244380	rs8055522	-0.576	-0.534	-0.484	-0.438	-0.910	-0.594	-0.639	-1.403	-1.110	-0.555	-0.847	-0.924	-0.543	-0.849	-1.480	-0.998	0.098	0.144	-0.456	-0.576	-1.164	-1.804	-1.494	-1.320	-1.886	-1.555
16	8216302	rs17650189	NA	NA	0.824	NA	NA	1.538	0.368	-0.483	-0.271	-0.435	-1.116	1.029	1.030	0.276	0.075	1.253	-2.086	-2.252	-2.422	-1.761	-1.933	-1.333	-1.599	-1.098	-1.896	-1.914
16	15930250	rs215584	0.134	0.579	0.396	0.178	0.105	0.395	1.194	2.824	2.763	1.445	2.093	0.723	1.164	0.653	0.321	0.953	2.216	2.346	2.332	2.389	2.328	1.226	1.652	1.548	1.508	1.318
16	53814363	rs9972653	0.824	0.799	1.143	0.971	1.179	1.465	0.999	0.278	0.504	0.116	1.609	0.500	0.941	0.405	0.776	0.764	1.537	0.226	0.795	1.127	1.812	0.724	0.324	0.687	0.651	1.156
16	57850806	rs41484850	0.202	-1.186	-2.445	-0.471	-1.438	-0.665	-1.413	-1.094	-0.146	-0.594	-0.195	NA	NA	NA	NA	NA	-0.613	0.956	0.191	-0.393	0.543	-0.579	-0.453	-1.126	-0.245	NA
16	71844460	rs140367104	NA	NA	NA	NA	NA	NA	NA	NA	NA	NA	NA	NA	NA	NA	NA	NA	0.515	NA	NA	-0.970	-0.086	0.093	-0.202	0.258	NA	-0.477
16	72071054	rs12446654	NA	NA	-0.384	NA	NA	NA	1.454	-0.061	-0.925	NA	-0.313	NA	NA	NA	-0.698	NA	-1.596	-1.663	-0.913	-0.063	-1.104	0.127	0.094	0.514	0.731	0.701
16	72139689	rs118168140	NA	NA	NA	NA	NA	NA	NA	NA	NA	NA	NA	NA	NA	NA	NA	NA	-0.462	NA	NA	-1.733	-1.104	-0.319	-0.626	NA	NA	-1.197
16	75233867	rs8056223	-0.369	-0.957	0.199	-0.112	0.790	-0.344	0.257	0.340	0.286	-0.622	0.541	1.212	0.964	0.767	0.880	1.062	-0.117	0.793	-0.145	-0.231	0.995	1.134	0.853	0.899	0.839	0.897
16	84036037	rs56106144	NA	NA	NA	NA	NA	NA	NA	NA	NA	-0.548	-1.189	NA	NA	NA	NA	NA	-1.130	0.607	0.129	0.099	NA	NA	NA	NA	-0.131	NA
17	4673713	rs117384765	NA	NA	NA	NA	NA	NA	NA	-0.677	0.851	NA	NA	NA	NA	NA	NA	NA	-0.715	-1.010	-0.852	-0.523	-1.113	-0.124	-0.916	NA	-0.472	-0.452
17	5743572	rs11650597	-0.996	-0.218	0.185	-0.487	-0.870	-0.184	0.247	0.552	0.721	0.301	0.001	-1.451	-0.683	-1.073	-0.793	-1.164	0.108	0.581	0.518	0.223	0.089	-0.737	0.017	-0.831	-0.946	-0.144
17	11880844	rs148876757	NA	NA	NA	NA	NA	NA	-0.853	-1.442	-1.389	NA	-1.305	NA	NA	NA	NA	NA	-0.629	0.167	-0.956	-1.459	-0.879	NA	NA	NA	NA	NA
18	42048046	rs112279988	NA	NA	NA	NA	NA	NA	NA	NA	NA	NA	NA	NA	NA	NA	NA	NA	-0.656	NA	NA	NA	-1.369	NA	NA	NA	NA	NA
18	62549673	rs9676063	0.028	1.098	1.138	0.429	0.724	0.952	0.413	0.291	0.076	0.461	0.190	-0.194	NA	0.155	NA	-0.362	0.825	-0.575	0.399	0.394	0.300	-0.471	-0.344	-0.370	-0.269	-0.449
18	62771853	rs176151	-0.083	0.863	0.074	-0.616	-1.280	-0.875	-0.349	1.732	1.523	1.814	1.782	1.280	0.847	0.905	1.639	1.339	1.780	1.891	1.965	1.285	1.603	0.225	0.701	0.201	0.254	0.051
18	65018586	rs56173039	NA	NA	NA	NA	NA	NA	NA	-0.157	-1.312	-1.109	-1.249	NA	NA	NA	NA	NA	-0.262	0.831	-0.234	-0.353	-0.346	NA	NA	NA	0.417	NA
19	19366632	rs72999033	NA	NA	NA	NA	NA	1.117	NA	-0.514	-0.151	-0.968	NA	NA	NA	NA	NA	0.591	-1.297	-0.649	0.624	-0.243	1.194	-0.055	-0.933	-0.467	NA	0.369
19	19658472	rs16996148	1.694	1.107	0.597	0.866	1.600	1.509	1.354	0.699	1.011	-0.265	0.587	-0.124	0.360	0.262	-0.594	0.430	0.159	0.450	-0.471	0.295	0.828	-0.032	0.306	0.094	1.035	0.376
19	47579613	rs4804023	-0.291	-0.357	0.393	-0.312	0.323	-0.142	0.320	-0.421	-0.407	0.346	-0.089	0.107	-0.286	-0.845	-0.746	0.522	-0.670	-0.161	-0.823	-0.524	-0.699	0.505	0.251	0.342	0.377	1.058
20	11803288	rs142719865	NA	NA	NA	NA	NA	NA	NA	-1.240	NA	NA	NA	NA	NA	NA	NA	NA	-0.680	NA	-1.052	0.549	NA	0.417	NA	NA	NA	NA
20	57414140	rs6064714	0.637	0.804	2.206	0.744	0.502	0.911	0.349	0.543	0.257	0.815	0.858	NA	NA	NA	NA	NA	1.108	1.076	1.071	0.791	1.138	0.759	0.301	0.268	0.639	-0.028
20	62216808	rs311500	-0.333	-0.915	-0.646	0.081	-0.081	-0.369	-0.187	0.082	1.705	0.512	-0.657	1.674	0.120	0.149	-0.172	-0.127	0.559	1.678	-0.599	-0.192	-0.035	0.934	1.720	1.053	0.600	1.548
20	62291061	rs147054744	NA	NA	NA	NA	NA	NA	NA	NA	NA	NA	NA	NA	NA	NA	NA	NA	-1.171	NA	NA	NA	NA	NA	NA	NA	NA	NA
22	32378613	rs116989257	NA	NA	NA	NA	NA	0.526	NA	0.776	1.451	0.591	-0.724	NA	NA	NA	NA	NA	-0.503	-0.168	-1.204	-0.731	-1.596	-0.003	-0.181	-0.258	-0.133	0.557
22	37140424	rs9607378	-0.162	-0.927	-1.104	-0.649	-0.011	-0.416	-0.743	-1.061	0.350	0.631	-1.271	-1.214	-1.024	-2.348	-1.021	-0.863	-1.463	0.674	-1.564	-1.491	-1.313	-0.441	-0.926	-1.558	-1.279	-0.849
