chr	pos	bstat
1	4591085	992
1	6044174	774
1	28684075	457
1	28786793	406
1	39622588	100
1	40035928	228
1	63486692	904
1	101892992	907
1	176797234	704
1	200261488	860
1	201356883	911
1	203339307	917
1	215848641	867
2	10085631	917
2	35592060	975
2	40600407	900
2	50817844	922
2	119296554	923
2	130658715	958
2	152978803	526
2	165762918	665
2	166687153	507
2	171112236	906
2	227062080	816
3	3242152	934
3	11227421	917
3	11576112	817
3	21125288	974
3	23137405	962
3	23208322	940
3	23457080	895
3	28557092	685
3	48904518	1
3	49424237	1
3	49824756	1
3	65929209	930
3	100597568	736
3	123065778	783
3	168126583	830
3	168221778	910
3	168268220	942
3	171920203	894
3	185274780	656
3	185503456	764
3	187406785	850
4	36029238	828
4	45748251	865
4	63437707	956
4	65559568	959
4	79169222	621
4	96275340	897
4	125649548	804
4	131635046	987
4	135703390	967
4	142825295	908
4	182072284	961
5	25882488	993
5	31813643	957
5	34685190	910
5	102356291	247
5	112326410	581
5	145784717	795
5	157710458	909
5	173767791	988
6	20627891	899
6	20679709	893
6	23379359	984
6	33400289	372
6	79831619	590
6	98195269	896
6	118080669	693
6	152099434	922
6	164053535	946
7	10968316	815
7	28149033	907
7	40591886	703
7	130420740	757
7	156505044	931
8	10817430	911
8	11272256	940
8	18406551	801
8	23253407	759
8	29700134	942
8	41488092	621
8	41505849	630
8	83967974	938
8	115215346	925
8	115467391	945
8	118183825	914
8	118217915	907
8	118235203	950
9	8082557	968
9	22134068	975
9	22136440	972
9	71408917	767
9	112227529	755
9	127642136	338
9	128809943	797
9	128823223	824
10	6470994	917
10	24290872	956
10	36348723	946
10	52615022	768
10	83409391	938
10	94208397	365
10	94463945	466
10	94498975	590
10	114729482	906
10	114740617	906
10	114745788	927
10	114750157	895
10	114752410	898
10	114758349	907
10	114759445	903
10	114773068	834
10	114784926	809
10	114821554	922
10	114861304	903
10	114916586	838
11	898498	884
11	2190418	988
11	2197286	988
11	2632430	976
11	2857194	982
11	72460694	618
11	72774409	483
11	85672383	356
11	100928520	834
11	118870413	434
11	119205830	349
12	4381981	946
12	12922524	900
12	27955296	840
12	27964881	883
12	66198080	793
12	117675697	856
12	121456616	579
12	125549956	934
13	36736992	861
13	72430774	940
13	95244117	650
14	34746498	937
14	34787987	951
14	60109771	601
14	65567045	483
15	36071725	892
15	37675662	832
15	46759035	859
15	61480392	932
15	64800141	166
15	65102476	506
15	77893832	564
15	79286808	895
15	90439597	837
15	101064566	870
16	1244380	900
16	8216302	983
16	15930250	849
16	53814363	822
16	57850806	881
16	71844460	82
16	72071054	170
16	72139689	134
16	75233867	830
16	84036037	946
17	4673713	783
17	5743572	928
17	11880844	640
18	42048046	866
18	62549673	988
18	62771853	879
18	65018586	958
19	6652123	952
19	19366632	552
19	19658472	476
19	47579613	612
20	11803288	781
20	57414140	809
20	61588472	840
20	62216808	856
20	62291061	794
22	32378613	622
22	37140424	951
