chr	pos	bstat
1	6678864	509
1	51243374	369
1	60966772	888
1	78387270	259
1	92106637	839
1	92381483	616
1	111737398	763
1	155137395	101
1	198898157	591
1	201884647	448
1	218521609	762
1	219853742	885
2	15906854	949
2	26842146	717
2	56096892	607
2	102926362	653
2	145797829	786
2	157016257	508
2	187530520	447
2	201208692	584
2	217614730	946
2	218683154	775
3	29469675	920
3	55152319	872
3	57879611	189
3	73862616	982
3	169295436	824
4	7879027	976
4	75676529	900
4	79403952	413
4	106133184	578
5	95025146	732
5	121410529	828
5	128767384	799
5	148652302	726
5	179598771	923
6	6741932	981
6	7563232	674
6	22017543	967
6	28301099	527
6	45530471	899
6	56336406	159
6	73663814	886
6	140271357	716
6	142560957	808
7	7256490	819
7	15872324	929
7	99692993	73
7	116431427	405
7	156127246	993
8	9018590	888
8	11823332	970
8	70367248	951
9	4120648	856
9	23587027	940
9	98266855	791
9	98878881	885
9	101632854	894
9	109483517	842
9	119234058	671
10	30268770	969
10	75639578	148
10	78312002	661
10	81706324	905
10	124297637	911
11	35308988	556
11	73036179	442
11	126009500	863
12	19808912	954
12	56396768	168
12	57527283	409
12	65075332	845
12	95554771	455
12	114669870	966
13	99665512	583
13	109918493	988
14	23429729	374
14	54346010	841
14	84338431	943
15	41840238	239
15	49409527	373
15	67491274	499
15	71803450	932
15	73833600	678
15	84274591	768
16	4361138	803
16	58063513	693
16	86579223	958
17	3882613	468
17	59286644	689
18	8801351	886
18	19816712	824
19	31829613	841
20	10745545	922
20	25282608	602
20	30858967	168
21	35675966	903
22	18448113	896
22	20790723	794
22	28181399	872
