chr	pos	RSNUM	ESN	GWD	LWK	MSL	YRI	ACB	ASW	CLM	MXL	PEL	PUR	CDX	CHB	CHS	JPT	KHV	CEU	FIN	GBR	IBS	TSI	BEB	GIH	ITU	PJL	STU
1	6678864	rs9661802	0.810	1.086	0.943	1.218	0.402	0.845	1.497	1.295	1.373	1.812	2.002	1.904	1.845	2.121	1.458	1.346	1.430	1.938	2.069	1.681	1.759	2.321	2.257	1.728	1.829	1.533
1	51243374	rs1416685	0.171	0.025	0.202	-0.211	-0.124	0.459	0.277	-0.206	-0.471	-2.266	0.059	NA	1.339	0.147	1.469	1.530	-0.083	0.055	0.629	0.241	0.388	-1.412	-1.377	-0.987	-0.886	-2.442
1	60966772	rs72673461	0.532	1.892	1.243	1.244	0.793	1.151	0.152	1.422	1.056	-0.397	-0.028	1.088	1.692	2.011	1.153	NA	0.607	0.737	1.046	1.161	1.657	0.638	1.464	2.070	-0.062	1.343
1	78387270	rs9661687	0.144	0.132	-0.314	-0.720	0.158	-0.439	0.115	1.526	0.959	0.686	0.686	0.635	-0.894	-0.502	-0.746	-0.489	-1.028	-1.332	-0.567	-0.679	-0.586	0.193	0.190	1.001	0.685	0.618
1	92381483	rs11165787	-0.382	-1.027	0.885	-0.984	NA	0.401	-0.592	0.429	-0.127	0.591	0.092	0.575	0.207	0.183	0.636	-0.120	0.303	-0.182	0.253	-0.146	-0.287	0.018	0.198	-0.014	0.132	-0.057
1	111737398	rs9970286	-0.788	-0.375	-0.265	-0.677	-0.183	-0.197	-1.289	0.105	0.225	-0.109	-0.873	-0.735	-1.004	-0.561	-0.114	-1.323	-0.389	-0.538	-0.642	-0.707	-0.696	-0.612	-0.356	-0.204	-0.474	-0.480
1	155137395	rs141942982	0.947	1.452	0.416	0.713	1.197	0.456	0.278	1.139	1.185	1.796	1.106	0.946	0.253	0.781	NA	0.454	-0.004	1.043	0.498	0.624	0.508	0.922	0.846	0.950	1.179	0.250
1	198898157	rs10919604	-0.280	-1.087	0.039	-1.241	-1.012	-0.540	0.049	0.020	0.740	-0.090	1.209	-1.038	-0.910	-0.567	-0.700	-0.509	2.465	2.011	1.769	2.421	1.824	-0.482	-0.493	0.015	0.428	0.359
1	201884647	rs4309038	0.793	0.706	0.277	0.528	0.526	0.601	0.173	-0.269	-0.492	-0.446	-0.421	0.381	0.577	0.537	1.551	0.385	0.416	-0.683	-0.083	0.039	-0.121	0.633	1.532	1.446	1.651	0.604
1	218521609	rs2799098	-0.900	-1.198	0.395	0.087	-0.895	-1.048	-0.849	-0.202	-0.074	-0.395	-1.529	-0.120	-0.136	0.198	-0.597	-1.102	0.990	0.406	0.949	0.307	0.530	0.476	0.558	0.509	0.349	0.746
1	219853742	rs1338227	-0.349	-0.618	0.904	-1.384	0.057	0.630	-0.459	-1.911	-1.974	-1.255	-1.574	-0.191	-0.315	0.513	0.509	-0.035	-1.813	-1.290	-1.618	-1.504	-1.925	-1.863	-1.860	-2.361	-2.076	-1.334
2	15906854	rs2544536	0.210	1.508	-0.124	0.891	0.463	0.403	0.415	1.078	1.307	1.151	1.200	0.571	0.661	0.634	0.456	-0.016	-0.142	-0.269	0.330	-0.387	0.320	-0.387	-0.034	-0.310	-0.067	-0.449
2	26842146	rs732990	-0.847	-1.357	-0.473	-0.288	-0.312	-0.716	-0.774	0.128	1.443	1.233	-0.938	1.368	-0.228	-0.450	-0.058	0.289	-0.160	-0.116	-0.020	-0.492	-0.527	-0.091	-0.154	0.625	0.359	0.612
2	56096892	rs3791679	0.250	-1.076	NA	NA	-0.406	-0.057	-0.109	0.241	0.857	1.169	-0.191	-1.136	-0.850	-0.571	-0.979	-0.795	-0.221	0.200	0.461	-0.171	-0.223	-0.298	-0.103	-0.176	-0.303	-0.526
2	102926362	rs12470864	1.177	0.429	0.828	0.737	0.479	0.614	-0.068	0.010	1.590	2.185	1.065	-0.053	0.522	-0.118	-0.095	0.358	0.237	0.135	0.327	0.075	0.659	0.644	0.333	0.129	0.426	0.254
2	145797829	rs1406225	0.883	0.736	0.525	1.084	0.232	0.200	0.975	0.807	0.753	-0.472	0.398	-0.257	0.404	0.771	-0.008	0.232	0.566	0.002	0.499	0.771	0.538	0.836	1.142	1.004	0.359	0.542
2	157016257	rs72902177	-0.446	-0.692	-0.030	-0.670	-0.772	-0.657	-0.257	-0.148	-0.246	0.044	-0.824	0.568	0.881	0.833	0.342	1.130	0.940	0.548	-0.675	0.029	-0.140	-0.097	0.732	0.888	0.123	-0.034
2	187530520	rs2084448	1.368	1.716	-0.436	1.172	0.605	1.022	0.664	-0.499	-0.896	-0.719	-0.791	0.108	-0.348	-0.417	0.607	-0.221	-0.722	-0.356	-0.884	-0.785	-0.731	0.190	-0.142	-0.355	-0.333	-0.269
2	201208692	rs985256	1.933	0.501	1.400	0.618	1.004	2.069	1.239	0.005	0.146	-0.919	0.476	2.237	1.116	2.116	1.000	1.474	0.864	0.528	1.223	1.252	0.970	-0.214	-0.742	-0.408	-1.176	-0.642
2	217614730	rs6435952	-2.037	-0.923	-0.672	-0.876	-1.292	-1.678	-1.347	0.061	1.078	1.073	0.006	0.448	1.052	1.075	-0.069	0.592	0.536	0.015	-0.017	-0.287	0.158	0.651	0.131	0.782	0.532	0.389
2	218683154	rs2571445	-1.917	-1.847	-1.105	-1.785	-0.407	-1.114	-2.757	-2.110	-0.781	-0.040	-3.481	-0.786	-1.691	-1.123	-1.242	-0.923	-2.005	-1.841	-2.842	-2.186	-2.125	-2.302	-2.047	-1.771	-2.803	-1.605
3	29469675	rs17666332	1.012	0.174	NA	NA	-0.166	1.361	0.006	-0.741	-1.173	-0.366	-0.448	-1.173	-1.068	-1.146	0.055	-0.906	0.167	0.241	-0.350	-0.150	0.084	-1.613	-1.354	-1.434	-0.576	-1.317
3	55152319	rs12715478	-0.383	-0.331	-0.254	-0.025	-0.140	-0.033	-0.291	0.542	0.084	-1.115	0.956	-0.013	0.338	-0.853	-0.374	-0.306	0.886	1.016	0.886	1.445	0.998	0.022	1.113	-0.265	0.509	0.106
3	57879611	rs6445932	1.845	2.095	3.349	0.834	1.469	1.306	1.392	-1.498	-0.627	0.185	-0.150	-0.688	0.008	-0.044	-0.630	-0.491	-0.557	NA	-1.877	-0.235	-1.156	-1.584	NA	-1.255	-2.030	-1.034
3	73862616	rs586936	0.053	-0.279	-0.950	-0.266	-0.646	-0.826	-0.816	0.257	0.909	2.654	0.722	0.900	0.913	0.999	0.986	0.401	1.203	1.050	1.061	1.331	0.740	0.584	-0.038	-0.084	0.200	0.072
3	169295436	rs78101726	-0.480	0.369	1.709	0.571	1.138	1.537	0.791	-0.782	-0.434	0.576	-0.970	-0.346	-0.336	0.132	-0.397	-0.302	-0.591	-1.193	-0.933	-0.258	0.118	-0.019	0.470	0.610	0.310	1.003
4	75676529	rs62316310	0.051	0.908	0.313	0.148	-0.539	-0.122	0.622	0.592	0.713	0.767	-0.322	-0.067	0.145	0.354	NA	-0.793	0.295	0.556	0.180	-1.007	-0.138	0.806	1.054	0.560	0.603	1.145
4	79403952	rs11098196	-0.296	1.147	-0.363	0.803	0.528	0.654	0.887	-0.109	-0.132	-0.073	0.088	1.630	2.561	2.005	1.483	1.627	0.644	0.575	1.053	0.658	1.462	1.522	1.197	1.401	1.671	1.156
4	106133184	rs6533183	-0.921	-1.585	-0.227	-0.765	-1.793	-0.333	-0.164	1.238	0.739	-0.419	1.104	-0.004	-0.297	-0.249	0.005	0.013	0.827	0.129	0.795	1.174	1.072	1.384	1.141	0.432	0.235	1.174
5	95025146	rs987068	NA	-1.071	-0.992	NA	-2.137	-0.761	-0.009	-1.876	-1.338	-0.778	-1.419	-0.459	0.004	-0.781	0.852	0.674	-1.074	-0.843	-1.870	-0.547	-1.695	-1.135	-0.908	-1.314	-1.330	-0.754
5	121410529	rs10059661	0.108	0.970	1.794	0.930	0.551	1.882	1.416	1.321	0.843	0.414	1.215	1.624	0.086	0.664	1.073	0.930	1.195	1.539	2.232	1.765	2.278	2.913	2.211	3.323	2.608	2.703
5	128767384	rs17163397	-1.159	-1.373	-0.533	-1.484	-0.869	-1.632	0.176	0.656	1.231	0.319	1.470	NA	0.060	NA	0.735	-0.550	0.779	1.354	0.691	0.296	0.974	1.185	1.022	1.593	1.728	1.215
5	148652302	rs11952673	1.031	1.189	-0.654	2.060	1.125	-0.027	-0.562	-1.058	-1.216	-0.042	-0.708	-1.322	-0.689	-0.926	-0.551	-1.257	-1.356	-0.692	-0.907	-0.823	-0.321	-0.772	-1.167	-1.092	-2.300	-1.141
5	179598771	rs79898473	1.135	1.551	1.261	1.311	1.212	1.037	1.101	0.729	0.863	0.722	1.186	0.799	0.393	0.784	0.635	0.598	0.538	0.238	0.189	0.593	0.816	0.385	0.605	0.225	0.525	0.447
6	6741932	rs1294417	0.373	0.107	-0.241	-0.490	-0.138	-1.709	-0.455	0.543	0.633	0.493	0.635	0.365	0.209	0.064	0.905	0.259	-0.495	-0.563	0.042	0.388	-0.260	0.711	0.149	0.120	0.796	0.750
6	7563232	rs2076295	-1.080	-0.818	0.068	-1.161	-0.986	-0.888	0.015	1.247	1.697	1.504	1.202	1.252	1.199	1.140	1.662	0.860	0.958	0.206	0.661	0.850	0.679	1.130	0.957	1.246	0.751	0.982
6	22017543	rs13198081	-0.455	-0.177	-0.313	-0.719	-0.581	-0.056	-0.619	-0.317	0.549	0.212	-0.149	1.220	1.087	1.265	-1.492	0.384	0.080	-0.427	-0.321	-0.410	-0.430	0.268	-0.390	0.492	-0.269	0.344
6	28301099	rs7752448	1.246	1.870	0.810	1.127	0.764	0.487	1.444	1.892	2.030	0.429	0.736	NA	0.035	NA	NA	-0.814	NA	NA	NA	NA	0.127	NA	NA	0.684	0.803	NA
6	45530471	rs12202314	0.112	0.446	-0.563	0.371	0.022	-0.048	-0.100	-0.323	-0.119	-0.825	0.608	-0.013	-0.012	0.257	-0.182	-0.254	0.869	0.208	0.902	0.652	0.844	1.790	2.024	1.929	1.947	1.066
6	73663814	rs13206405	0.312	0.146	1.217	0.054	0.705	0.724	0.775	0.693	0.226	0.277	0.662	-0.921	-0.562	-1.458	-0.550	-1.450	1.201	0.799	1.089	0.969	1.393	-0.318	0.649	0.823	0.733	-0.058
6	140271357	rs1102077	-1.010	-0.306	-0.967	-0.753	-0.893	-1.117	-1.564	-1.264	-0.241	-0.209	-1.964	-0.963	-0.122	-0.624	-1.246	-0.391	-0.977	-0.419	-1.651	-1.134	-1.475	-1.882	-1.751	-1.691	-1.595	-2.005
6	142560957	rs9385988	0.327	0.175	-0.101	0.835	0.272	0.120	-0.575	-0.112	0.105	0.103	-0.349	-2.253	-1.424	-1.026	0.029	-0.449	-0.047	0.969	-0.446	0.510	0.712	0.545	0.185	1.225	0.667	1.239
7	7256490	rs4318980	-2.395	-1.336	-0.564	-0.505	-1.647	-1.054	-1.032	-0.056	0.543	0.160	-1.107	-1.095	-0.940	-1.787	-2.223	-2.104	-0.993	-0.849	-0.560	-1.115	-0.638	-0.959	-0.972	-1.285	-0.927	-0.414
7	15872324	rs4721457	0.457	0.869	0.559	1.218	0.366	0.750	0.772	0.799	0.374	-0.486	0.072	1.577	0.509	0.685	0.822	0.972	0.657	0.797	0.231	0.887	0.934	0.618	0.271	0.825	0.365	0.459
7	99692993	rs2261360	-0.257	0.203	-0.191	0.969	0.333	0.627	0.380	-2.022	-0.543	-1.215	-0.861	0.171	-0.027	-0.062	0.078	0.260	0.079	1.240	0.774	0.672	-0.295	1.524	1.345	0.964	0.842	0.482
7	156127246	rs12698403	0.623	1.616	1.790	1.174	1.206	1.134	0.858	0.142	-0.843	0.256	0.086	0.714	1.172	1.297	1.079	0.629	-0.873	0.280	-0.935	0.101	-0.282	0.246	0.196	-0.535	-0.147	-0.017
8	9018590	rs330939	-0.932	-0.169	0.684	0.381	-0.713	-0.321	0.565	0.520	-0.433	-0.384	0.518	-0.764	-0.362	0.046	-0.084	-0.073	1.221	0.923	1.082	0.926	0.737	0.551	1.094	0.428	0.653	0.641
8	11823332	rs4128298	-1.554	-0.550	-0.325	-0.164	-1.226	-0.419	0.054	-0.362	0.622	-0.060	-0.435	-0.280	-0.266	NA	NA	-0.163	-1.236	-0.974	-0.868	-1.025	-0.593	-0.204	-0.103	-0.128	0.084	-0.379
8	70367248	rs7465401	1.882	1.175	0.960	0.542	1.591	0.837	0.197	-0.437	-0.623	-1.094	0.022	0.112	-0.521	-0.754	-0.308	-0.074	0.053	-0.539	0.039	0.722	0.610	0.200	0.200	0.188	0.289	0.141
9	4120648	rs1570203	0.017	-0.225	-0.098	0.262	-0.187	-0.433	-0.432	0.563	1.087	1.333	0.159	0.318	0.879	1.063	0.789	0.695	0.217	0.347	0.386	0.814	0.226	0.165	0.105	-0.051	-0.492	-0.193
9	23587027	rs1107677	-0.916	-0.429	-1.055	-0.202	-0.596	NA	-1.323	0.067	-0.025	-0.162	-0.049	-0.756	-0.628	-0.885	0.076	-0.076	0.245	0.843	0.012	0.200	NA	1.175	0.944	0.868	0.805	0.466
9	98878881	rs72743974	-0.170	-0.290	-0.217	-0.674	-0.596	0.095	0.166	-0.080	-0.535	-0.937	0.323	0.618	0.075	0.400	0.820	0.749	0.592	0.694	0.654	0.652	0.069	-0.065	-0.311	-0.132	0.244	0.015
9	101632854	rs57649467	-0.765	-0.845	-0.871	-0.711	-1.022	-0.520	-0.560	-0.790	-0.459	-0.725	-0.906	-0.687	-0.361	-0.461	0.133	-0.595	-0.892	-0.988	-0.927	-0.390	-0.365	-0.474	-1.099	-0.311	-1.279	-0.599
9	109483517	rs1491106	-1.157	-0.738	-0.688	-1.073	-1.132	-1.141	-0.690	-0.658	-1.412	-0.645	-1.104	-1.952	-1.143	-1.812	-0.076	-1.375	-1.044	-0.876	-1.473	-0.942	-0.811	-1.452	-1.617	-1.644	-1.526	-1.474
9	119234058	rs10983184	0.868	0.355	0.520	1.059	1.412	0.897	0.814	0.926	1.773	2.070	0.725	1.548	1.621	1.846	1.623	1.698	0.487	-0.177	0.212	0.077	-0.029	1.798	1.674	1.333	1.585	1.315
10	30268770	rs7914842	-0.514	-0.918	-0.298	-0.771	-0.414	-1.259	-1.500	0.008	0.594	0.231	-0.048	0.477	1.279	1.627	1.589	1.606	-0.396	0.314	-0.497	-0.382	-0.696	0.061	-0.224	-0.020	-0.338	-0.066
10	75639578	rs60820984	1.674	1.303	1.402	1.449	1.374	1.116	0.788	0.474	0.228	-0.546	0.837	0.986	0.223	0.273	-0.315	0.431	0.124	0.566	0.049	0.232	0.574	0.210	0.642	0.369	-0.103	0.302
10	78312002	rs2637254	-0.147	-0.381	-0.417	-0.102	0.571	0.126	0.555	1.452	1.096	1.906	1.615	0.211	0.045	0.208	-0.029	0.329	0.736	0.925	0.588	1.027	1.065	1.094	1.355	0.845	1.492	1.340
10	81706324	rs721917	-1.807	-1.727	-0.784	-1.813	-1.478	-1.355	-1.222	-0.224	-0.043	-0.753	0.223	-0.142	-0.442	-0.282	-0.702	-0.176	0.353	0.618	0.421	-0.114	-0.029	0.302	0.837	0.242	0.327	0.608
10	124297637	rs4279944	2.077	2.405	1.237	1.498	1.779	1.911	1.991	0.940	0.433	0.316	0.811	0.264	-0.186	0.206	-0.078	0.306	1.232	1.133	0.914	1.255	1.154	0.434	0.544	0.320	0.691	0.572
11	35308988	rs10836366	0.883	-0.494	1.045	-0.421	0.482	-0.076	-0.281	0.949	0.521	0.719	0.348	-1.344	0.269	-0.211	0.216	-0.796	-0.092	0.543	-0.413	0.671	-0.139	-1.040	-0.345	-0.713	-0.407	0.283
11	73036179	rs2027761	1.479	2.955	0.261	1.146	2.522	0.885	2.116	2.122	1.682	1.653	2.361	0.443	0.829	0.453	0.383	0.858	0.683	-0.667	0.646	1.780	1.930	2.199	2.303	1.494	1.361	2.202
11	126009500	rs541601	0.067	0.032	1.593	1.145	1.010	1.389	1.424	1.219	1.610	1.370	2.033	-0.065	0.472	0.074	1.049	-0.241	3.073	1.408	2.761	2.101	2.530	0.740	1.216	0.914	0.873	1.070
12	56396768	rs1689510	0.797	0.072	2.107	1.291	0.633	0.773	1.227	0.593	0.829	0.391	0.004	0.112	0.077	0.027	-0.124	-0.036	-0.262	-0.329	-0.402	-0.116	0.009	1.003	1.317	1.151	0.728	1.101
12	57527283	rs11172113	-0.276	-0.318	-1.123	-0.485	-0.201	-0.509	-0.521	1.030	0.885	1.145	1.201	0.645	0.716	0.285	-0.640	0.553	1.125	0.773	1.614	1.133	1.162	-0.007	0.724	0.291	0.448	-0.461
12	65075332	rs1244869	-0.275	-0.549	-0.517	0.030	0.301	-0.224	-0.386	-0.797	-0.480	0.006	-1.355	0.186	-0.761	-0.102	0.159	0.040	-1.253	-1.230	-1.228	-1.046	-1.615	-0.418	-1.257	-1.288	-1.475	-1.174
12	95554771	rs113745635	-1.023	1.269	-1.298	0.500	0.121	-0.767	-0.280	-0.638	-0.797	0.667	-1.974	-2.645	-2.126	-2.763	-2.661	-3.292	-2.923	-2.229	-1.762	-1.890	-2.189	-0.473	-0.451	-1.162	-0.910	-1.347
12	114669870	rs2701110	0.506	1.019	0.665	1.489	1.023	1.324	0.083	-1.442	-1.125	0.681	-1.160	-0.792	-0.490	-0.359	-0.146	-0.197	-0.979	-0.442	-0.570	-0.693	-0.831	-0.896	-0.930	-1.000	-0.954	-1.136
13	99665512	rs11620380	NA	-0.696	NA	0.420	NA	NA	-0.808	-0.678	-0.287	1.397	-0.767	NA	-1.030	0.431	NA	4.026	-1.322	-1.876	-1.621	-1.446	0.033	-2.217	-2.493	-2.971	-2.640	-2.075
14	23429729	rs1951121	0.276	0.289	-0.029	-0.707	-0.448	0.137	0.298	0.743	1.318	2.308	1.618	2.873	2.176	1.899	1.796	2.421	1.017	1.530	1.385	1.603	1.867	1.483	1.533	1.196	2.159	1.407
14	54346010	rs74053129	0.001	1.699	NA	0.238	1.719	NA	0.679	-1.166	-0.543	-0.932	0.466	-0.405	-0.601	-0.731	-0.711	-0.950	0.046	0.688	NA	0.807	-0.606	-0.100	-0.069	-0.015	-0.330	-0.185
14	84338431	rs1756281	-0.476	-0.868	-1.347	-1.369	-0.835	-0.770	-1.100	-1.361	-0.518	1.175	-1.844	-0.423	-0.599	-0.819	-0.674	-0.352	-1.762	-1.662	-2.037	-1.704	-2.221	-0.940	-0.801	-0.406	-1.036	-0.706
15	41840238	rs2012453	-0.160	-0.744	-0.442	-0.663	-0.529	-0.540	-0.105	-0.497	-0.983	-1.365	0.561	-0.837	-0.222	0.489	1.080	-0.282	0.681	0.348	0.409	0.245	0.369	0.006	0.130	-0.155	0.251	-0.500
15	49409527	rs79234094	-0.215	NA	2.403	NA	NA	0.826	0.862	0.572	-0.004	0.007	-0.383	-1.600	-1.722	-1.749	-1.639	-0.605	0.646	0.026	0.137	-0.944	-1.640	-0.597	-2.822	-1.277	-0.907	-0.269
15	67491274	rs12917612	0.174	1.652	0.077	0.696	2.105	-0.740	-0.414	-0.327	-0.860	-0.727	-0.168	-0.886	-1.318	-0.374	-0.989	-0.898	0.524	0.064	0.187	0.323	0.082	-0.903	-0.949	-1.003	-0.599	-0.993
15	71803450	rs62015883	-0.622	-0.543	0.533	-0.819	-1.560	-0.708	-1.087	1.647	1.017	0.982	1.394	0.130	0.633	NA	NA	0.882	1.819	1.633	1.645	1.675	1.498	1.244	1.633	1.525	1.921	1.504
15	73833600	rs7176074	-1.405	-0.451	-0.820	-1.424	-1.792	-0.986	-1.313	-0.728	0.410	0.480	-0.804	0.275	0.631	0.268	0.416	0.874	0.844	1.213	1.241	-0.045	0.005	1.350	0.671	-0.201	0.291	0.340
15	84274591	rs1896797	1.602	1.469	0.707	1.889	1.282	0.441	-0.477	-0.206	0.108	1.431	-0.971	-0.431	-1.273	-0.846	-0.835	-1.019	-0.434	-0.426	-0.716	-0.801	-0.613	0.169	0.339	0.744	-0.131	-0.087
16	4361138	rs56104880	-0.972	-0.141	0.063	-0.684	-0.737	-0.446	-0.998	-1.037	-0.329	-0.106	-0.710	-1.265	-1.320	-2.782	-2.308	-1.524	-0.914	0.028	-0.478	-0.674	-0.649	-2.019	-0.895	-0.750	-0.673	-0.840
16	58063513	rs11648508	0.691	0.582	0.353	0.548	0.629	0.665	-0.002	0.807	1.537	2.854	0.018	0.123	0.361	0.355	0.905	-0.176	-0.462	0.266	-0.267	-0.493	-1.045	-0.241	-0.797	-0.431	-0.420	-1.184
16	86579223	rs6539952	0.121	0.145	0.087	1.425	-0.521	0.506	1.341	0.672	-0.172	-0.070	0.885	1.218	0.005	0.845	0.645	1.149	0.968	2.503	1.978	1.536	1.939	1.274	1.708	1.524	1.797	1.401
17	3882613	rs8082036	0.443	0.219	-0.496	0.325	-0.427	0.053	-0.851	-1.117	-0.718	-0.572	-1.266	-0.348	-0.648	-1.022	0.175	-0.593	-0.994	-1.510	-1.243	-0.733	-1.159	-0.272	-0.255	-0.162	-0.075	-0.209
17	59286644	rs8068952	1.414	0.391	-0.586	-0.850	0.679	-1.517	-1.651	-2.784	-2.487	-1.549	-2.079	-2.378	-1.870	-2.188	-1.786	-1.510	-2.069	-2.609	-1.583	-2.491	-2.821	-2.585	-2.766	-2.107	-2.014	-2.223
18	8801351	rs513953	-0.029	-0.901	0.002	-1.290	-0.895	-0.752	-0.215	-0.489	-1.267	1.222	-1.180	0.785	0.596	0.374	0.491	1.267	0.965	0.389	1.137	0.181	-0.482	1.783	1.795	1.619	1.504	2.525
18	19816712	rs1985511	-0.741	-0.414	0.071	-0.101	-1.054	-0.601	-1.021	-0.052	0.245	0.564	0.247	-1.075	-0.831	-0.452	-0.795	-0.870	NA	-0.992	-0.008	-0.682	-0.408	0.518	0.097	0.842	0.784	0.769
19	31829613	rs9636166	0.433	-0.831	0.445	-0.750	0.082	-0.668	-0.740	-0.230	-0.521	-0.131	-0.578	0.696	0.314	0.111	0.377	0.436	-0.355	0.752	0.288	-0.728	-0.358	-0.117	-0.239	-0.505	-0.581	-0.611
20	10745545	rs6032942	1.420	1.496	0.884	1.163	1.612	1.663	0.731	0.477	0.386	-0.005	0.513	-0.182	-0.133	-0.018	-0.108	-0.337	0.622	0.821	1.039	0.654	0.413	0.149	0.473	-0.091	0.259	-0.217
20	25282608	rs2236180	NA	-0.999	0.467	-0.781	-0.548	NA	NA	-0.442	-0.188	-0.111	0.282	0.221	-0.766	0.503	-0.611	0.515	0.170	NA	-0.787	-1.774	-1.997	0.793	1.261	0.646	1.474	0.837
21	35675966	rs62213732	1.010	0.567	0.573	1.277	1.516	0.834	0.790	0.480	0.401	0.674	0.347	-0.913	-0.772	-1.243	-0.887	-1.192	0.027	-0.607	-0.579	-0.890	-0.272	1.474	2.251	2.359	-0.369	1.012
22	18448113	rs1978968	0.774	-0.075	-0.002	-0.382	-0.431	-0.325	0.537	-0.126	0.700	0.295	0.311	-0.277	0.159	0.824	0.957	0.732	0.498	1.435	0.161	-0.180	-0.151	1.516	1.508	1.908	1.764	1.755
22	20790723	rs9610955	NA	-1.091	NA	NA	NA	0.695	0.165	-0.026	0.087	0.802	-0.070	1.447	0.445	0.468	0.010	0.510	0.037	-0.581	-0.710	-0.278	0.256	-0.190	-0.111	-0.176	-0.225	0.179
22	28181399	rs2283847	-0.608	-0.272	-0.500	-0.129	-0.146	-0.748	-0.364	-0.393	-0.461	-0.419	-0.961	-0.132	-0.567	-0.090	-0.546	-0.827	-0.617	-0.383	-0.904	-0.506	-0.940	0.212	0.805	0.099	0.397	0.269
