chr	pos	bstat
1	1354515	814
1	1888193	867
1	1900232	900
1	2069172	851
1	3328659	952
1	8526142	545
1	10385471	238
1	10796866	905
1	11850750	587
1	11862778	573
1	11899033	567
1	11906068	643
1	11938050	798
1	12010469	774
1	13802325	956
1	15792426	698
1	15909850	386
1	16042766	433
1	16299312	423
1	16375510	641
1	16731510	573
1	22252262	731
1	25044111	697
1	27138393	153
1	27688633	410
1	27709020	316
1	28564279	505
1	28800380	406
1	36225948	118
1	38289383	265
1	41486245	462
1	41745770	743
1	41879081	839
1	42202714	781
1	42657196	478
1	43886494	79
1	46476587	88
1	48764419	647
1	53716416	458
1	56965664	867
1	67390468	468
1	67560956	766
1	74991644	822
1	78048331	304
1	78623626	581
1	88802012	783
1	89271574	436
1	111957688	679
1	113098534	216
1	113190807	229
1	113456546	513
1	145421477	228
1	150551327	114
1	153662423	270
1	153941514	58
1	156883546	519
1	169099483	629
1	171755071	582
1	172053287	701
1	172189889	783
1	176792249	703
1	184020945	841
1	184663537	446
1	196642233	585
1	197126649	174
1	204120952	856
1	209950760	630
1	218478411	801
1	219750717	860
1	227954677	667
1	228126470	557
1	228402121	386
1	228468458	290
1	230845794	804
1	232574921	717
1	234726012	898
1	237841390	838
1	242012033	834
1	242023898	808
1	243385307	647
2	24692639	532
2	25141538	564
2	25276284	560
2	25328703	558
2	25492467	711
2	27384579	333
2	27590038	54
2	27730940	92
2	27887034	127
2	28645120	757
2	33361425	839
2	37248015	518
2	37415603	547
2	37559355	559
2	37599963	783
2	40527128	917
2	42981239	813
2	43015719	835
2	43553949	694
2	43625184	682
2	43973099	695
2	54587659	700
2	55407754	408
2	55771169	324
2	55812061	315
2	56096892	607
2	56363377	881
2	60584819	739
2	60608759	578
2	63301164	372
2	65245365	684
2	65296798	534
2	65299298	523
2	65394714	799
2	66772000	697
2	66781453	756
2	68385097	562
2	69659126	485
2	70488470	360
2	71633389	425
2	72707874	482
2	73378241	634
2	79448921	975
2	85536415	588
2	86135154	564
2	86317037	297
2	97638038	430
2	105193300	962
2	108875244	888
2	112686988	614
2	135650766	353
2	144146850	893
2	145739556	782
2	145801461	793
2	146125523	893
2	146693556	941
2	164731394	852
2	165047746	833
2	165528876	536
2	169791438	721
2	170493863	278
2	175143309	664
2	176289319	591
2	177016728	357
2	179589241	1
2	182901257	779
2	190827023	647
2	191184475	605
2	201086663	633
2	203913552	154
2	204272090	144
2	208477852	473
2	208520043	746
2	208632817	683
2	210849283	410
2	213858069	550
2	216304384	760
2	218669225	856
2	218683154	775
2	218713282	783
2	219195799	545
2	220417266	611
2	227093745	924
2	227773466	542
2	231248261	946
2	234255547	706
2	239877148	988
3	7494417	938
3	10302172	702
3	11400249	680
3	11662320	939
3	12393125	714
3	12626516	595
3	14175262	730
3	14899778	906
3	17349498	583
3	20109901	769
3	27349047	511
3	27416013	439
3	37574951	644
3	41123735	825
3	41960006	686
3	47618953	13
3	47958037	8
3	48360992	23
3	48419898	15
3	49158763	0
3	49162284	0
3	49455330	1
3	49719729	1
3	49737954	2
3	50597092	9
3	52258372	126
3	52584787	27
3	56114861	732
3	56771251	469
3	57303684	213
3	58395863	336
3	66434643	671
3	71020490	600
3	83546019	916
3	84270877	905
3	85015779	778
3	85460131	750
3	85884150	629
3	88189341	264
3	100004117	396
3	111513720	766
3	117574822	777
3	121344140	248
3	121648168	331
3	122003757	422
3	123331143	586
3	124646594	736
3	127895226	513
3	134233092	495
3	135722264	401
3	135926622	319
3	138122122	552
3	141134818	492
3	141845000	729
3	150128392	670
3	151899704	854
3	153839866	674
3	154801978	917
3	156798732	823
3	158104706	554
3	158366900	486
3	160168769	333
3	169100899	764
3	169492101	475
3	180550702	711
3	183476685	484
3	183699516	393
3	184045410	254
3	185307363	554
3	185990096	905
3	196199204	749
3	197063068	894
4	939113	784
4	1729556	799
4	2195024	622
4	3449652	873
4	3451109	878
4	3473139	889
4	7887500	976
4	8293193	988
4	10140259	856
4	17972372	624
4	18017730	652
4	38879949	724
4	46685463	788
4	47593283	458
4	48493237	180
4	48988450	380
4	55139771	644
4	57516896	852
4	77419073	760
4	81184341	792
4	87685796	423
4	89740128	758
4	89883979	869
4	96075965	577
4	100239319	867
4	102199215	934
4	102343571	916
4	102839287	905
4	103188709	894
4	107279482	640
4	108148408	943
4	108931039	734
4	109066366	703
4	111381638	911
4	111445587	871
4	119951647	581
4	120962385	872
4	138433162	733
4	143488095	869
4	144060464	588
4	144359490	745
4	146870765	932
4	148047550	900
4	151207127	515
4	152994226	869
4	156289917	720
4	156380807	916
4	156635309	758
4	157050382	946
4	157720124	762
4	177650866	896
5	174106	900
5	1243708	952
5	1288547	976
5	1315660	952
5	32694942	905
5	32786389	606
5	32830521	782
5	32888818	871
5	33176567	918
5	40755568	335
5	41018452	493
5	53256679	914
5	53300662	876
5	55806751	917
5	55861786	934
5	56616664	860
5	65783709	793
5	67596088	623
5	71519664	442
5	87513775	605
5	91840637	938
5	96118852	606
5	96139250	620
5	96244549	557
5	96363459	514
5	103867339	793
5	112366678	584
5	122435627	802
5	122471989	711
5	122531347	768
5	127522543	390
5	127685135	474
5	127873094	613
5	132408967	389
5	137278682	81
5	138714474	312
5	140115303	70
5	141309824	480
5	147805120	432
5	147877724	766
5	148206440	752
5	149772280	679
5	150036119	701
5	156139569	807
5	157528319	911
5	157551411	881
5	158258461	800
5	173362458	323
5	176637240	374
6	7247344	710
6	7725760	882
6	9923536	838
6	11477493	958
6	12296255	836
6	12903957	968
6	16290761	729
6	16321792	752
6	17633033	479
6	20679709	893
6	22125964	936
6	22735375	965
6	25641200	651
6	25862466	551
6	26091179	497
6	26091185	497
6	26093141	495
6	26107790	498
6	26247198	712
6	26405835	684
6	26505362	563
6	27128307	671
6	27248931	645
6	27279021	635
6	27425185	568
6	28297368	523
6	29655113	851
6	29849619	862
6	30257846	793
6	30627867	835
6	30899377	917
6	31084787	929
6	31112602	929
6	31119589	929
6	31137165	929
6	31142903	929
6	31176921	929
6	31184196	929
6	31236175	934
6	31322367	934
6	31322911	934
6	31327064	934
6	31416156	934
6	31428967	934
6	31442731	934
6	31464050	934
6	31475486	934
6	31525912	934
6	31601735	867
6	31610529	862
6	31713124	889
6	31762311	895
6	31812038	900
6	31842598	900
6	31888869	917
6	32046275	917
6	32050067	917
6	32065113	917
6	32120715	917
6	32179896	929
6	32191339	934
6	32195988	934
6	32205072	934
6	32326045	934
6	32336187	934
6	32339076	934
6	32586854	934
6	32636866	940
6	32663999	940
6	32681049	940
6	32698013	940
6	32713267	940
6	33574413	716
6	34302869	705
6	35108553	389
6	35259397	248
6	35402785	476
6	35430686	444
6	39282806	900
6	41903798	554
6	42932835	288
6	43251118	374
6	43270151	161
6	43758873	828
6	44198362	734
6	49403282	584
6	50683009	478
6	51058721	748
6	51611470	672
6	53989526	621
6	54173413	748
6	56033094	803
6	56102780	804
6	79655477	335
6	83010602	639
6	97051593	552
6	97063522	598
6	108988184	680
6	110007647	330
6	117522156	722
6	117724379	707
6	117724462	707
6	118887303	484
6	126210395	577
6	126661502	722
6	127167072	757
6	127208390	796
6	127452935	622
6	129571330	796
6	134013272	869
6	134209837	790
6	139839423	926
6	143200547	787
6	147699123	577
6	151901409	823
6	154414446	827
6	159749112	816
6	160745751	855
6	170627586	806
7	1083777	906
7	1976457	894
7	4665570	976
7	6449496	749
7	7268431	778
7	11500372	784
7	19036775	842
7	22202046	783
7	25687828	815
7	27159136	202
7	27223563	396
7	28196222	841
7	32273107	933
7	43980540	707
7	45077978	726
7	45113170	707
7	46008110	952
7	46206780	964
7	69806023	690
7	73483689	889
7	75163169	895
7	77265140	435
7	77416439	332
7	90218346	709
7	91503228	166
7	92028039	142
7	92248076	433
7	94294682	474
7	100466441	387
7	107217020	357
7	111580166	809
7	116186241	657
7	123269118	446
7	127430974	0
7	128573967	577
7	129663496	689
7	130433384	849
7	131194255	753
7	131195712	767
7	131358281	963
7	134195690	875
7	134889141	587
7	135293128	478
7	139415775	809
7	140244560	814
7	149152906	923
7	150217309	929
7	150557665	856
7	150667210	859
7	150704843	814
7	151415041	970
7	155531080	754
7	156732717	958
8	8176554	828
8	8534192	899
8	8560602	865
8	8747894	700
8	8771154	860
8	9046312	921
8	9201787	924
8	9649769	603
8	10071620	901
8	10383138	934
8	10465344	923
8	10467160	923
8	10470068	923
8	10683929	762
8	11045161	933
8	11352541	944
8	11502934	955
8	11702375	840
8	11702542	840
8	17612694	716
8	20005554	850
8	21847855	559
8	22262321	575
8	23396732	836
8	27487790	824
8	30498859	668
8	31921721	922
8	38095662	188
8	53387502	844
8	57155598	751
8	64428514	861
8	65493429	596
8	76565553	845
8	76776862	835
8	81426196	679
8	92775372	790
8	95960511	480
8	106772453	642
8	110007151	644
8	110397780	176
8	120353267	728
8	124765702	716
8	126490972	937
8	129316014	961
8	135649848	853
8	141992778	686
8	142222445	809
8	142359550	952
8	142367087	952
8	142367246	952
8	142446937	964
8	143310815	976
8	143425720	976
8	143906396	970
8	144990784	546
8	145001031	493
9	215057	927
9	7174673	849
9	9261737	948
9	9501741	984
9	13682827	945
9	14556659	919
9	16915021	915
9	19281501	640
9	21019817	627
9	22768513	960
9	34372873	270
9	34622389	269
9	35906471	417
9	95284982	346
9	101748356	797
9	101778265	804
9	107571241	695
9	112078548	856
9	113166792	649
9	113169775	612
9	113197263	574
9	116191205	539
9	117166246	795
9	119134796	889
9	119368245	590
9	123349699	497
9	123850770	172
9	125713526	128
9	127177161	675
9	127639695	334
9	127910307	287
9	127975654	347
9	128369224	298
9	128739400	549
9	130489743	420
9	133464084	775
9	135845035	754
9	136155000	900
9	139751164	867
9	139904037	884
10	12277992	803
10	18266989	849
10	18397247	949
10	18511082	957
10	18708798	897
10	18759629	872
10	18950555	546
10	21048682	683
10	21998445	520
10	24669877	940
10	25822949	861
10	28228865	645
10	48370747	759
10	53822301	953
10	60588553	800
10	61552692	559
10	63053788	802
10	63524591	738
10	63723577	757
10	64564892	783
10	65121565	406
10	69664959	335
10	74894375	41
10	75415677	132
10	75902177	226
10	76180335	302
10	76867899	427
10	91488979	453
10	95931087	720
10	96035980	417
10	96039597	419
10	96495161	560
10	96563757	568
10	97316040	749
10	98699136	295
10	102621414	671
10	103340056	257
10	103907055	89
10	104140350	53
10	104217503	256
10	104500659	174
10	104652323	145
10	104775908	123
10	104906211	99
10	105205302	129
10	105677897	598
10	105882765	386
10	114758349	907
10	115719765	832
10	115789375	725
10	115804036	713
10	116008464	489
10	121429633	583
10	123033549	966
10	124165615	646
10	124214251	813
10	134459388	960
11	828916	867
11	1874072	982
11	1902793	982
11	1941946	976
11	2170143	988
11	2484803	988
11	8252853	849
11	8662649	328
11	9769562	544
11	9853777	499
11	9879838	529
11	9961079	590
11	10673739	653
11	13293905	826
11	14264916	550
11	14852490	412
11	15518925	818
11	16274295	529
11	16797867	583
11	16917219	731
11	17409572	582
11	27316394	682
11	27667202	471
11	27679916	396
11	28269884	506
11	30394734	750
11	30760335	823
11	32405355	689
11	33777334	750
11	46052575	249
11	46304338	203
11	46379442	34
11	46897446	12
11	47306585	16
11	47336320	17
11	47370041	32
11	47587452	10
11	47701528	11
11	47712213	11
11	47745589	14
11	47776156	14
11	48009074	103
11	48018355	114
11	48146622	138
11	48285906	120
11	48333360	120
11	49000558	183
11	49227620	203
11	50367359	226
11	50630255	226
11	51515912	223
11	55111584	189
11	55123720	189
11	55305406	143
11	55563336	145
11	55681865	144
11	56113575	150
11	56143715	158
11	56180753	161
11	56466099	229
11	56511160	255
11	57114109	391
11	57268252	450
11	57381989	329
11	57982229	450
11	58207203	360
11	61437088	769
11	63449125	470
11	63587313	658
11	64027666	365
11	64111928	444
11	64802388	332
11	64813685	319
11	64902002	275
11	65249145	402
11	65391317	275
11	65403651	280
11	65506822	278
11	65628334	275
11	65714925	281
11	67288594	346
11	69063728	929
11	69334307	946
11	69462910	917
11	71943961	562
11	73020846	447
11	76301375	728
11	78095373	616
11	81441351	958
11	89228425	917
11	99455061	957
11	100470306	943
11	100847069	748
11	103029516	243
11	107197640	744
11	107299631	709
11	116732512	465
11	117037361	388
11	117283676	655
11	118486067	321
11	126281897	774
11	126619190	937
11	130275749	735
11	130281488	751
11	134088682	500
11	134889485	994
12	349298	644
12	427575	459
12	2973547	712
12	9082581	513
12	12578786	846
12	13037300	929
12	20230639	946
12	20586821	955
12	26438189	929
12	26453283	919
12	27234999	785
12	48191247	696
12	48723595	371
12	49399132	90
12	49448463	62
12	49993678	210
12	50537815	227
12	50821551	296
12	50848132	294
12	50901882	261
12	51213765	277
12	53393964	593
12	53453433	600
12	54422504	495
12	54437752	594
12	56470625	164
12	66351826	586
12	69842643	686
12	73828956	883
12	89745477	593
12	89917518	493
12	90060586	481
12	90443482	756
12	98792019	796
12	109826634	702
12	110341933	295
12	110383141	221
12	111385296	621
12	111884608	119
12	112211833	105
12	112471090	38
12	112486818	34
12	112583447	33
12	112871372	87
12	113173494	724
12	114282496	949
12	115094260	898
12	115352731	951
12	115552437	988
12	115891403	980
12	121175524	488
12	122318985	662
12	122494809	670
12	122674780	584
12	133069894	866
13	21562832	764
13	22317190	960
13	25831888	509
13	27879526	883
13	28020180	875
13	28624294	775
13	29670346	913
13	32087608	949
13	47243196	882
13	51106555	875
13	51116901	851
13	55046791	964
13	59830919	971
13	80717156	961
13	96190232	761
13	113720476	946
14	23313633	759
14	23354066	479
14	23761094	649
14	23865885	675
14	24806902	424
14	25043671	682
14	29579407	927
14	31355096	624
14	31381351	446
14	39818591	447
14	50923249	365
14	51224417	455
14	54107791	912
14	54410919	813
14	60312064	464
14	60789176	541
14	61180657	244
14	61443539	319
14	63953522	696
14	68024134	668
14	69278204	793
14	71600208	463
14	72022891	537
14	72348825	894
14	73422259	356
14	73440864	332
14	75322794	145
14	75574087	99
14	88826682	438
14	88946622	349
14	93103309	923
14	94844947	840
14	100133942	970
14	100625902	884
15	27012141	955
15	40360741	702
15	41245289	242
15	41634587	126
15	42032383	57
15	42171655	338
15	42235316	498
15	43816917	6
15	50932357	244
15	53907948	722
15	54003091	699
15	63889934	143
15	66629403	423
15	68605169	675
15	74487969	823
15	74622678	662
15	75027880	386
15	75077367	397
15	75108636	401
15	75393720	553
15	79141784	819
15	81847279	934
15	85635890	691
15	85657120	687
15	85680532	693
15	86122779	488
15	86123364	487
15	90023558	802
15	90174824	461
15	91416550	639
15	91459475	520
15	93050966	958
15	98513845	859
16	1493909	794
16	1962132	684
16	2035868	675
16	2050192	671
16	2052340	684
16	2070568	769
16	2087562	779
16	2097158	754
16	2140554	633
16	3339435	652
16	3586230	587
16	4390358	545
16	4432029	527
16	4751045	620
16	4790204	633
16	4935985	422
16	4942099	453
16	11930337	748
16	19085298	751
16	20367690	803
16	20410547	840
16	20810067	143
16	20986506	351
16	24801737	346
16	27480797	562
16	49790777	871
16	52599188	851
16	56933519	835
16	58622178	222
16	66527192	307
16	66892324	99
16	69782855	145
16	71318001	343
16	71885423	68
16	72032231	187
16	72184629	154
16	72830539	115
16	75281964	746
16	75390316	652
16	86710660	993
16	87991051	922
16	89704365	693
16	89789898	596
16	89985940	667
17	648186	542
17	649067	542
17	1372839	679
17	1373612	683
17	2091765	331
17	2203025	338
17	2203167	338
17	2227655	390
17	2600186	478
17	6511781	632
17	6531552	629
17	7129898	281
17	7163739	290
17	7417663	244
17	7536527	297
17	7633692	524
17	7760704	216
17	8431453	278
17	9515777	850
17	17715101	359
17	18041507	335
17	18167684	145
17	18923818	809
17	19239432	545
17	19812541	501
17	20107773	477
17	26694861	191
17	26824156	310
17	29161503	178
17	29161845	178
17	39881289	671
17	40065774	171
17	40466092	286
17	42927721	242
17	43055039	499
17	43183108	443
17	43212963	501
17	43342141	528
17	43513441	492
17	43923683	595
17	44019712	701
17	44248848	418
17	44828931	412
17	44950122	706
17	45013271	581
17	45447802	368
17	46000406	369
17	46123932	290
17	46688256	401
17	46988597	416
17	47440466	562
17	56448297	166
17	56676368	27
17	56847945	32
17	57963537	109
17	59017025	493
17	59286644	689
17	59483766	602
17	60741917	603
17	61055390	376
17	62408299	715
17	65870073	257
17	73949540	361
17	76799860	824
17	78262161	923
18	3457606	841
18	20494552	563
18	26719357	895
18	34289285	613
18	42481985	865
18	42532606	550
18	53210302	687
18	55654318	957
18	57851763	972
18	72999359	688
18	74101941	976
19	1819125	952
19	2170954	958
19	2226772	964
19	2249477	982
19	2396611	976
19	6718387	923
19	7196565	951
19	7224431	964
19	10334725	758
19	11210912	819
19	11285390	824
19	11304404	804
19	11358799	835
19	11508177	759
19	11526765	867
19	11546269	806
19	17170885	923
19	19329924	678
19	19789528	680
19	21912755	988
19	21948570	988
19	31863085	892
19	33899065	819
19	37488499	649
19	37879589	646
19	38230720	623
19	38735613	675
19	41111069	705
19	41869392	747
19	45412079	867
19	46181392	627
19	47569003	635
19	49228272	594
19	49621964	769
20	1546911	946
20	4101800	946
20	6404281	967
20	8626282	864
20	9547018	690
20	10965998	914
20	11169603	960
20	17603728	889
20	30108533	486
20	31214403	725
20	33909784	197
20	34116282	169
20	39832628	218
20	42826350	781
20	47253150	763
20	47308798	745
20	47685320	126
20	48301146	769
20	57475191	894
20	57599402	808
20	57758720	860
20	60901762	835
20	61162267	964
20	62309839	779
20	62369997	809
20	62422080	809
20	62595990	653
20	62695931	835
21	16339172	481
21	16340289	501
21	31587793	766
21	33832675	809
21	34888621	186
21	44768562	982
21	44779680	982
21	45107562	835
21	46931109	964
22	19969106	736
22	21964761	696
22	28378688	458
22	29196494	414
22	29318724	490
22	29451671	530
22	29533572	692
22	30163526	355
22	30793137	402
22	31998612	214
22	32113269	177
22	38205989	337
22	39670851	838
22	39687484	823
22	40729614	309
22	42416056	236
22	43568512	830
22	50278568	616
22	50716167	600
22	50728062	641
