chr	pos	RSNUM	ESN	GWD	LWK	MSL	YRI	ACB	ASW	CLM	MXL	PEL	PUR	CDX	CHB	CHS	JPT	KHV	CEU	FIN	GBR	IBS	TSI	BEB	GIH	ITU	PJL	STU
1	919501	rs4970414	-0.002	-0.730	0.690	-0.466	-0.320	-0.076	-0.228	-1.247	-1.462	-0.383	-1.714	-1.305	-1.596	-1.397	-1.598	-1.484	-1.407	-1.579	-1.265	-1.240	-1.464	-1.300	-1.086	-0.930	-0.672	-0.991
1	8383469	rs1844583	-1.948	-1.836	-1.126	-0.849	-1.474	-1.297	-1.425	-1.098	-0.685	-0.827	-0.569	-1.718	-1.080	-1.301	-1.446	-1.592	-0.913	-0.930	-0.759	-0.950	-0.306	-0.799	0.091	-0.402	-0.722	-0.361
1	48954276	rs60811440	0.066	0.464	-0.764	0.733	0.355	0.945	1.428	-1.024	0.096	-0.325	-0.189	-1.288	-1.137	-1.056	-0.731	-0.783	-0.253	0.049	0.100	-0.857	0.182	-0.971	-0.136	-0.960	-1.166	-0.284
1	56763781	rs1341347	-0.563	-0.325	-0.242	-0.667	-0.312	-0.461	-0.327	0.013	-0.620	-0.021	-0.753	-0.661	-0.694	-0.732	-0.747	-0.492	-1.822	-1.801	-2.129	-1.521	-1.496	-1.381	-1.364	-1.388	-1.548	-0.983
1	58194733	rs912360	0.742	0.409	0.623	0.114	0.619	0.575	-0.068	-0.295	-0.361	-0.523	-0.226	-0.641	-0.628	-0.573	-0.544	-0.294	0.425	-0.017	0.277	0.453	0.369	-0.166	0.237	-0.450	-0.020	-0.086
1	61981885	rs2485748	-0.381	-0.447	-1.053	-0.844	-0.099	-0.593	-1.531	0.249	0.514	0.797	-0.360	-0.124	-0.137	-0.148	-0.205	-0.030	0.419	0.617	0.748	0.643	0.852	-0.291	0.198	-0.215	-0.181	0.128
1	92012154	rs906241	-0.872	-0.598	-1.202	-0.599	-0.421	-0.791	-0.573	0.824	0.375	0.942	0.338	1.399	1.896	1.179	1.642	1.230	-0.325	0.590	0.454	0.144	-0.561	1.039	0.417	0.817	0.656	0.807
1	156202809	rs2251636	-0.961	-0.949	-1.084	-0.633	-0.791	-0.291	0.000	-0.528	-1.004	-0.643	-0.298	-0.449	-0.598	-0.356	-0.308	-0.497	-0.177	0.673	-0.155	-0.086	-0.217	-0.642	-0.835	-0.630	-0.308	-0.839
1	208805883	rs2404677	1.143	0.885	0.200	1.154	0.236	1.271	0.474	0.488	0.759	-0.038	0.263	0.709	-0.276	-0.233	0.411	0.531	-0.536	0.116	-0.465	-0.466	-0.347	0.935	0.962	1.084	0.997	0.524
2	34668611	rs72788766	1.163	0.301	1.253	0.795	0.275	-0.089	0.341	-0.226	-0.185	-0.229	-0.249	0.635	-0.850	0.450	-0.034	1.669	0.014	-0.419	0.280	-0.397	0.356	-0.287	-0.215	-0.795	-0.374	-0.511
2	54366096	rs2287639	-0.251	-1.029	0.454	-0.005	-0.342	-0.589	-0.349	-0.658	-0.406	-0.294	-1.071	0.868	0.364	0.663	0.146	0.540	-1.275	-0.799	-1.018	-1.268	-0.799	0.289	0.585	0.901	-0.020	0.714
2	55827548	rs2627780	1.097	1.055	-0.521	0.928	1.204	0.774	-0.189	-1.904	-0.421	-0.639	-2.194	0.486	-0.257	0.847	0.587	-0.176	-1.399	-0.818	-1.185	-1.193	-1.594	-1.074	-1.248	-1.396	-1.508	-1.274
2	164752160	rs7595546	-1.136	-1.884	-0.625	-0.819	NA	0.156	-0.947	-0.584	1.237	0.443	-1.128	-0.221	-0.096	-0.201	-0.516	-0.715	0.963	0.685	0.560	0.527	-0.368	-0.441	0.238	0.018	0.122	0.519
2	227872995	rs2228555	0.679	0.660	0.497	0.120	0.092	0.488	-0.054	-0.019	1.234	1.955	-0.288	-1.354	-1.172	-0.610	-0.687	-1.472	1.015	1.370	1.368	-0.041	-0.098	1.490	1.317	1.769	1.302	1.482
3	8106602	rs11715074	-0.219	-0.033	-0.892	-0.803	-0.157	-0.105	-0.207	0.381	0.654	1.158	0.381	-1.542	-0.835	-0.916	-0.382	-1.011	0.198	0.500	0.281	0.079	0.279	-0.111	0.244	0.528	0.159	0.393
3	55733390	rs4955865	0.639	0.205	1.234	0.847	0.438	0.865	0.577	0.117	-0.164	-0.261	0.365	0.216	0.087	0.083	0.027	0.234	0.110	0.200	0.371	-0.022	0.118	0.211	0.255	0.782	0.277	0.618
3	94694851	rs1835872	0.068	-0.682	-0.762	-1.320	-0.537	-0.237	0.208	1.900	1.695	0.858	1.661	1.021	1.381	1.087	1.007	1.625	1.787	1.281	1.584	1.758	1.470	1.651	1.646	1.522	1.435	0.751
3	137215820	rs4342060	0.580	0.944	0.433	0.616	0.917	0.066	0.675	1.166	1.620	0.831	1.572	1.268	0.906	0.759	0.070	1.063	1.409	-0.041	2.082	1.208	1.504	0.853	0.739	0.157	0.322	0.512
3	168842429	rs74681149	0.753	0.201	0.210	0.683	1.353	0.206	0.857	0.375	-1.064	1.187	0.324	-1.548	-1.722	-1.069	-0.690	-0.874	0.258	1.157	0.093	0.937	1.528	-0.421	-0.311	-0.331	-0.092	0.292
4	24147202	rs1013798	-1.123	-0.761	-1.356	-0.921	-0.932	-1.118	-2.068	-1.017	0.919	0.130	-1.011	0.185	-0.572	-0.370	-0.125	-0.115	-1.603	0.028	-1.580	-1.327	-1.355	0.568	0.537	-0.044	0.072	-0.153
4	25394785	rs315669	-0.812	-0.911	-0.684	-0.861	-0.557	-1.008	-0.300	0.549	0.221	-0.492	0.427	-0.882	-0.866	-0.483	0.242	-0.148	0.787	1.026	1.201	0.265	0.410	0.054	0.347	0.020	0.194	0.257
4	41793898	rs1898889	0.199	-0.590	-0.908	-0.367	0.314	0.003	-0.466	-0.933	-1.141	-0.738	-0.545	0.191	-0.492	-0.330	-0.071	-0.534	-0.100	-1.283	-0.272	-0.922	-0.804	-0.610	0.824	-0.708	0.019	0.516
4	52918703	rs12507167	NA	2.569	2.278	2.247	3.348	1.923	1.856	-0.652	-0.631	0.036	-0.179	0.879	0.352	0.293	0.357	0.769	-0.604	-0.583	-0.654	-0.584	-0.590	0.288	0.559	0.373	0.205	0.386
4	72333036	rs12641372	1.774	0.731	0.846	1.163	0.875	1.183	0.800	-0.648	-0.496	-0.929	0.420	-0.483	-0.686	-0.150	0.178	-0.557	NA	0.050	-0.386	2.041	0.226	-0.275	-0.224	-1.439	0.049	-1.973
4	81184341	rs16998073	-0.695	0.062	-0.280	0.451	-0.852	-0.929	-1.363	0.375	0.188	0.254	0.398	-0.417	-0.914	-0.582	-0.384	-0.472	0.203	0.426	0.379	-0.517	1.027	0.043	1.134	-0.052	0.183	-0.271
4	111552060	rs74671856	-0.444	1.356	0.701	0.863	-0.391	-0.100	-0.578	-1.067	-0.345	-1.299	-0.944	-0.208	-1.079	-0.548	-0.748	-0.098	-0.790	-0.320	-1.346	-0.849	-0.237	-0.672	-0.129	0.650	-0.627	0.222
4	111699326	rs12646447	1.184	1.285	NA	1.359	0.933	1.294	1.366	-0.947	-0.555	-0.822	-0.405	-0.463	-0.329	-0.372	-0.421	-0.151	0.187	-1.212	0.712	-0.692	-0.920	-0.375	-0.922	-0.346	-0.708	-0.528
4	113661382	rs28502066	-0.131	-0.396	-0.479	-0.403	-0.525	-1.045	-1.442	-0.516	-0.107	-0.194	-1.276	-0.180	-0.725	-0.452	-0.687	-0.856	-0.347	-1.553	-0.471	-0.967	-0.860	-1.662	-1.848	-1.690	-1.838	-2.164
4	115874966	rs1441638	-1.045	-0.247	0.262	NA	-0.008	0.051	0.657	0.238	-0.046	-0.003	0.326	0.201	0.401	0.498	0.384	0.010	0.678	0.978	1.033	0.754	0.624	0.011	-0.588	0.163	-0.445	-0.258
4	138296323	rs10019671	0.643	2.288	0.240	1.606	1.638	0.454	0.378	1.263	1.565	0.962	0.677	0.538	1.022	0.739	1.229	1.074	1.533	1.640	1.753	1.505	1.488	0.902	1.861	1.285	1.034	1.973
4	155502869	rs56010410	0.687	0.743	NA	0.460	0.477	0.200	-0.739	0.411	0.702	1.229	0.162	-2.189	-2.163	-1.925	-0.869	-1.857	-0.153	-0.893	-0.550	0.300	-0.692	-0.725	-0.950	-1.201	-1.014	-1.140
5	32790616	rs1345597	-0.347	0.489	-0.082	0.835	0.402	-0.007	0.261	0.955	0.925	0.486	0.778	1.130	1.348	1.448	1.030	1.683	1.366	1.252	0.456	0.654	0.772	0.918	0.771	0.327	0.768	0.805
5	50736314	rs11951998	-0.382	-0.632	-0.292	-0.232	-0.247	-0.551	-1.243	-0.802	-0.511	-0.063	-0.522	-0.242	-0.556	0.053	-0.384	-0.800	-0.227	-0.358	-0.363	-0.633	-0.266	-0.816	-0.874	-0.526	-1.530	-0.951
5	106167127	rs296192	0.331	0.218	-0.268	0.099	0.055	0.377	-1.017	-0.353	-0.348	-0.162	-1.207	0.693	-0.677	-0.354	-0.258	-0.105	-0.939	-1.252	-0.896	-1.458	-0.617	-0.620	0.063	0.016	-0.266	-0.706
5	123151406	rs11241715	-1.115	0.739	-0.487	-0.896	-1.053	-0.651	-1.776	-1.081	-1.948	-1.568	-0.955	-0.993	-2.135	-1.710	-1.381	-1.601	-0.990	-0.533	-1.194	0.393	-0.099	-1.633	-1.808	-1.477	-1.723	-1.667
5	124359018	rs4836134	-1.436	-0.205	NA	NA	-0.275	0.307	-1.677	-1.365	-1.933	-2.357	-1.682	-0.042	0.025	-1.219	-0.620	-1.029	-0.116	0.363	-0.492	-0.392	-0.873	-1.288	-0.984	-1.100	-1.542	-1.472
5	127857493	rs17677603	NA	0.529	-0.595	0.865	0.463	-0.024	-0.397	-1.221	-1.054	-0.338	-1.910	-1.351	-0.804	-1.025	-0.975	-1.328	-1.507	-1.466	-1.240	-1.440	-1.261	-0.912	-1.330	-1.138	-1.107	-1.020
5	152584632	rs57976819	1.501	0.405	1.871	2.169	2.008	1.888	1.262	0.243	0.553	0.049	-0.221	-0.070	-0.025	-0.857	-0.707	-0.569	-0.471	-0.533	-0.528	-0.325	-0.611	-0.700	-0.352	0.053	0.248	0.397
6	15064540	rs11962411	NA	NA	NA	NA	NA	NA	NA	NA	NA	-0.067	NA	1.235	NA	NA	NA	1.090	NA	NA	NA	NA	NA	NA	NA	NA	NA	NA
6	25859286	rs1165169	0.322	0.233	0.284	0.448	0.336	0.162	0.593	0.735	1.628	1.449	1.514	0.947	1.456	1.618	1.040	1.956	1.148	1.824	0.520	0.667	2.569	0.991	0.717	1.420	2.113	0.925
6	27392711	rs139861230	NA	-0.364	-0.023	-0.128	NA	-0.530	NA	-0.305	-0.635	-0.591	-0.253	-0.159	0.002	0.026	0.468	0.265	-0.138	0.199	0.441	-0.935	-0.788	0.937	-0.196	0.341	-0.225	0.199
6	35047579	rs2762338	0.366	-0.267	-0.689	-0.241	-0.020	0.149	1.015	2.680	1.968	1.591	2.470	0.530	0.682	0.262	1.099	-0.054	1.383	1.294	1.459	1.865	2.570	1.578	1.255	1.832	2.385	2.042
6	46941564	rs10807347	0.954	0.652	0.665	0.511	0.529	0.406	1.316	-0.789	-0.178	-0.431	-1.377	-0.767	-0.468	-0.202	-0.199	-0.663	-1.375	-2.291	-1.553	-1.640	-0.339	0.422	0.925	1.239	-0.238	0.626
6	48380182	rs10948413	1.307	0.482	0.890	0.397	1.217	0.784	-0.229	-0.080	0.503	0.756	-0.346	0.253	0.770	0.682	0.486	0.998	-0.866	-0.144	-0.811	-1.022	-0.905	0.044	-0.176	0.110	-0.337	-0.116
6	49253462	rs72870303	NA	-0.198	2.003	0.921	NA	0.601	0.619	1.140	1.018	0.317	-0.141	-0.226	0.393	-0.014	-0.069	0.078	-0.226	-0.293	0.261	-0.063	-0.428	0.451	-0.396	0.118	-0.116	0.056
6	89273404	rs55691978	0.533	0.402	1.256	0.187	0.690	0.466	-0.022	-0.273	-0.054	0.141	0.598	-0.959	-0.123	0.693	0.715	0.502	-0.269	-0.819	0.168	-0.721	0.187	NA	NA	NA	NA	NA
6	120863569	rs1884351	1.190	1.441	0.760	1.401	0.936	0.363	0.483	-0.399	-0.653	-0.726	0.180	-1.131	-0.831	-1.005	-0.840	-1.602	-0.569	0.793	-0.054	-0.492	-0.456	-0.911	-1.153	-1.345	-0.769	-1.404
6	147618024	rs673944	-1.285	-1.216	-0.241	-0.627	-1.233	-1.363	-0.961	0.628	0.250	0.745	-0.446	-0.096	-0.384	-0.637	-0.730	0.046	0.503	0.855	0.413	0.407	-0.163	0.146	0.083	0.456	0.572	0.739
6	154333183	rs9478496	0.825	1.043	1.131	1.372	1.361	0.978	0.815	-0.658	-0.813	-1.128	-0.467	1.020	-0.245	0.158	0.131	-0.247	0.623	-0.073	0.173	0.658	0.388	1.318	0.259	1.582	0.743	1.455
7	12271252	rs7808568	-0.041	1.346	1.200	0.742	1.202	0.667	1.612	1.568	0.704	0.036	1.858	2.239	1.688	2.214	1.616	1.983	1.712	1.692	1.145	2.221	2.196	1.537	1.317	1.535	1.246	1.259
7	12982018	rs34040	0.115	-0.442	-0.406	-0.431	-0.288	-0.424	-1.273	-0.654	-0.136	0.849	-1.391	0.606	0.699	0.655	-0.067	-0.156	-0.995	-0.778	-0.903	-0.330	-0.460	-1.276	-0.640	-0.765	-1.461	-0.687
7	13155939	rs4236278	0.818	1.146	1.113	1.819	0.899	0.740	0.386	0.356	1.240	1.254	-0.096	1.323	1.289	0.814	1.376	0.944	-0.164	0.285	0.180	0.552	1.042	0.499	0.781	0.706	0.402	1.102
7	13255162	rs75885212	-1.006	-1.765	NA	-1.546	-1.425	-1.082	-0.703	-0.273	-1.152	-0.839	-0.858	-0.463	-0.278	-0.544	-0.934	-0.600	0.932	NA	-0.063	-0.568	NA	-0.037	0.171	-1.177	-0.440	-0.485
7	27286796	rs6956598	0.947	1.089	-0.130	0.434	0.404	-0.021	0.135	-0.668	-0.855	1.501	-1.013	1.408	0.925	0.984	1.636	1.295	-0.939	0.309	-1.841	-1.341	-0.741	0.688	-0.709	0.205	-0.273	-0.195
7	30917675	rs73301968	0.733	0.879	1.612	1.457	0.723	0.353	0.991	2.680	1.917	NA	3.821	0.937	-0.405	0.859	0.633	-0.430	1.343	1.898	NA	1.953	2.335	0.056	0.605	0.346	0.873	0.367
7	43910682	rs2730610	1.144	1.377	0.666	1.608	1.354	0.600	1.270	0.089	-0.590	1.059	0.204	0.849	1.192	1.178	1.049	1.029	0.278	0.385	0.629	0.427	0.048	-0.308	-0.613	-0.616	-0.411	-0.191
7	70038969	rs4718964	-0.163	0.247	-0.191	0.275	-0.241	-0.276	-0.649	-0.586	-1.087	-0.516	-0.932	-1.614	-1.443	-1.369	-0.972	-1.700	-0.963	-1.823	-1.664	-2.216	-0.813	-1.485	-1.608	-1.362	-1.134	-0.951
7	92239531	rs42035	1.922	1.617	2.443	0.912	2.418	2.256	1.445	1.056	1.361	1.235	1.560	0.440	2.029	0.880	1.029	1.081	0.940	0.464	1.815	1.658	1.932	1.545	2.116	1.423	2.489	2.195
7	97795898	rs2177517	-0.283	0.659	-1.280	1.016	0.675	0.354	0.803	1.353	1.804	1.277	0.031	1.793	1.261	1.878	1.242	2.231	0.396	0.306	0.667	0.434	0.213	1.774	1.370	1.441	1.052	1.296
8	961324	rs72507624	1.675	0.248	0.990	0.918	1.388	0.225	0.086	-0.239	-0.500	-0.706	0.217	0.574	0.524	0.376	0.452	0.937	0.194	0.028	0.752	0.374	0.230	0.322	0.265	-0.087	0.213	0.386
8	2613645	rs11987354	1.053	0.739	0.582	0.755	1.207	0.522	1.504	1.570	2.529	-0.655	1.345	-2.445	-1.118	-2.118	-0.925	-1.392	-0.017	0.447	-0.556	-0.426	-0.548	-0.863	-0.253	-0.496	-1.182	-0.718
8	80608239	rs3930651	-2.050	-0.708	-1.343	-1.848	-1.443	-1.645	-1.294	0.631	-0.311	0.375	-0.010	-0.324	-0.885	-0.328	-0.714	-0.153	0.313	0.698	0.213	0.264	0.570	-0.129	0.662	-0.700	0.069	0.089
8	96798059	rs3099093	0.626	0.681	0.301	-0.196	0.546	-0.409	-0.460	0.277	0.483	0.049	-0.244	-0.236	0.343	0.376	0.146	-0.394	-0.240	0.151	0.058	0.299	0.202	1.256	0.208	0.739	0.751	0.765
8	107096458	rs4734130	-0.174	-0.250	-0.493	-0.684	-0.459	-0.698	-1.017	0.108	0.327	0.870	-0.266	-0.095	0.119	-0.141	-0.096	-0.558	-0.267	-0.588	0.043	-0.277	-0.459	-0.818	0.081	-0.908	-0.170	-0.767
8	129185918	rs2909235	-0.786	1.053	-0.827	0.208	0.713	-0.743	-1.117	-1.622	-0.952	0.194	-2.567	1.489	0.069	0.499	0.695	1.274	-2.445	-3.317	-2.329	-3.223	-2.432	-0.903	-1.764	-0.911	-1.667	-1.799
8	134247414	rs2977555	-0.067	0.199	0.301	0.086	0.076	-0.397	0.109	1.466	1.300	-0.821	0.432	0.604	0.323	1.482	0.804	1.147	1.519	0.710	1.371	1.370	0.640	1.043	1.013	0.878	0.887	0.877
8	138801988	rs6577837	-1.295	-1.184	-1.248	-0.731	-1.769	-0.927	-0.207	-0.324	-0.348	0.289	0.248	-1.191	-1.013	-1.175	-1.091	-1.341	-0.456	-0.425	-0.168	0.021	-0.429	-0.516	-0.699	-0.325	-0.579	-0.314
9	82980898	rs928535	0.098	0.367	0.201	0.242	0.437	0.324	0.640	-0.251	-1.632	-0.595	0.261	0.440	0.642	0.207	0.371	0.108	-0.207	-0.203	-0.519	-0.014	-0.156	-0.067	-0.490	-0.153	-0.038	-0.361
9	85706340	rs4509413	0.853	0.643	0.288	1.528	-0.151	0.540	0.115	1.644	1.345	0.616	1.098	-1.195	-1.168	-0.737	-0.653	-1.426	1.598	1.968	1.368	1.038	1.394	-0.109	1.326	0.910	0.813	0.595
9	94200002	rs2482360	-0.038	-0.450	-0.579	0.273	0.322	0.407	0.433	0.548	0.637	0.524	-0.031	0.652	-0.732	-0.292	-0.861	-0.368	0.965	-0.858	0.948	0.260	0.340	0.028	-0.985	0.772	-1.046	0.105
9	94266895	rs7862096	0.433	1.298	0.651	0.536	1.705	1.015	0.046	-1.923	-1.497	-1.837	-1.527	-0.081	-0.203	-0.254	0.153	-0.169	-2.708	-1.651	-2.196	-2.115	-1.415	-1.719	-1.844	-2.165	-1.988	-2.130
9	94396934	rs62565052	0.451	1.120	0.763	1.024	0.414	0.350	1.811	1.674	1.317	1.750	1.290	0.743	1.260	1.034	1.436	0.688	0.865	1.912	0.539	0.718	0.771	1.760	1.259	0.943	1.817	1.048
9	98511386	rs700964	-0.547	-1.125	-1.293	-0.674	-0.674	-1.039	-2.334	-0.907	-0.481	-0.714	-0.661	-2.194	-1.512	-2.498	-2.802	-2.421	-0.687	-0.916	-1.480	-1.114	-1.263	-0.911	-0.911	-1.082	-1.663	-0.895
9	99086062	rs6479248	-1.043	-1.080	-1.094	-1.658	-1.539	-0.961	-0.291	1.247	0.269	0.566	0.898	0.009	0.271	0.155	0.161	-0.311	1.306	1.174	1.713	1.030	1.400	0.731	1.066	1.451	0.785	1.397
9	112581047	rs10980068	-0.711	NA	0.457	NA	1.263	1.439	1.452	-0.127	-0.392	-0.828	0.552	1.687	1.349	1.140	0.790	1.073	0.801	0.240	-0.051	1.417	0.646	0.593	0.884	0.615	1.231	0.028
9	124954145	rs73553324	-0.166	-0.130	-0.702	-0.145	-0.193	-0.092	-0.765	-0.782	-0.772	-0.205	-0.366	-0.138	-0.662	-0.360	-0.264	-0.251	-0.265	-0.937	-0.410	-0.345	0.084	0.367	0.252	0.198	-0.265	0.675
10	61050653	rs11006428	NA	0.233	-0.088	0.673	NA	0.129	0.115	-0.368	-1.702	-0.656	-0.165	-0.448	-0.571	-0.727	-0.801	-0.591	-0.286	-1.137	-0.432	-0.442	-0.490	-1.416	-1.226	-0.950	-1.102	-1.137
10	61326749	rs9732321	0.420	0.127	-0.331	1.092	0.510	1.100	0.622	0.627	0.776	0.876	0.280	NA	1.107	NA	NA	0.422	-0.178	0.618	0.213	0.442	0.784	NA	NA	NA	NA	NA
10	63582301	rs10994930	0.325	-0.381	0.256	0.185	-0.669	-0.376	-0.550	-1.409	-0.020	0.289	-0.252	NA	-0.175	-0.234	NA	0.139	-1.447	-0.530	-0.722	-1.022	-0.633	0.088	-0.789	-0.756	-0.669	-0.246
10	105530086	rs10748849	0.371	-0.639	0.066	0.031	0.696	0.604	0.937	0.575	-0.020	-0.325	1.325	-0.285	0.235	-0.140	0.540	0.239	-0.250	0.415	0.207	0.521	0.154	0.568	0.064	0.826	0.650	0.312
10	105588139	rs3814217	0.007	-0.479	0.010	-0.212	-0.285	0.213	0.112	-0.554	-0.065	-0.948	0.473	-1.608	-0.871	-1.975	-0.861	-1.770	0.712	0.305	0.852	-0.182	-0.434	-0.370	-0.706	-0.595	0.090	-0.749
10	109523645	rs7083366	-1.667	-2.165	-1.410	-1.577	-2.031	-1.489	-1.446	-0.449	-1.407	-0.663	-0.689	-0.556	-0.521	-0.271	0.379	-0.223	-0.446	-0.075	-0.534	-0.906	-0.723	-1.460	-1.188	-1.707	-1.446	-1.540
10	129123491	rs7098343	-1.338	-0.832	-0.695	-0.391	-1.127	-0.479	-0.599	0.349	0.553	0.300	0.397	0.775	-0.429	0.153	0.010	0.635	0.280	-0.457	0.035	0.031	0.538	-0.458	1.009	0.681	-0.032	0.509
11	69793811	rs61885092	2.602	2.434	NA	2.588	2.878	3.189	3.136	0.409	0.433	-0.333	1.012	0.675	0.970	0.866	0.770	0.571	0.939	1.188	1.055	0.982	0.894	0.839	1.106	1.431	0.711	0.809
11	75277757	rs650241	0.254	0.314	0.021	0.235	0.294	0.504	-0.017	0.513	0.040	0.284	0.433	0.675	-0.047	0.128	-0.120	-0.025	1.567	0.580	1.462	1.455	1.415	-0.901	-0.537	-1.142	-0.158	-0.927
11	87870354	rs12270038	1.114	2.487	1.476	1.337	1.007	1.635	0.960	-0.099	1.191	1.940	0.446	1.401	1.192	0.902	NA	0.452	0.429	0.336	0.356	0.122	0.118	0.573	2.145	0.458	1.084	0.823
11	103741310	rs477649	-0.892	0.496	-1.003	1.180	-0.574	-0.325	0.011	0.645	0.889	1.533	-0.234	0.552	0.227	-0.278	0.748	0.872	0.003	1.242	-0.142	-0.614	0.194	0.594	0.099	0.958	0.896	1.409
12	20589183	rs10841524	1.239	0.174	3.033	-0.224	0.912	-0.134	-0.034	-0.358	0.185	0.287	-1.638	-1.121	-1.018	-1.109	-0.762	-0.949	-1.494	-0.685	-1.167	-1.361	-1.181	-1.499	-2.419	-1.784	-1.696	-1.878
12	25056378	rs3759086	-0.383	0.136	0.368	0.255	-0.371	-0.898	-0.362	-0.355	-0.310	-0.411	-0.668	0.888	0.434	0.494	0.399	0.252	0.034	0.324	-0.496	-0.807	-0.268	-0.832	-0.869	-0.649	-0.261	-0.604
12	33087372	rs10844395	0.589	0.692	-0.471	-0.018	0.240	0.050	0.516	0.165	0.273	0.034	0.094	-0.326	-0.121	0.051	-0.595	-0.329	-0.391	-0.399	-0.234	-0.860	-0.526	-0.165	0.356	-0.052	-0.358	0.127
12	91152203	rs12370326	NA	0.322	0.240	-0.199	-0.042	-0.003	0.006	0.590	0.081	0.469	0.198	0.346	1.188	0.385	NA	0.573	0.341	0.093	0.981	1.144	0.536	-1.464	-0.026	-0.974	0.298	-1.702
12	111338794	rs11065756	1.166	0.800	1.315	1.003	0.640	1.451	NA	0.481	0.180	1.103	1.211	0.929	-0.080	-0.104	-0.277	0.001	0.487	0.218	-0.702	0.260	0.086	0.712	0.574	0.799	0.467	1.105
12	111368171	rs2007018	-0.661	-0.703	-1.362	-0.279	-0.602	-1.528	-0.950	0.202	0.013	-0.946	0.494	-0.340	0.366	0.287	0.002	-0.396	0.699	0.654	0.411	0.396	0.806	-0.135	-0.074	0.184	-0.080	-0.155
12	121554178	rs615434	0.714	1.514	0.596	0.766	1.147	0.538	-0.277	-0.783	-1.871	-2.545	-0.403	0.335	0.043	0.259	0.060	-0.204	-0.461	0.752	-0.767	-0.794	0.270	0.026	-0.353	-0.478	-0.022	-0.816
13	30119500	rs9508490	-0.158	-0.118	-0.261	-0.156	-0.518	-0.157	-0.191	-1.182	-0.218	0.574	-1.019	-0.206	-0.101	0.432	-0.016	-1.006	-1.228	-1.006	-0.689	-1.231	-0.815	-1.027	-1.114	-0.477	-0.708	-0.780
13	47180671	rs7491248	1.194	0.955	0.577	NA	0.542	1.801	1.852	1.789	1.541	1.400	1.351	0.765	0.634	0.022	0.853	0.796	1.465	1.813	0.856	1.077	0.873	1.801	1.367	1.886	2.149	1.656
13	110954169	rs57225762	0.388	-0.052	0.441	0.096	0.247	0.123	0.729	0.658	1.072	2.411	1.358	1.271	1.190	1.213	1.940	1.037	1.333	1.832	1.197	1.123	0.752	1.530	1.457	1.516	0.977	1.149
13	110954237	rs4773140	-0.669	-1.423	-1.037	-0.933	-0.713	-0.546	-0.839	-1.026	-0.630	0.002	-0.901	-0.817	-0.338	-0.267	-0.551	-0.639	-0.947	-0.382	-1.378	-1.358	-1.648	-0.597	-0.806	-0.750	-0.934	-1.252
13	111040798	rs9515201	-1.183	0.573	-0.339	-0.196	-0.260	-0.633	-0.418	-0.112	0.611	0.461	0.931	0.567	-0.732	0.622	1.612	0.156	0.325	0.608	0.727	1.163	1.087	-0.493	-0.101	0.108	-0.509	-0.244
14	99708876	rs941521	-0.296	0.103	-0.579	-0.407	-0.690	-0.331	-0.393	1.636	0.708	0.404	2.443	1.284	1.469	0.810	0.689	0.803	1.714	2.254	2.584	2.837	2.269	0.622	0.663	0.961	1.191	0.828
15	79006442	rs11072793	-0.852	-1.882	-1.031	-1.871	-1.780	-0.728	-0.218	1.252	0.655	2.497	1.146	1.357	0.702	1.112	1.208	0.609	1.085	1.311	1.047	1.997	1.648	-0.153	-0.455	0.454	-0.101	0.092
15	96106897	rs2068885	1.074	1.365	1.326	1.362	1.230	1.596	1.260	0.141	0.867	0.497	1.025	0.115	0.678	0.514	1.144	1.147	0.552	0.691	1.209	0.218	0.460	1.869	1.618	1.769	1.725	1.570
16	16648017	rs7404425	NA	NA	0.820	NA	NA	NA	NA	-0.223	NA	-0.201	NA	0.643	1.017	0.528	NA	NA	NA	NA	NA	-0.181	NA	NA	NA	NA	NA	NA
16	73070000	rs4788693	0.786	0.597	0.817	0.909	0.983	0.777	0.273	1.184	0.983	2.022	0.863	0.952	0.689	0.580	-0.052	1.651	1.202	0.973	0.935	1.042	0.855	1.201	0.687	1.294	1.340	1.142
16	73528980	rs2432543	0.259	0.774	-0.272	0.500	-0.149	-0.132	-0.729	-0.983	-0.460	-0.961	-0.069	-0.889	-0.598	-0.539	-0.772	-0.852	0.518	0.480	-0.038	0.009	0.302	-0.812	0.018	-0.659	-0.296	-0.283
17	4261050	rs8072296	-0.256	-0.318	0.396	-0.393	0.109	-0.206	-0.298	-0.783	-0.728	-1.275	-0.362	0.284	-0.885	-1.815	-0.197	-0.479	-1.200	-0.811	-0.597	0.264	-0.558	-0.034	-0.111	-0.447	-0.590	-0.493
17	8960285	rs62069288	1.798	1.648	1.848	2.380	1.497	0.836	0.957	0.128	0.169	-0.478	-0.783	-0.371	-0.035	-0.164	0.166	0.105	-0.808	-0.639	-0.852	-0.844	-0.136	-0.094	0.033	-0.135	-0.229	0.151
17	18030524	rs854793	-0.213	0.639	0.105	0.276	0.524	0.550	0.185	0.205	0.480	0.313	0.102	-0.096	-0.241	-0.673	0.197	-0.476	0.824	0.809	0.214	0.631	-0.188	-0.881	-0.406	-0.578	-0.897	-0.790
17	56431549	rs2680702	0.091	-1.072	-0.828	-1.524	-1.594	-1.100	-0.194	0.125	-0.224	0.141	0.360	-0.690	-0.611	-0.728	-0.510	-0.881	0.400	0.442	0.567	1.024	0.119	-1.221	-0.717	-0.267	-0.932	-0.607
19	10987013	rs1541596	-1.957	0.338	-1.049	-1.168	-0.830	-1.183	-0.174	-0.639	-0.862	-1.759	-0.836	-1.447	-0.678	-1.073	-0.561	-0.917	-0.309	-0.617	-0.113	-0.193	-0.265	-1.486	-1.175	-1.724	-0.995	-1.841
20	34220755	rs11543244	0.226	0.815	0.537	NA	0.625	1.191	1.728	NA	1.083	0.988	1.405	1.283	1.712	1.136	0.783	0.996	0.919	0.866	1.273	1.420	0.733	0.903	0.442	0.866	0.647	1.143
20	50108963	rs6021246	0.500	-0.202	-0.625	-0.164	0.163	0.214	-0.404	-0.800	-0.656	-0.501	-0.378	-1.164	-1.276	-1.070	-0.206	-0.912	-0.499	-0.149	-0.732	-0.466	-0.224	-0.679	0.222	-0.068	-0.539	-0.086
