chr	pos	bstat
1	919501	934
1	8383469	758
1	48954276	780
1	56763781	934
1	58194733	969
1	61981885	933
1	92012154	605
1	156202809	514
1	208805883	976
2	34668611	971
2	54366096	541
2	55827548	308
2	154220492	911
2	164752160	825
2	227872995	480
3	8106602	982
3	11531846	775
3	55733390	873
3	94694851	875
3	137215820	827
3	168842429	536
4	10429760	658
4	24147202	842
4	25394785	584
4	41793898	758
4	52918703	378
4	72333036	703
4	81184341	792
4	111699326	908
4	113661382	851
4	115874966	855
4	138296323	864
4	155502869	538
5	32790616	613
5	50736314	664
5	80056961	628
5	106167127	879
5	123151406	856
5	124359018	940
5	127857493	617
5	152584632	912
6	7345678	729
6	15064540	964
6	25859286	551
6	27392711	564
6	35047579	397
6	46941564	778
6	48380182	865
6	49253462	775
6	89273404	906
6	100327316	900
6	120863569	893
6	147618024	567
6	154333183	915
7	12271252	757
7	12982018	956
7	13155939	933
7	13255162	981
7	27286796	523
7	30917675	876
7	43910682	671
7	70038969	935
7	92139791	268
7	92239531	408
7	97795898	630
8	961324	987
8	2613645	987
8	80608239	895
8	96798059	950
8	107096458	844
8	129185918	954
8	134247414	774
8	138801988	988
9	22053709	887
9	76936638	928
9	82980898	983
9	85706340	899
9	94200002	923
9	94266895	917
9	94396934	910
9	98511386	907
9	99086062	654
9	112581047	882
9	124954145	887
10	61326749	911
10	63582301	837
10	96434823	541
10	105530086	632
10	105588139	632
10	109523645	963
10	129123491	935
11	75277757	743
11	87870354	864
11	103741310	874
12	20589183	946
12	25056378	923
12	33087372	923
12	91152203	887
12	111338794	584
12	111368171	626
12	121554178	725
13	30119500	855
13	47180671	879
13	47257792	834
13	110954169	988
13	110954237	988
13	111040798	981
14	99708876	940
15	79006442	784
15	96106897	968
16	16648017	982
16	73070000	783
16	73528980	840
17	4261050	396
17	8960285	932
17	18030524	405
17	56431549	192
19	10987013	508
20	34220755	106
20	50108963	943
