chr	pos	rsid	allele	p-value	OR	Beta
15	78857986	rs55781567	G	2e-78	1.3320138	0.124508724
5	1285974	rs7705526	A	7e-08	1.2275395	0.089035476
5	1320247	rs380286	G	2e-32	1.1517557	0.06136037
19	41353107	rs56113850	C	7e-11	1.1555213	0.062777955
6	31840477	rs501942	T	3e-14	1.2034894	0.080442269
6	31081434	rs3094222	G	9e-17	1.1642892	0.066060869
15	49376624	rs77468143	T	1e-09	1.0861762	0.035900282
13	32972626	rs11571833	T	3e-08	2.1940665	0.341249786
12	998819	rs7953330	G	7e-13	1.1567484	0.063238907
6	28281894	rs34661125	A	2e-12	1.1597158	0.064351574
6	28934352	rs148696809	C	4e-11	1.2477136	0.096114909
15	79185180	rs28408315	G	4e-08	1.0970801	0.040238337
6	26133070	rs36109883	A	2e-07	1.1676731	0.067321275
3	189357199	rs13080835	G	7e-12	1.1171037	0.04809349
6	27441723	rs149866169	A	8e-09	1.1601964	0.064531514
1	77967507	rs71658797	A	2e-08	1.145921	0.059154678
10	105687632	rs11591710	C	6e-11	1.1624825	0.065386424
8	32410110	rs4236709	G	1e-10	1.1323667	0.053987089
6	26285867	rs3999544	C	1e-10	1.0787952	0.032939005
6	32783086	rs7383287	G	1e-10	1.1205634	0.049436433
6	28011516	rs149949	C	2e-10	1.2057247	0.081248158
6	27759115	rs35037868	C	2e-10	1.1462637	0.059284539
1	78450517	rs34517439	A	7e-08	1.1473451	0.059694065
11	118125625	rs1056562	T	3e-10	1.107537	0.044358244
6	25684606	rs13191296	T	1e-07	1.1728821	0.069254358
15	49741071	rs17400427	T	6e-10	1.1236535	0.050632409
6	27141904	rs35768595	T	1e-07	1.1596087	0.064311465
9	21830157	rs885518	G	1e-09	1.1671287	0.067118749
9	22052068	rs62560775	G	2e-09	1.1804289	0.072039834
6	26409890	rs41266839	C	4e-09	1.1371641	0.055823141
6	167376466	rs6920364	C	1e-08	1.0700544	0.029405857
8	27344719	rs11780471	G	2e-08	1.1515831	0.061295283
15	47577451	rs66759488	A	3e-08	1.0702693	0.029493068
6	117792612	rs9387479	T	7e-08	1.0919205	0.03819102
1	243193272	rs144503462	T	8e-08	1.6769611	0.224522989
7	130932663	rs11514963	C	8e-08	1.3071538	0.11632669
5	150110239	rs35772018	C	8e-08	1.4609038	0.164621619
4	67833774	rs185666783	C	9e-08	1.0813257	0.033956525
10	99673183	rs60280813	C	9e-08	1.5677797	0.195285037
6	410848	rs2316515	G	1e-07	1.0899395	0.037402392
5	1004702	rs79398649	T	1e-07	1.2955143	0.112442211
8	129535264	rs67824503	T	1e-07	1.1081239	0.044588322
9	102587233	rs191205566	T	1e-07	1.4017447	0.146668923
2	67794452	rs76980472	C	1e-07	1.3714582	0.137182575
1	168505017	rs77045810	A	2e-07	1.1030006	0.042575749
17	70299958	rs17181550	T	3e-06	1.0797197	0.033311025
12	129070937	rs7299138	T	2e-07	1.2594087	0.100166689
15	75055819	rs79149102	T	2e-07	1.1790844	0.071544893
2	67504661	rs79294676	A	2e-07	1.5717803	0.196391841
19	41195170	rs66500423	C	7e-06	1.0815878	0.03406178
8	27420782	rs2741348	G	2e-07	1.0817294	0.034118633
4	164070122	rs2320614	C	2e-07	1.0883278	0.036759723
19	54567858	rs12981718	A	2e-07	1.3595927	0.133408824
12	58834035	rs3847711	G	3e-07	1.095207	0.039496211
13	84281063	rs9602270	T	3e-07	1.2693835	0.103592849
5	90226979	rs74501188	G	3e-07	1.2018008	0.079832489
18	20741135	rs79421398	C	3e-07	1.233339	0.091082465
19	42096228	rs2006209	T	3e-07	1.1630918	0.065613994
2	140433325	rs59396197	G	3e-07	1.2400912	0.093453626
7	17054346	rs3944100	C	3e-07	1.0820277	0.034238379
14	34015021	rs10146472	A	4e-07	1.125447	0.051325048
11	118168086	rs61677309	A	4e-07	1.0839134	0.034994585
9	6227418	rs10118776	G	4e-07	1.3389986	0.126780123
1	78743005	rs71641333	A	4e-07	1.1440215	0.058434186
15	79130424	rs7403155	A	4e-07	1.1159655	0.047650769
6	72384541	rs117534741	A	6e-07	1.4064276	0.14811738
10	101946033	rs28372851	A	5e-07	1.2485899	0.096419818
11	57250026	rs78853063	C	5e-07	1.1254505	0.051326398
8	144722420	rs111960002	C	5e-07	1.3636285	0.134696069
1	154566225	rs78062588	T	5e-07	1.1326951	0.054113022
4	164438200	rs9308062	T	5e-07	1.1650723	0.066352877
15	70431773	rs11855650	T	6e-07	1.0864811	0.036022176
10	102672248	rs62621207	T	6e-07	1.1592233	0.064167102
9	136275229	rs75685923	T	6e-07	1.3846594	0.141342958
2	45189737	rs79368540	T	6e-07	1.0928439	0.038558132
16	10740982	rs78442819	G	6e-07	1.1216913	0.049873351
12	64913237	rs9668978	T	6e-07	1.0957873	0.039726263
9	107813673	rs35440884	G	7e-07	1.1096019	0.045167192
11	8487170	rs117729306	C	7e-07	2.3079925	0.363234393
9	22083404	rs1333040	C	7e-07	1.098154	0.040663248
11	115998756	rs78334599	G	8e-07	1.1687047	0.067704791
9	33421420	rs10758203	G	9e-07	1.0911608	0.037888756
9	17934120	rs17185553	C	9e-07	1.2937081	0.111836297
8	55495833	rs188586526	T	9e-07	1.4032447	0.147133411
9	136505241	rs1108581	A	9e-07	1.122288	0.050104319
19	4840799	rs72981884	G	9e-07	1.3132664	0.118352833
7	86962298	rs139328189	C	1e-06	1.619335	0.209336703
7	130668618	rs6957511	C	1e-06	1.0997349	0.041288008
10	133001939	rs2918130	T	1e-06	1.120273	0.049323869
6	26403036	rs12200782	C	1e-06	1.2811285	0.107592693
1	100724467	rs7534220	C	1e-06	1.1280495	0.052328157
1	90372770	rs78359677	G	1e-06	1.1185868	0.04866969
16	84225679	rs8049634	G	1e-06	1.1792545	0.071607542
2	152481712	rs10174077	T	1e-06	1.0992897	0.041112159
18	9780846	rs9960703	T	1e-06	1.089008	0.03703107
8	129170126	rs2608029	G	1e-06	1.0843331	0.035162715
5	1619135	rs6897545	G	1e-06	1.0992558	0.041098766
11	122709178	rs3134425	C	1e-06	1.1615169	0.065025533
3	29408656	rs7428320	G	1e-06	1.0849946	0.035427577
11	78809246	rs2187172	A	1e-06	1.2159665	0.08492161
6	7770511	rs140013431	C	1e-06	1.6634338	0.221005522
2	67701289	rs55864010	A	2e-06	1.1529757	0.061820154
2	202505989	rs55902839	A	1e-06	1.0806478	0.033684174
7	12653059	rs116877011	T	2e-06	1.6737633	0.223694041
1	209190474	rs151066755	G	2e-06	1.3238224	0.121829725
2	17784157	rs13031455	T	2e-06	1.0940219	0.039026016
2	24928579	rs2289393	C	2e-06	1.064274	0.027053453
2	65520145	rs1039766	T	3e-06	1.1111958	0.045790591
2	174210227	rs115882368	T	2e-06	1.3762412	0.138694555
3	16671821	rs9869622	C	2e-06	1.0753014	0.031530211
4	4776163	rs12108538	G	2e-06	1.1674694	0.067245506
4	89096641	rs7658584	A	2e-06	1.1268572	0.051868884
4	100252308	rs113659074	G	2e-06	1.112315	0.046227794
4	111513721	rs11941078	C	2e-06	1.1084317	0.044708938
5	133185535	rs1703426	C	2e-06	1.2045968	0.080841705
5	174388032	rs79793963	G	2e-06	1.6318891	0.212690642
6	10415006	rs654351	G	2e-06	1.101157	0.041849244
6	33328704	rs114984535	T	2e-06	1.2639532	0.101730994
7	7906724	rs6463739	G	2e-06	1.155505	0.062771829
7	9825541	rs7805022	A	2e-06	1.0614822	0.025912716
1	41952597	rs3754287	T	2e-06	1.1387107	0.056413402
7	86875778	rs117049781	T	2e-06	1.6999506	0.230436301
7	130720805	rs10265693	G	2e-06	1.0986036	0.040841018
10	4961021	rs4453114	C	2e-06	1.2302109	0.089979571
10	27445205	rs3758407	C	2e-06	1.2178137	0.085580855
10	72030898	rs138809958	C	2e-06	1.43228	0.156027928
11	9951257	rs1512829	G	2e-06	1.0958536	0.039752539
14	72716686	rs847245	G	2e-06	1.5125053	0.179696905
15	43930606	rs35028925	A	2e-06	1.0992004	0.041076878
17	4327983	rs140394255	A	2e-06	1.3050312	0.115620895
6	42593718	rs10755723	T	3e-06	1.2163181	0.08504717
13	33343649	rs117371643	A	3e-06	1.4205657	0.152461324
8	21832494	rs3816788	A	3e-06	1.0732349	0.030694787
12	20576874	rs12369136	G	3e-06	1.2264934	0.088665216
9	123400421	rs10984970	G	3e-06	1.1137654	0.046793722
15	49994399	rs12904211	T	3e-06	1.0599552	0.02528751
6	27555519	rs10807026	C	3e-06	1.0867515	0.036130248
15	97982134	rs145474218	C	3e-06	1.9609474	0.292465944
9	17348208	rs75420629	C	3e-06	1.252284	0.097702832
1	78995535	rs34443463	A	3e-06	1.0657755	0.027665732
6	109699446	rs35452836	T	3e-06	1.0622944	0.026244892
6	24091552	rs72828912	A	3e-06	1.2953213	0.112377507
1	195791597	rs114864108	A	3e-06	1.3381778	0.126513821
18	2280388	rs631644	A	3e-06	1.0671345	0.028219161
6	422631	rs62389424	A	3e-06	1.1453886	0.058952856
8	128897079	rs17775239	A	3e-06	1.0655429	0.02757094
4	76165275	rs10434093	G	3e-06	1.1294919	0.052883121
8	13437876	rs55843245	A	3e-06	1.1604022	0.064608544
7	121419130	rs147560684	G	3e-06	1.245668	0.095402308
14	47235445	rs11848063	A	3e-06	1.0807451	0.033723275
5	141195546	rs34357052	C	3e-06	1.0624987	0.026328407
8	129965593	rs72728744	T	3e-06	1.1889769	0.075173417
11	12387925	rs2403597	G	3e-06	1.1187984	0.048751837
2	29297758	rs17007554	C	3e-06	1.2231709	0.08748714
7	97097419	rs117723999	T	4e-06	1.5691193	0.195655964
13	69847018	rs117823901	C	4e-06	1.5131308	0.179876471
11	33039093	rs4755351	G	4e-06	1.0984026	0.040761552
11	61604967	rs2072113	C	4e-06	1.1081095	0.044582678
11	90410142	rs34735495	G	4e-06	1.4680247	0.166733363
4	9719148	rs7683574	T	4e-06	1.060866	0.025660531
12	47729595	rs215335	T	4e-06	1.0564134	0.023833901
17	13066819	rs2674946	T	4e-06	1.102755	0.042479036
5	851582	rs3810859	A	4e-06	1.0810798	0.033857753
8	137933469	rs1909481	C	4e-06	1.1388079	0.056450471
19	56032711	rs639436	G	4e-06	1.1027007	0.04245765
1	199217117	rs75227923	A	4e-06	1.4561167	0.163196183
15	58418128	rs2704201	C	4e-06	1.2850466	0.108918877
7	49119500	rs4455778	T	4e-06	1.1842692	0.073450434
2	153831482	rs1991625	A	4e-06	1.0594825	0.025093788
9	137741797	rs140701862	C	4e-06	1.0960294	0.039822204
19	39813853	rs8108034	G	4e-06	1.1390146	0.056529291
1	78412779	rs17382996	A	4e-06	1.5072039	0.178172009
1	44151911	rs113688544	C	4e-06	1.1049403	0.043338814
6	11322790	rs80271657	A	4e-06	1.9961306	0.300188952
5	178981241	rs10479542	A	4e-06	1.0570045	0.024076836
15	43784475	rs2439831	C	4e-06	1.1158895	0.047621191
14	100086053	rs118022189	G	4e-06	1.1760969	0.070443105
14	105103758	rs116039120	C	5e-06	1.6098583	0.206787651
7	22069637	rs113211131	G	5e-06	1.1660558	0.066719333
6	117287843	rs72951719	T	5e-06	1.1387022	0.05641016
1	83937321	rs150340921	T	5e-06	1.6037836	0.205145768
9	114151247	rs184716813	C	5e-06	1.3907048	0.143234954
11	2021493	rs78276179	C	5e-06	1.1871005	0.074487488
19	49206462	rs681343	T	5e-06	1.0764673	0.032000842
5	82418056	rs28745309	T	5e-06	1.4954325	0.174766815
5	72305846	rs258892	C	5e-06	1.2072699	0.081804373
11	118262706	rs61900932	C	5e-06	1.099922	0.041361889
12	27630737	rs116901460	T	5e-06	1.4525692	0.162136831
4	3918699	rs10016781	G	5e-06	1.1073242	0.044274791
3	169489312	rs28649851	A	5e-06	1.0917237	0.038112738
13	112103902	rs118166185	G	5e-06	1.2207745	0.086635449
19	50457551	rs12165127	T	5e-06	1.4677519	0.166652651
2	214034104	rs72949976	T	5e-06	1.0923936	0.038379147
2	45834076	rs7591446	C	5e-06	1.1134666	0.046677194
17	4943176	rs10445262	G	5e-06	1.0889617	0.037012605
2	226622221	rs116238841	A	6e-06	1.327899	0.123165044
2	188343762	rs116350534	T	6e-06	1.4517832	0.161901766
16	82153538	rs34638657	C	6e-06	1.0949496	0.039394129
2	174238699	rs72899227	A	6e-06	1.0766385	0.032069906
8	12892386	rs10091877	T	6e-06	1.1013283	0.041916799
14	89667917	rs77216150	T	6e-06	1.5436904	0.188560203
5	141445774	rs252152	A	6e-06	1.0938516	0.038958406
15	89426935	rs17791430	T	6e-06	1.081127	0.033876714
6	109929106	rs13205254	G	6e-06	1.141066	0.057310765
15	75515554	rs62027346	A	6e-06	1.1691946	0.067886801
9	83702684	rs75108857	A	6e-06	1.3359972	0.125805548
5	1482867	rs12514642	C	6e-06	1.1133295	0.046623717
15	101827491	rs56377826	T	6e-06	1.0730215	0.030608424
9	4326243	rs10974465	T	6e-06	1.122095	0.050029627
8	11295251	rs2898279	G	6e-06	1.1534675	0.062005362
1	209008062	rs34763909	C	6e-06	1.613073	0.207654022
7	22738762	rs4722166	C	6e-06	1.0574074	0.024242345
7	27019791	rs117205897	T	7e-06	1.862035	0.26998784
8	1462268	rs2404618	T	7e-06	1.0544931	0.023043742
8	72980804	rs12234934	A	7e-06	1.1144483	0.047059926
7	51284215	rs17811625	C	7e-06	1.2811943	0.107614998
3	157823909	rs75077515	C	7e-06	1.5755453	0.197430895
12	101861492	rs7979031	C	7e-06	1.205228	0.081069213
17	75821701	rs111537197	C	7e-06	1.2532552	0.098039515
1	156078376	rs116480793	T	7e-06	1.2884976	0.110083614
1	160210727	rs2369473	C	7e-06	1.0888755	0.036978226
3	139776799	rs76486688	A	7e-06	1.25974	0.10028092
17	29223582	rs140040369	C	7e-06	1.4697365	0.16723948
13	106400525	rs56057401	C	7e-06	1.2347617	0.09158315
7	43044466	rs2877187	T	7e-06	1.082824	0.034557873
3	191119656	rs366403	A	7e-06	1.6124116	0.207475914
2	238071157	rs111308888	T	7e-06	1.1643438	0.066081235
2	182151508	rs2119148	A	7e-06	1.0550008	0.023252789
6	26686131	rs10456332	A	7e-06	1.271729	0.104394575
4	181959788	rs55656647	C	7e-06	1.3116096	0.117804587
11	125510257	rs113301858	T	7e-06	1.2050368	0.08100031
8	40182303	rs6989042	G	7e-06	1.0758488	0.03175124
2	49856031	rs191932161	A	7e-06	1.3283206	0.123302908
6	56203674	rs9464379	G	8e-06	1.1592995	0.064195649
12	91031636	rs77028233	A	8e-06	1.3694347	0.136541328
11	94284529	rs12279741	G	8e-06	1.8242028	0.261073118
11	4417129	rs11032090	G	8e-06	1.0693008	0.029099892
6	21966637	rs62402518	C	8e-06	1.1517986	0.061376546
3	54900855	rs1880828	A	8e-06	1.1144239	0.047050417
5	55801339	rs29999	A	8e-06	1.8959502	0.277826926
2	9037082	rs150954074	C	8e-06	1.313554	0.118447931
18	45546185	rs7227917	A	8e-06	1.1139429	0.04686293
15	93111129	rs28510890	G	8e-06	1.0823249	0.03435765
9	2552965	rs148802107	T	8e-06	1.3019569	0.114596608
7	70614846	rs56212584	G	8e-06	1.1518074	0.061379864
18	41899245	rs12957236	T	8e-06	1.100537	0.041604648
5	1128736	rs12517665	A	8e-06	1.0714158	0.029958047
17	39570718	rs117194419	G	9e-06	1.4204632	0.152429987
6	72648944	rs117413473	G	9e-06	1.847798	0.266654493
8	128070035	rs10113175	G	9e-06	1.5820769	0.199227589
11	101154872	rs7941595	A	9e-06	1.1133189	0.046619582
5	1519079	rs4406174	C	9e-06	1.1150825	0.047307
2	106070621	rs17697383	C	9e-06	1.236974	0.092360571
4	164101524	rs1479090	A	9e-06	1.0680943	0.028609597
9	128660207	rs10819083	T	9e-06	1.091151	0.037884855
3	107247430	rs80152782	A	9e-06	1.7656513	0.246904939
7	44749570	rs11769862	T	9e-06	1.7594036	0.245365476
15	89515163	rs34783982	G	9e-06	1.0965776	0.04003937
