chr	pos	RSNUM	ESN	GWD	LWK	MSL	YRI	ACB	ASW	CLM	MXL	PEL	PUR	CDX	CHB	CHS	JPT	KHV	CEU	FIN	GBR	IBS	TSI	BEB	GIH	ITU	PJL	STU
1	41952597	rs3754287	-0.240	-0.253	0.554	0.033	0.267	-0.146	0.188	1.743	NA	-0.158	1.115	-0.699	-0.498	-0.644	0.028	-0.760	1.403	NA	2.172	0.800	1.485	0.942	1.176	0.256	0.816	0.796
1	44151911	rs113688544	NA	NA	NA	NA	NA	0.033	-0.184	-0.410	-0.439	-0.213	-0.595	NA	NA	NA	NA	NA	-0.493	-0.453	-0.646	-0.636	-0.324	1.110	0.805	0.798	0.813	0.951
1	77967507	rs71658797	NA	NA	NA	NA	NA	-0.660	NA	-1.154	-0.112	-0.617	-1.239	NA	NA	NA	NA	NA	-2.299	-1.777	-1.867	-1.454	-0.137	-1.193	NA	NA	NA	-1.031
1	78412779	rs17382996	NA	NA	NA	NA	NA	NA	NA	-0.674	-0.411	NA	-0.470	NA	NA	NA	NA	NA	1.079	0.192	0.510	0.034	-0.004	NA	NA	NA	NA	NA
1	78450517	rs34517439	NA	NA	NA	NA	NA	NA	-1.082	-1.526	-1.152	-1.060	-1.052	NA	NA	NA	NA	NA	-2.182	-1.613	-2.060	-1.927	-1.383	-0.946	NA	-0.657	0.014	NA
1	78743005	rs71641333	NA	NA	NA	NA	NA	NA	NA	-1.047	NA	-1.581	-1.274	NA	NA	NA	NA	NA	-0.552	0.196	-0.667	-0.495	0.435	NA	NA	NA	NA	NA
1	78995535	rs34443463	1.439	1.452	0.353	0.593	1.261	1.320	1.974	1.841	1.714	1.607	1.454	0.656	0.685	0.724	-0.754	0.218	1.306	1.358	0.838	1.531	1.906	1.641	1.594	1.313	2.280	1.725
1	83937321	rs150340921	NA	NA	NA	NA	NA	NA	NA	NA	NA	NA	NA	NA	NA	NA	NA	NA	-0.977	-1.469	NA	NA	NA	NA	NA	NA	NA	NA
1	90372770	rs78359677	2.269	1.432	1.791	2.264	2.669	2.843	1.132	1.086	1.276	1.159	0.441	NA	-0.214	-0.086	-0.038	NA	0.481	0.222	0.123	0.025	0.528	0.430	0.762	0.316	0.348	0.786
1	154566225	rs78062588	NA	NA	NA	NA	NA	0.338	NA	0.190	-0.963	-1.366	-0.585	NA	NA	NA	NA	NA	-0.622	-0.824	-0.354	0.327	-0.791	-0.936	NA	NA	NA	NA
1	160210727	rs2369473	-2.689	-0.491	-1.896	-1.372	-1.613	-1.507	-0.134	1.285	0.781	0.609	2.161	2.302	1.923	1.789	1.673	2.084	1.753	2.136	3.665	1.890	1.527	2.007	0.816	0.943	1.408	0.262
1	168505017	rs77045810	NA	1.103	-0.288	2.022	1.039	1.212	0.613	-0.281	-0.452	0.121	-0.171	0.057	0.412	0.475	-0.935	0.333	-0.636	-1.673	-0.558	-0.920	-0.922	-1.397	-0.968	-1.229	-0.863	-1.817
1	195791597	rs114864108	NA	NA	NA	NA	NA	NA	-0.158	NA	NA	NA	-0.625	NA	NA	NA	NA	NA	-0.116	NA	0.378	-0.694	NA	NA	NA	NA	NA	NA
1	199217117	rs75227923	NA	NA	NA	NA	NA	NA	-0.986	NA	NA	NA	NA	NA	NA	NA	NA	NA	0.249	NA	NA	NA	0.169	NA	NA	NA	NA	NA
1	209008062	rs34763909	NA	0.106	1.490	0.746	-0.453	0.321	0.458	-0.146	-0.506	NA	0.251	NA	NA	NA	NA	NA	-1.094	-2.491	-0.178	-0.635	-1.289	0.565	-0.218	-0.826	0.056	-0.028
1	209190474	rs151066755	NA	NA	NA	NA	NA	NA	NA	NA	NA	NA	NA	NA	NA	NA	NA	NA	0.708	-1.338	NA	-0.522	NA	NA	NA	NA	NA	NA
2	17784157	rs13031455	-0.581	-1.334	-0.950	NA	NA	-0.139	0.451	-0.207	-0.654	-0.640	0.263	-1.715	-1.343	-0.977	-0.890	-1.708	0.480	0.595	0.550	0.585	0.733	-0.580	-0.659	-0.763	-0.409	-0.238
2	24928579	rs2289393	1.744	0.501	0.633	0.603	1.734	1.145	1.277	1.260	1.391	0.703	1.001	0.004	0.454	0.616	0.347	1.070	1.176	0.853	0.668	0.498	1.189	1.818	1.958	1.678	2.462	0.358
2	29297758	rs17007554	0.305	0.082	0.556	-0.429	0.582	-0.285	-0.543	-0.198	-0.117	-0.215	-0.500	-0.819	-0.789	-0.767	-1.543	-0.914	-0.126	-0.125	-0.008	-0.164	-0.089	-0.454	-0.310	-0.767	-0.505	-0.984
2	45189737	rs79368540	0.558	NA	NA	NA	0.008	0.127	-0.221	-1.163	-0.905	-0.176	-0.906	NA	NA	NA	NA	NA	-1.043	-0.691	-0.382	-1.063	-0.321	-1.022	-1.091	-1.348	-0.375	-1.449
2	45834076	rs7591446	0.046	0.198	0.696	0.341	-0.512	0.053	0.389	-0.238	0.722	0.082	0.897	0.512	1.730	0.717	1.075	0.866	0.337	0.423	-0.052	0.075	0.112	0.192	0.150	0.024	0.671	-0.317
2	49856031	rs191932161	NA	NA	NA	NA	NA	NA	NA	NA	NA	NA	NA	NA	NA	NA	NA	NA	NA	-1.164	-1.715	NA	NA	NA	NA	NA	NA	NA
2	65520145	rs1039766	-0.047	-1.035	-0.629	-0.770	-0.374	0.193	-0.478	-0.758	-0.415	-0.667	-0.807	0.126	0.856	-0.072	0.266	-0.135	-0.265	0.309	0.094	-0.548	-0.922	-0.960	-0.750	-0.995	-0.870	-0.967
2	67504661	rs79294676	NA	NA	NA	NA	NA	NA	NA	NA	NA	NA	NA	NA	NA	NA	NA	NA	NA	NA	NA	NA	NA	NA	NA	NA	NA	NA
2	67701289	rs55864010	-0.971	NA	NA	0.611	NA	0.131	-0.413	-1.638	-0.771	-1.330	-0.819	NA	NA	NA	-0.264	0.136	-0.961	-0.588	-1.049	-1.185	-1.385	-1.398	-2.081	-1.351	-1.336	-1.197
2	67794452	rs76980472	NA	NA	NA	NA	NA	NA	NA	-1.777	NA	NA	NA	NA	NA	NA	NA	NA	-1.955	NA	-2.288	NA	NA	NA	NA	NA	NA	NA
2	106070621	rs17697383	NA	NA	NA	NA	NA	NA	NA	-0.405	-0.584	NA	-0.440	NA	NA	NA	NA	NA	-0.100	-0.623	0.874	0.066	0.410	-1.097	NA	NA	0.713	NA
2	140433325	rs59396197	-0.678	1.036	0.212	0.144	-0.267	0.767	1.101	1.003	1.185	-0.280	1.709	0.434	0.670	0.582	0.246	0.343	-0.090	-0.250	0.376	-0.451	1.889	0.601	0.573	0.252	0.712	1.006
2	152481712	rs10174077	1.008	1.363	0.254	1.126	1.248	1.077	1.222	0.787	0.443	0.206	0.791	-0.198	-0.456	-0.435	-0.607	-0.494	0.712	0.726	0.909	0.660	0.637	-0.000	0.905	-0.017	0.274	0.792
2	153831482	rs1991625	-0.117	-0.724	-0.409	-0.003	-0.540	-0.465	0.192	-0.645	-1.342	-0.488	-1.144	-1.552	-0.843	-0.311	-0.484	-1.440	-1.326	-1.298	-1.736	-0.956	-1.968	-2.071	-1.524	-1.789	-1.927	-1.619
2	174238699	rs72899227	0.371	0.221	0.447	-0.448	0.256	-0.111	-0.100	-0.918	-0.750	-1.254	-1.105	-1.309	NA	NA	-0.164	NA	-0.749	-1.127	-0.522	-0.079	-0.298	-1.073	-1.397	-1.308	-1.431	-1.161
2	182151508	rs2119148	-1.826	-1.662	-1.623	-1.105	-2.298	-1.497	-1.076	-0.911	-1.700	-1.728	-0.536	-1.922	-0.658	-1.052	-0.160	-1.054	-1.161	-0.290	-0.449	-0.560	-0.372	0.061	-0.327	0.031	-0.090	-0.098
2	188343762	rs116350534	NA	NA	NA	NA	NA	NA	NA	NA	NA	NA	NA	NA	NA	NA	NA	NA	NA	NA	NA	NA	NA	NA	NA	NA	NA	NA
2	202505989	rs55902839	0.255	0.219	-0.046	-0.175	-0.164	-0.056	-0.364	0.176	-0.323	1.031	-0.035	-0.045	-0.107	-0.159	-0.167	-0.185	-0.382	-0.371	-0.338	-0.342	-0.347	0.111	-0.053	0.348	0.035	0.237
2	214034104	rs72949976	1.812	-1.346	-0.505	-0.764	1.132	-0.284	-0.284	0.004	0.534	0.615	0.198	NA	1.326	NA	NA	1.275	-0.041	0.351	-0.233	-0.217	-0.007	0.406	0.046	0.215	-0.075	0.942
2	226622221	rs116238841	NA	NA	NA	NA	NA	NA	NA	-2.260	NA	NA	-1.080	NA	NA	NA	NA	NA	-1.407	NA	-2.344	-1.417	-1.049	NA	NA	NA	NA	NA
2	238071157	rs111308888	NA	NA	NA	NA	NA	NA	NA	0.074	NA	-0.275	-0.795	NA	NA	NA	NA	NA	0.421	0.078	-0.026	0.059	NA	NA	NA	NA	0.893	NA
3	16671821	rs9869622	-0.409	-0.078	-0.546	-0.830	-0.382	-1.077	-0.965	-0.595	-0.775	-0.088	-1.505	-1.291	-0.958	-0.823	-1.525	-0.633	-1.312	-0.487	-1.706	-1.485	-0.718	-0.635	-0.317	-0.588	-0.344	-0.599
3	29408656	rs7428320	1.038	0.902	1.059	0.959	0.995	1.527	1.569	0.966	1.533	0.922	1.184	1.021	1.675	1.243	1.482	1.027	1.220	1.275	0.973	1.229	1.137	1.527	1.156	1.135	1.267	1.211
3	54900855	rs1880828	1.169	0.573	0.640	0.310	0.734	0.978	1.306	0.649	0.843	1.352	0.711	NA	NA	NA	NA	0.712	-0.549	-0.481	-0.019	0.291	0.434	-0.699	0.545	0.076	0.732	NA
3	107247430	rs80152782	NA	NA	NA	NA	NA	NA	NA	NA	NA	-0.796	-0.833	NA	NA	NA	NA	NA	NA	NA	NA	-0.363	-0.266	NA	-0.259	NA	NA	NA
3	139776799	rs76486688	NA	NA	NA	NA	NA	NA	NA	-1.020	NA	NA	NA	NA	NA	NA	NA	NA	-1.007	NA	NA	-0.871	NA	NA	NA	NA	NA	NA
3	157823909	rs75077515	NA	NA	NA	NA	NA	NA	NA	NA	-0.055	-0.731	1.569	NA	NA	NA	NA	NA	1.384	0.919	1.035	0.310	1.411	0.768	1.668	1.073	0.982	0.563
3	169489312	rs28649851	1.112	2.251	2.050	2.541	2.171	2.221	1.874	1.301	0.371	-0.065	1.131	-0.142	-0.188	0.046	0.262	0.331	0.974	1.311	0.979	0.303	0.663	0.686	0.702	0.811	0.564	0.804
3	189357199	rs13080835	0.247	0.364	-0.148	0.657	-0.207	0.481	0.206	1.296	1.476	0.769	0.460	-0.494	-0.210	-0.626	0.196	-0.060	0.811	-1.462	0.599	0.567	1.309	-0.692	-0.107	-1.553	-0.767	-0.308
3	191119656	rs366403	NA	NA	NA	NA	NA	NA	NA	-0.275	-1.308	-1.442	NA	NA	NA	NA	NA	NA	0.157	NA	0.260	-0.344	0.587	NA	NA	NA	0.183	NA
4	4776163	rs12108538	-0.391	-0.901	-0.225	-1.007	-0.591	-1.146	-0.510	-1.090	0.511	NA	-0.476	-1.697	-0.875	-1.153	0.970	-1.557	0.356	-0.556	-0.658	-0.341	-0.721	-0.445	-1.810	-0.698	-0.768	-0.314
4	76165275	rs10434093	0.719	0.809	0.974	0.840	1.399	0.782	1.300	1.094	0.465	-0.410	1.055	-0.977	-0.084	-0.571	0.315	-0.849	1.907	1.152	2.119	1.997	1.805	0.907	1.594	0.971	1.455	1.047
4	89096641	rs7658584	-0.677	-1.352	-0.749	-1.625	0.285	-0.866	0.361	1.195	1.246	0.806	1.262	0.109	0.293	0.446	0.369	-0.055	0.665	0.501	0.940	0.351	0.276	0.553	0.030	0.529	0.170	0.248
4	100252308	rs113659074	1.133	0.112	0.194	0.104	1.601	1.506	0.508	-1.527	-2.243	-2.653	-0.875	0.388	0.787	0.518	1.724	0.232	-0.535	-0.183	0.542	-0.217	-0.147	1.291	0.825	0.767	1.299	0.785
4	111513721	rs11941078	1.348	0.618	1.589	0.782	0.970	0.864	1.026	1.162	0.898	0.541	1.161	0.068	1.095	0.693	2.061	0.673	0.044	0.577	0.431	0.906	0.780	0.881	0.605	1.042	0.932	1.206
4	164070122	rs2320614	-0.122	-1.456	0.379	0.107	0.098	-0.326	-0.858	-2.533	-0.519	-0.619	-2.703	-0.069	-0.905	-0.771	-0.689	0.415	-3.058	-2.559	-2.629	-1.360	-2.084	-1.197	-1.052	-1.603	-1.034	-2.080
4	164101524	rs1479090	-1.179	-0.429	-0.193	-0.507	-0.620	-0.445	-0.683	1.439	0.510	0.258	-0.430	0.645	0.872	1.044	1.262	-0.161	0.555	1.581	0.138	-0.012	0.749	0.424	1.024	0.656	0.785	1.692
4	181959788	rs55656647	NA	0.377	-0.309	-0.405	0.563	0.296	0.313	-0.315	-0.027	0.430	-0.802	-0.448	-0.856	-1.026	-1.307	-0.563	-0.588	-0.928	-1.262	-0.614	-0.544	-0.225	0.597	0.561	-0.020	0.160
5	1004702	rs79398649	0.741	-0.377	0.685	0.389	0.594	0.189	-0.026	-0.014	-0.537	-0.712	1.218	0.167	-0.373	-0.297	-1.289	0.318	1.020	1.889	0.370	1.274	1.222	0.974	0.079	NA	NA	NA
5	1128736	rs12517665	0.716	0.621	1.213	0.508	1.619	-0.052	1.111	0.143	0.077	-0.062	-0.762	NA	NA	NA	NA	NA	0.009	-0.330	0.095	-0.595	0.180	-0.389	-0.397	-0.662	-0.336	-0.618
5	1285974	rs7705526	0.287	0.608	0.129	-0.011	0.747	0.647	0.698	1.267	1.055	1.022	0.721	-0.122	0.743	0.367	1.141	0.236	0.724	0.483	1.333	0.870	0.738	1.060	0.775	1.234	0.848	1.024
5	1320247	rs380286	-0.471	0.255	-0.585	-0.411	0.358	-0.247	-0.199	-0.966	-1.276	-0.783	-0.815	-0.590	-0.185	0.020	-0.538	-0.593	-0.145	0.094	-0.093	-0.532	-0.511	-1.591	-0.597	-1.548	-1.275	-1.049
5	1519079	rs4406174	NA	0.188	NA	NA	NA	-0.933	NA	-1.163	-0.198	-0.370	-0.566	0.114	-0.132	-0.406	0.673	-0.144	-0.179	0.128	-0.384	0.352	-0.334	-0.326	-1.270	0.248	-0.343	-2.040
5	55801339	rs29999	NA	-0.520	0.138	NA	NA	0.129	-0.018	-0.920	0.364	NA	-0.588	-1.063	-0.137	0.401	0.277	-0.073	-1.030	NA	-0.387	-0.377	NA	NA	NA	NA	NA	NA
5	72305846	rs258892	-2.109	-1.738	-1.570	-1.585	-1.835	-0.912	-0.205	0.489	-0.181	0.190	0.528	NA	-2.051	0.484	-1.879	NA	-1.822	-0.387	-2.392	-1.543	-0.383	-0.417	0.313	-1.969	0.387	-0.361
5	90226979	rs74501188	-0.107	-0.092	0.183	-0.832	-0.026	-0.266	-0.673	-1.351	0.157	0.948	-0.575	NA	NA	NA	NA	0.648	-0.811	-1.428	-0.762	-0.906	-0.031	-1.796	-0.107	0.023	-0.463	0.021
5	133185535	rs1703426	NA	1.308	NA	2.214	1.271	1.229	1.196	0.797	1.001	1.582	1.222	2.010	1.491	1.596	1.447	2.014	1.320	0.926	1.520	0.175	0.146	0.981	1.485	1.324	1.436	1.516
5	141195546	rs34357052	0.921	1.927	2.252	1.539	1.098	2.049	0.922	1.225	0.655	1.271	0.528	1.188	1.743	1.338	0.632	0.692	0.022	0.908	0.754	0.749	0.129	1.305	0.234	0.772	0.779	1.387
5	141445774	rs252152	0.584	0.226	-0.658	0.082	0.721	0.560	0.688	0.243	-0.354	-0.650	0.727	0.184	-0.928	-0.316	-0.675	0.211	1.415	2.520	1.563	1.442	1.950	-0.236	0.213	0.054	0.228	0.058
5	150110239	rs35772018	NA	NA	NA	NA	NA	NA	NA	NA	-0.066	NA	NA	NA	NA	NA	NA	NA	NA	NA	-0.102	1.029	NA	NA	NA	NA	NA	NA
5	174388032	rs79793963	NA	NA	NA	NA	NA	-1.412	NA	-0.750	NA	NA	NA	NA	NA	NA	NA	NA	-0.211	0.401	-0.222	1.313	NA	NA	NA	NA	0.002	NA
5	178981241	rs10479542	0.068	0.547	0.730	0.152	0.414	0.169	0.362	0.171	-1.438	-1.417	0.235	-1.212	-1.217	-1.422	-1.523	-1.503	1.625	1.369	1.750	0.799	1.285	-0.547	0.132	-0.376	0.320	-0.253
6	410848	rs2316515	0.209	-0.313	-0.661	-0.118	0.155	-0.035	-0.525	-0.488	0.135	0.932	-0.579	0.321	1.066	0.467	0.787	0.136	-1.013	-0.388	-0.856	-0.769	-0.841	-0.235	0.058	-0.193	-0.530	-0.506
6	422631	rs62389424	NA	NA	NA	NA	NA	0.489	0.181	-0.269	0.013	-0.479	-1.278	1.119	-0.438	0.562	0.108	0.603	-0.702	0.666	-1.162	-1.496	-0.760	NA	NA	NA	1.186	NA
6	7770511	rs140013431	NA	NA	NA	NA	NA	NA	NA	NA	NA	NA	NA	NA	NA	NA	NA	NA	-0.006	-0.239	-1.306	NA	-1.662	NA	NA	NA	NA	NA
6	10415006	rs654351	0.479	-0.261	0.413	-0.363	-0.645	-0.563	-0.953	-1.289	-0.833	0.682	-0.676	-0.631	-0.883	-0.621	-1.291	-0.871	-0.402	-0.418	-0.512	-0.790	-1.038	0.331	0.383	0.207	0.420	0.507
6	11322790	rs80271657	NA	NA	NA	NA	NA	NA	NA	NA	NA	NA	NA	NA	NA	NA	NA	NA	0.498	NA	0.080	1.111	NA	NA	NA	NA	NA	NA
6	21966637	rs62402518	NA	NA	NA	NA	NA	NA	NA	-0.351	0.246	NA	-0.250	0.265	0.334	0.038	1.135	0.261	0.353	0.149	0.449	-0.221	-0.516	0.456	NA	NA	0.571	1.530
6	24091552	rs72828912	NA	NA	NA	NA	NA	-0.666	NA	-1.061	NA	NA	NA	NA	NA	NA	NA	-0.807	-0.930	0.265	-0.377	-0.432	-0.885	-0.236	NA	-1.095	-1.198	-0.820
6	25684606	rs13191296	NA	0.030	0.015	NA	0.157	NA	0.328	NA	-0.003	NA	NA	NA	NA	NA	NA	NA	-1.218	-0.148	-0.818	-0.110	0.295	NA	NA	NA	NA	NA
6	27441723	rs149866169	NA	NA	-0.045	NA	NA	0.621	0.496	0.648	0.496	0.085	-0.024	NA	NA	NA	NA	NA	-0.303	0.152	-0.112	0.991	-0.015	NA	NA	NA	NA	NA
6	28281894	rs34661125	0.549	0.248	0.667	0.888	0.817	1.738	-0.006	0.523	NA	NA	NA	NA	NA	NA	NA	NA	NA	NA	NA	NA	NA	NA	NA	NA	NA	NA
6	31081434	rs3094222	-0.001	-0.973	-1.203	NA	-2.618	-1.180	-1.524	-0.849	-0.999	NA	-1.360	NA	NA	NA	NA	NA	NA	NA	NA	NA	NA	NA	NA	NA	NA	NA
6	32783086	rs7383287	-1.338	-0.797	-0.329	-1.004	-0.756	-1.222	-1.168	-0.067	-0.427	-0.096	-1.228	-1.751	-2.138	-1.882	-0.988	-0.719	-2.186	-0.694	-2.368	-1.386	-2.462	-1.453	-2.564	-1.190	-2.616	-1.575
6	33328704	rs114984535	NA	0.825	NA	NA	NA	NA	0.024	-0.901	NA	-1.219	NA	NA	NA	NA	NA	NA	NA	NA	-1.673	-2.111	NA	NA	NA	NA	NA	NA
6	42593718	rs10755723	-0.355	0.441	-0.662	-0.094	-0.076	-0.315	-0.210	-0.452	0.220	-0.993	0.022	NA	NA	-2.423	NA	-1.749	0.293	NA	0.018	0.022	-1.328	NA	0.402	0.354	NA	NA
6	56203674	rs9464379	0.553	0.609	0.287	0.332	0.425	0.241	0.858	0.416	1.168	1.596	0.650	1.465	0.635	0.756	0.377	1.361	0.130	0.106	0.026	0.042	-0.049	0.537	0.349	0.364	0.434	0.732
6	72384541	rs117534741	NA	NA	NA	NA	NA	NA	NA	NA	NA	-1.210	NA	NA	NA	NA	NA	NA	NA	NA	NA	NA	NA	NA	NA	NA	NA	NA
6	72648944	rs117413473	NA	NA	NA	NA	NA	NA	NA	NA	NA	NA	NA	NA	NA	NA	NA	NA	-0.121	NA	-0.428	-0.828	NA	NA	NA	NA	NA	NA
6	109699446	rs35452836	0.549	1.006	0.175	0.178	0.877	0.530	0.550	0.422	0.651	1.077	-0.106	1.041	NA	NA	-1.104	0.948	0.183	NA	0.618	0.010	-1.032	1.408	1.542	0.164	0.751	0.255
6	109929106	rs13205254	NA	NA	NA	NA	NA	NA	NA	NA	NA	NA	-2.962	NA	NA	NA	NA	NA	NA	NA	NA	NA	NA	NA	NA	NA	NA	NA
6	117287843	rs72951719	NA	NA	NA	NA	NA	NA	NA	-0.599	-0.704	-1.042	-1.577	NA	NA	NA	NA	NA	-0.813	-0.937	-1.739	-1.477	-1.514	NA	NA	-1.507	NA	NA
6	167376466	rs6920364	0.038	-0.082	-0.247	-0.190	-0.232	-0.760	-0.948	-0.117	-0.218	0.056	-0.543	-0.029	-0.516	-0.740	-0.514	0.625	-0.965	-1.714	-1.199	-1.227	-0.761	-1.126	-0.936	-0.368	-0.080	0.643
7	7906724	rs6463739	0.028	0.077	1.280	0.655	0.268	1.529	0.949	-0.106	0.352	1.337	-0.466	2.133	1.828	1.360	1.382	1.634	0.673	0.028	0.074	0.635	0.286	0.062	0.379	0.499	0.756	-0.346
7	9825541	rs7805022	-0.370	NA	-0.707	-0.632	NA	-0.761	-0.840	0.141	0.178	0.873	-0.305	-0.872	-0.466	-0.541	-0.123	0.688	-0.475	-0.641	-0.437	-0.869	-0.988	-0.556	-0.970	-0.948	-0.236	-1.004
7	12653059	rs116877011	NA	NA	NA	NA	NA	NA	NA	-0.730	-1.126	NA	NA	NA	NA	NA	NA	NA	-0.281	NA	-0.050	NA	-1.444	-0.451	NA	NA	-0.700	NA
7	17054346	rs3944100	0.816	1.583	1.618	0.781	1.134	1.392	0.584	-1.106	-1.303	-0.411	-0.703	0.274	0.557	0.696	1.130	1.031	-1.164	-1.498	-0.617	-0.709	-0.300	-0.971	-0.935	-0.360	-0.562	-0.045
7	22069637	rs113211131	NA	NA	NA	NA	NA	-0.952	NA	-2.088	-1.420	-1.424	-1.840	NA	NA	NA	NA	NA	-3.271	-2.181	-2.446	-2.411	-2.882	NA	-1.022	NA	-1.430	NA
7	22738762	rs4722166	0.317	-1.256	0.282	-1.367	0.318	-0.736	-1.193	-1.286	-0.346	-0.344	-1.298	NA	NA	NA	NA	NA	-1.077	-1.211	-0.855	-0.790	-0.667	-0.469	-0.746	-0.705	-0.802	-0.914
7	27019791	rs117205897	NA	NA	NA	NA	NA	NA	NA	NA	NA	NA	NA	NA	NA	NA	NA	NA	0.194	-0.069	0.043	0.146	-0.588	NA	NA	NA	NA	NA
7	43044466	rs2877187	0.490	0.261	0.407	0.474	0.995	-0.508	0.007	0.022	0.388	-0.062	-0.443	0.612	1.044	1.099	0.776	1.366	-0.336	-0.106	-0.087	-0.133	-0.592	0.616	0.369	0.394	-0.086	0.447
7	44749570	rs11769862	NA	NA	NA	NA	NA	NA	NA	0.720	0.984	NA	1.311	NA	NA	NA	NA	NA	NA	1.508	0.824	1.807	0.783	NA	0.922	0.513	NA	NA
7	49119500	rs4455778	-0.862	-0.377	-0.179	-0.657	-0.914	-0.915	-1.121	0.623	1.044	0.174	0.661	0.002	0.417	0.203	0.517	0.517	0.696	0.830	0.050	0.066	0.305	0.143	-0.101	-0.060	-0.176	-0.007
7	51284215	rs17811625	NA	NA	NA	NA	NA	-0.108	NA	NA	NA	NA	-0.224	NA	NA	NA	NA	NA	-0.096	0.153	-1.120	-1.325	-1.089	NA	-0.510	NA	-0.095	NA
7	70614846	rs56212584	NA	NA	NA	NA	NA	0.217	NA	-0.405	-0.542	-0.811	-0.850	NA	NA	NA	NA	NA	-1.686	-0.396	-0.438	-0.550	-0.869	-0.181	-0.730	-0.385	-0.357	0.471
7	86875778	rs117049781	NA	NA	NA	NA	NA	NA	NA	NA	NA	NA	NA	NA	NA	NA	NA	NA	-0.560	NA	-0.105	NA	0.018	NA	NA	NA	NA	NA
7	86962298	rs139328189	NA	NA	NA	NA	NA	NA	NA	NA	NA	NA	NA	NA	NA	NA	NA	NA	0.038	NA	-0.071	-0.048	NA	NA	NA	-0.835	NA	NA
7	97097419	rs117723999	NA	NA	NA	NA	NA	NA	NA	NA	NA	NA	NA	NA	NA	NA	NA	NA	NA	-0.374	-0.229	NA	NA	NA	NA	NA	NA	NA
7	121419130	rs147560684	NA	NA	NA	NA	NA	NA	0.530	NA	NA	NA	-1.250	NA	NA	NA	NA	NA	NA	-0.400	NA	-0.391	-0.320	NA	NA	NA	NA	NA
7	130668618	rs6957511	-0.044	-0.638	-0.263	-0.735	-0.155	-1.047	-0.524	-1.094	-0.509	-1.144	-0.765	-1.376	-1.005	-1.210	-0.861	NA	-1.096	-0.985	-1.375	-1.289	-1.280	-0.197	-0.041	-0.184	0.238	0.050
7	130720805	rs10265693	0.812	1.126	0.715	0.887	1.137	0.023	0.037	-1.684	-0.778	0.590	-1.062	-0.760	NA	0.361	NA	-2.985	-1.431	-0.578	-1.331	-1.760	-1.473	-0.410	-0.497	-1.065	-0.840	-0.705
7	130932663	rs11514963	0.060	0.478	-0.113	0.456	0.100	0.475	0.266	0.807	1.855	1.686	0.982	0.478	0.241	-0.232	0.313	0.379	0.908	1.146	0.348	0.243	0.797	0.843	0.559	0.034	0.436	-0.014
8	1462268	rs2404618	-0.113	-1.013	-0.374	-0.009	-0.165	-0.459	-0.528	-0.942	-1.190	-1.487	-0.708	0.281	-0.372	0.112	-0.002	0.137	-0.382	-0.802	-0.166	-0.657	-0.531	-0.297	-1.040	-0.186	-0.496	0.119
8	11295251	rs2898279	-0.853	-0.765	-0.305	-0.484	-0.849	-1.493	-0.239	0.909	1.559	1.495	0.859	1.229	0.447	0.753	0.400	1.392	0.280	0.572	0.747	0.178	0.594	0.324	-0.011	-0.504	0.333	0.147
8	12892386	rs10091877	-0.559	-0.281	-0.974	-0.183	-0.108	-0.431	-0.201	1.330	0.901	0.997	0.613	1.126	0.517	0.692	0.643	1.122	0.502	1.175	0.891	1.227	1.452	-0.062	-0.155	-0.523	-0.556	-0.083
8	13437876	rs55843245	-0.241	1.325	0.247	0.272	-0.243	-0.329	-1.504	-1.166	-0.623	0.951	-1.806	-2.437	-1.903	-1.675	-1.900	-2.535	-1.222	-0.737	-1.335	-1.613	-1.519	-1.215	-1.634	-0.943	-0.970	-0.484
8	21832494	rs3816788	-2.928	-3.151	-1.330	-3.022	-2.438	-2.398	-2.694	-2.024	-2.351	-0.452	-1.450	0.121	-0.022	0.437	-0.823	0.161	-1.133	-0.389	-1.421	-1.520	-0.582	-1.745	-1.469	-1.772	-1.579	-1.780
8	27344719	rs11780471	NA	NA	NA	NA	NA	NA	NA	0.094	0.994	-0.129	-1.556	NA	NA	NA	NA	NA	-0.603	0.544	-0.224	-0.548	-0.437	NA	NA	NA	-0.111	NA
8	27420782	rs2741348	-0.275	-0.113	-0.317	-1.059	-0.018	-0.933	-0.776	-1.020	-1.235	-0.437	-0.900	0.510	0.621	0.515	-0.407	0.654	-0.884	-1.296	-0.905	-0.646	0.163	-0.853	-0.372	-0.494	-0.906	-0.681
8	32410110	rs4236709	-1.196	0.441	-0.399	0.113	-0.706	-1.039	-1.090	-1.391	-0.789	0.404	-1.397	0.139	1.513	1.530	2.601	0.677	-1.710	-0.452	-1.515	-1.497	-2.328	-1.175	-1.260	-1.168	-0.965	-0.606
8	40182303	rs6989042	-0.679	-0.674	-0.685	-0.944	-1.340	-0.606	-0.280	-0.084	1.073	0.088	0.851	-0.857	-1.254	-0.341	-1.317	-0.970	-0.079	-0.735	-0.113	0.609	0.617	0.185	0.354	0.222	0.622	0.220
8	72980804	rs12234934	NA	NA	NA	NA	NA	1.192	NA	0.523	0.327	0.084	0.600	-0.695	-0.771	-0.944	-0.835	-1.031	0.582	-0.122	0.513	0.990	0.675	-0.467	-0.175	-0.263	-0.232	-0.444
8	128070035	rs10113175	1.123	1.506	1.039	1.552	1.104	1.023	0.942	0.171	-0.240	-0.566	0.309	0.657	0.482	0.536	0.427	0.554	1.600	1.480	1.499	1.430	1.231	0.383	0.689	0.574	0.438	0.379
8	128897079	rs17775239	0.666	0.322	0.367	0.574	0.182	-0.061	-0.092	-0.515	0.334	0.114	-1.093	1.037	-1.390	0.543	-0.095	0.502	-0.243	-0.072	-0.962	-0.153	-0.362	-0.454	-0.004	-0.633	-0.049	0.620
8	129170126	rs2608029	1.464	0.829	0.184	0.881	0.203	1.016	1.615	2.157	1.990	2.019	2.164	-0.856	1.038	0.387	0.050	-0.454	2.591	3.767	2.124	2.709	2.616	0.748	1.505	0.907	1.375	1.685
8	129535264	rs67824503	0.062	-0.520	-0.444	-0.665	-0.112	-0.195	0.174	1.169	1.219	1.622	0.082	NA	NA	NA	0.313	1.125	1.032	0.232	0.388	0.765	0.795	1.714	0.790	0.136	0.730	0.556
8	129965593	rs72728744	NA	NA	NA	NA	NA	NA	-0.557	NA	NA	-0.410	NA	NA	NA	NA	NA	NA	NA	NA	0.072	-0.401	-0.040	-1.253	NA	-0.926	NA	-1.899
8	137933469	rs1909481	1.026	2.020	2.452	1.240	1.051	0.594	2.253	1.312	0.414	0.417	1.008	-0.178	0.009	0.190	0.775	0.063	1.269	1.663	1.388	1.146	1.048	0.293	0.548	0.432	0.698	0.348
8	144722420	rs111960002	NA	NA	NA	NA	NA	NA	NA	0.193	-1.462	-1.103	-0.238	NA	NA	NA	NA	NA	0.850	0.186	0.850	-0.124	NA	NA	NA	NA	-0.690	-0.269
9	2552965	rs148802107	NA	NA	NA	NA	NA	NA	NA	NA	NA	NA	NA	NA	NA	NA	NA	NA	-1.909	-0.326	NA	-0.953	-2.026	NA	NA	NA	NA	NA
9	6227418	rs10118776	-0.320	NA	0.478	-0.819	-0.567	0.039	0.155	-0.124	0.287	0.029	-0.344	NA	NA	NA	NA	NA	0.713	2.017	0.835	-0.083	0.125	1.035	-0.411	0.010	NA	NA
9	17348208	rs75420629	NA	NA	NA	NA	NA	NA	NA	-1.671	NA	-1.662	NA	NA	NA	NA	NA	NA	-1.270	-0.905	-0.370	-1.535	-1.161	-1.437	-2.335	NA	-2.330	NA
9	17934120	rs17185553	1.088	1.299	-0.817	0.101	1.508	0.900	0.441	-0.132	-1.404	-1.137	0.154	-0.235	-0.466	1.063	0.376	0.260	-0.964	-0.110	-0.520	-0.458	-0.058	-0.442	-0.997	-1.074	-0.244	-1.751
9	21830157	rs885518	1.005	-0.130	-0.290	0.667	0.509	0.790	0.560	1.077	0.002	0.393	1.405	1.497	0.595	0.107	-0.472	1.941	1.162	0.805	1.206	1.347	0.979	0.200	-0.140	0.021	0.408	-0.207
9	22052068	rs62560775	-0.450	-0.812	0.075	-0.177	-0.999	-1.609	-1.700	-3.432	-1.296	-1.407	-1.066	-0.103	-0.648	-1.813	-0.802	0.839	-1.702	-1.674	-1.858	-0.780	-2.259	-1.103	0.139	0.152	-1.166	-0.878
9	22083404	rs1333040	-0.159	-0.514	-0.871	-0.655	-1.197	-0.752	-0.925	1.066	0.955	1.568	-0.196	-0.413	-0.256	-0.581	0.704	-0.668	0.643	0.739	0.156	-0.576	-0.181	-0.414	0.653	-0.294	-0.639	0.498
9	83702684	rs75108857	NA	NA	NA	NA	NA	NA	NA	NA	NA	NA	-0.741	NA	NA	NA	NA	NA	NA	NA	-0.375	0.258	-1.256	-0.226	NA	NA	-0.493	NA
9	102587233	rs191205566	NA	NA	NA	NA	NA	NA	NA	NA	NA	NA	NA	NA	NA	NA	NA	NA	NA	NA	NA	NA	NA	NA	NA	NA	NA	NA
9	107813673	rs35440884	NA	NA	1.241	NA	NA	0.944	0.010	-0.510	-0.432	-1.377	-0.402	-2.130	-0.531	-1.537	-1.207	-1.986	-0.472	-0.312	-0.482	-1.343	-0.984	-0.017	-0.953	-0.734	0.060	0.634
9	114151247	rs184716813	NA	NA	NA	NA	NA	NA	NA	-1.221	-0.234	NA	NA	NA	NA	NA	NA	NA	NA	-0.889	-0.835	-0.768	-1.008	NA	NA	NA	NA	NA
9	123400421	rs10984970	NA	NA	NA	NA	NA	-1.221	NA	0.320	0.471	-0.848	-0.168	NA	NA	NA	NA	NA	0.245	0.032	1.026	0.863	0.047	NA	NA	NA	0.100	NA
9	128660207	rs10819083	-1.061	-1.165	0.044	-0.064	0.758	0.099	0.550	-0.337	0.544	0.543	0.280	-1.104	-1.576	-1.849	-0.295	-0.664	0.482	0.642	0.132	0.625	0.998	-0.108	0.214	-0.018	-0.322	0.698
9	136275229	rs75685923	NA	NA	NA	NA	NA	NA	-1.285	-1.868	-0.571	NA	-1.133	NA	NA	NA	NA	NA	-0.362	-0.738	NA	-0.794	-1.959	NA	-0.839	NA	NA	NA
9	136505241	rs1108581	2.048	1.506	1.601	1.155	1.186	1.470	1.359	2.637	2.842	3.118	1.868	2.746	2.165	2.243	2.690	2.714	1.201	1.603	0.202	1.859	1.232	3.483	1.897	3.027	2.490	1.815
10	4961021	rs4453114	NA	NA	2.274	NA	NA	0.301	-0.175	-1.331	-0.693	-0.262	-0.988	-1.902	-2.300	-2.255	-2.914	-2.139	-0.152	-1.279	0.899	0.737	0.320	-0.912	0.146	-0.643	-1.358	-0.800
10	27445205	rs3758407	1.257	0.148	0.038	-0.169	0.755	0.884	0.617	0.803	0.782	-0.584	0.016	-0.133	-0.471	0.114	-0.630	0.566	0.624	-0.239	-1.242	0.107	0.411	-1.932	-1.812	-1.062	-1.376	-1.485
10	72030898	rs138809958	NA	NA	NA	NA	NA	NA	NA	-0.351	0.587	-0.748	-0.380	NA	NA	NA	NA	NA	-0.035	NA	0.111	0.835	0.302	NA	NA	NA	NA	-0.430
10	99673183	rs60280813	-1.195	-0.633	-0.820	-0.335	-0.962	-1.358	-0.775	0.119	-0.443	-0.526	-0.960	-1.070	-0.020	-0.671	-0.637	-0.737	-0.357	-0.757	-0.837	-1.193	-0.817	0.232	0.189	-0.310	-0.373	-0.028
10	101946033	rs28372851	1.332	1.194	-0.448	0.899	1.836	0.948	-0.135	-0.555	NA	-0.628	-0.093	0.390	-1.297	-1.800	-2.030	-0.987	-0.721	-0.681	-0.342	-0.585	-1.440	0.207	0.250	-0.272	0.046	-1.131
10	102672248	rs62621207	NA	NA	NA	NA	NA	NA	NA	-0.924	0.280	-1.638	-0.889	NA	NA	NA	NA	NA	-1.040	-1.088	-0.729	-0.708	-1.735	NA	NA	NA	NA	NA
10	105687632	rs11591710	0.226	0.780	0.154	0.024	0.060	0.245	0.544	1.026	0.906	0.716	1.013	0.818	NA	1.022	NA	1.663	1.650	1.146	1.219	1.089	0.949	1.323	0.469	0.906	1.231	0.254
10	133001939	rs2918130	0.147	-0.684	0.767	-0.298	0.625	0.958	-1.327	-1.108	-0.096	-0.304	-1.550	0.655	NA	NA	0.389	0.092	-0.625	-0.547	-0.955	-1.041	-0.677	0.497	1.016	1.036	0.819	1.235
11	4417129	rs11032090	0.841	0.886	0.343	NA	1.007	0.605	0.103	-0.733	-0.023	-0.302	-0.084	NA	NA	NA	NA	NA	-0.736	-0.400	-0.460	0.037	-0.626	-1.517	-0.819	-1.396	-1.346	-1.334
11	8487170	rs117729306	NA	NA	NA	NA	NA	NA	NA	-0.136	NA	NA	NA	NA	NA	NA	NA	NA	-0.829	-0.808	NA	NA	-1.470	NA	NA	NA	NA	NA
11	9951257	rs1512829	2.105	1.697	1.157	2.070	1.735	1.657	0.821	-1.236	-1.002	0.367	-1.132	-0.337	-0.489	-0.224	-0.098	-0.781	-0.608	0.429	-1.120	-0.818	-0.669	-1.380	-0.970	-1.180	-1.286	-1.344
11	33039093	rs4755351	1.316	1.220	0.533	1.447	1.389	1.269	0.640	-0.076	0.237	-0.427	0.025	-0.781	-0.639	-0.732	-0.855	-0.568	-0.429	-0.699	-0.781	-0.296	-0.497	-1.002	-1.005	-1.257	-1.337	-1.762
11	57250026	rs78853063	NA	NA	NA	NA	NA	0.388	NA	0.690	-0.093	0.457	0.387	2.289	1.351	1.653	0.097	1.756	0.288	-0.016	-0.023	0.848	0.797	NA	NA	NA	NA	NA
11	61604967	rs2072113	0.431	0.923	0.212	-0.021	-0.529	-0.076	-0.665	0.596	0.073	0.725	0.786	0.764	3.175	2.262	2.454	0.247	1.576	0.915	1.675	2.311	2.200	1.352	1.945	1.365	0.454	1.299
11	78809246	rs2187172	-0.052	0.367	-0.584	0.125	0.238	-0.287	0.499	-0.278	-0.031	-0.741	0.037	0.242	-0.105	0.273	-0.085	0.392	-0.145	-0.110	-0.360	-0.258	-0.049	0.253	0.032	-0.062	0.146	-0.243
11	90410142	rs34735495	NA	NA	NA	NA	NA	NA	NA	NA	NA	NA	NA	NA	NA	NA	NA	NA	0.486	0.833	0.352	0.333	NA	NA	NA	NA	0.730	NA
11	101154872	rs7941595	1.770	0.968	1.528	0.904	1.668	0.998	1.190	0.228	0.410	0.423	0.395	1.277	1.198	1.330	1.741	1.143	0.124	0.112	-0.039	0.064	NA	0.829	0.449	0.415	0.379	0.551
11	115998756	rs78334599	NA	NA	NA	NA	NA	NA	0.409	0.173	0.504	-0.577	NA	NA	NA	NA	NA	NA	0.370	1.041	1.317	0.823	0.145	NA	NA	NA	1.021	NA
11	118125625	rs1056562	0.949	1.202	0.031	0.888	0.870	0.414	0.331	0.843	0.687	0.970	0.870	0.517	0.799	0.683	0.618	0.503	0.862	0.860	0.820	0.878	0.909	0.851	1.165	0.922	0.744	0.668
11	118168086	rs61677309	0.917	1.389	-0.177	1.184	0.882	0.751	0.627	-0.123	0.485	0.944	-0.625	-0.258	-0.447	-0.399	-0.230	-0.314	-0.377	-0.015	-0.434	-0.348	-0.392	-0.205	-0.549	-0.713	-0.801	-0.382
11	118262706	rs61900932	NA	NA	NA	NA	NA	1.290	0.666	-0.589	-0.479	0.156	-0.995	NA	NA	NA	NA	NA	-0.563	0.386	-1.116	-1.180	-0.689	0.819	0.815	0.386	0.025	0.125
11	122709178	rs3134425	0.375	-1.170	0.699	-0.625	-0.608	-0.191	-1.074	-0.456	0.164	0.156	-0.790	-0.331	-0.457	-0.533	-2.040	-0.574	-1.066	-1.599	-0.710	-0.954	-0.441	-1.057	-0.845	-0.881	-1.334	-1.013
11	125510257	rs113301858	1.267	1.141	0.919	1.607	0.679	1.311	0.263	1.268	0.763	0.421	0.052	NA	NA	NA	NA	NA	-0.286	0.372	-0.395	0.835	1.313	-0.101	0.150	-0.508	-0.126	-0.005
12	998819	rs7953330	-0.677	-0.632	-0.473	-1.163	-0.943	-0.091	-1.155	0.152	0.878	1.719	0.467	-0.040	0.119	-0.218	0.304	-0.360	-0.018	0.278	0.343	0.518	0.913	0.173	0.492	0.508	0.558	0.499
12	20576874	rs12369136	NA	-1.734	NA	0.386	NA	-0.578	NA	-1.481	-0.359	0.368	0.224	NA	NA	NA	NA	NA	-0.137	0.144	0.138	-0.204	0.031	-1.005	0.942	-1.335	0.263	-1.933
12	27630737	rs116901460	NA	NA	NA	NA	NA	NA	NA	NA	NA	NA	NA	NA	NA	NA	NA	NA	NA	-1.064	-0.238	-1.341	-1.347	NA	NA	NA	NA	NA
12	47729595	rs215335	-0.174	-0.876	0.415	-0.116	0.171	-0.815	-1.073	-1.100	-1.995	-1.802	-1.208	-0.607	-1.227	-1.361	-1.509	-1.794	-1.007	-1.299	-1.239	-1.342	-0.767	-0.686	-0.792	-0.276	-0.738	-0.447
12	58834035	rs3847711	-0.588	0.304	-0.017	-0.538	-0.642	-0.061	0.516	2.039	1.073	0.427	1.158	-1.141	0.629	-1.099	0.225	-0.092	1.704	1.556	1.332	0.584	0.798	1.771	1.889	1.555	0.570	1.408
12	64913237	rs9668978	0.712	-0.050	1.647	-0.026	1.247	0.335	-0.238	0.002	0.319	-0.355	-0.220	-0.337	0.569	0.204	0.040	0.166	-0.210	-0.353	-0.453	0.377	0.252	-0.188	0.120	-0.536	-0.150	0.106
12	91031636	rs77028233	NA	NA	NA	NA	NA	-0.206	-1.014	-0.999	-1.468	-0.637	-0.927	-0.717	-0.532	-1.015	-0.001	-0.001	-0.268	-0.144	0.414	0.304	0.637	-0.612	0.602	-0.100	-0.426	0.705
12	101861492	rs7979031	0.133	1.979	1.569	1.415	0.711	0.766	1.058	0.832	0.672	0.802	0.448	1.415	1.600	NA	NA	1.071	0.088	-0.069	-0.108	0.368	-0.052	0.277	-0.090	-0.106	0.023	0.217
12	129070937	rs7299138	-0.117	-0.671	-0.210	-1.750	-0.840	-0.069	-0.099	0.150	0.493	0.378	0.007	-0.459	0.394	0.100	0.833	-0.587	-0.011	0.155	0.686	0.060	0.546	NA	NA	NA	NA	NA
13	32972626	rs11571833	NA	NA	NA	NA	NA	NA	NA	NA	NA	NA	NA	NA	NA	NA	NA	NA	NA	-1.698	-1.479	NA	NA	-1.426	NA	NA	NA	-1.153
13	33343649	rs117371643	NA	NA	NA	NA	NA	NA	0.675	NA	NA	NA	-1.025	-0.263	NA	NA	NA	0.021	-1.343	-0.634	-0.347	-0.567	-0.720	0.650	0.774	0.144	0.349	0.020
13	69847018	rs117823901	NA	NA	NA	NA	NA	NA	NA	NA	NA	NA	NA	NA	NA	NA	NA	NA	-0.703	-0.605	-0.686	NA	NA	-0.947	-1.198	NA	-1.580	NA
13	84281063	rs9602270	0.093	-0.856	-0.254	-0.081	-0.786	-0.397	-0.950	-0.329	0.137	-0.636	-0.095	-0.101	0.791	1.130	0.851	0.948	0.496	NA	0.136	-0.902	0.334	0.456	0.518	0.821	0.883	1.109
13	106400525	rs56057401	NA	NA	NA	NA	NA	NA	NA	0.046	-1.892	-1.420	-0.260	NA	NA	NA	NA	NA	-0.307	-0.695	0.023	-0.662	-0.232	-1.230	0.359	-0.162	-0.366	-0.012
13	112103902	rs118166185	NA	0.152	NA	NA	NA	NA	-0.264	-1.520	-0.334	NA	-1.872	NA	NA	NA	NA	NA	0.450	-0.061	0.786	-0.624	0.091	NA	NA	NA	NA	NA
14	34015021	rs10146472	-0.439	-1.296	-0.187	-0.689	-0.780	0.188	-0.200	0.033	-0.188	0.549	0.600	0.826	0.229	0.933	0.840	0.354	0.681	0.132	-0.344	-0.252	0.645	0.154	-0.232	-0.507	-0.610	-0.581
14	47235445	rs11848063	1.127	0.735	1.108	0.881	1.257	1.052	0.735	0.676	0.734	0.264	0.178	0.206	0.188	0.429	-0.026	1.081	0.408	0.338	0.503	0.430	0.338	0.149	0.779	0.722	0.231	0.584
14	100086053	rs118022189	NA	NA	NA	NA	NA	1.402	NA	0.741	NA	0.235	1.119	NA	NA	NA	NA	NA	0.976	1.087	1.058	1.501	1.394	NA	1.344	NA	NA	NA
14	105103758	rs116039120	1.946	0.967	1.916	1.403	1.918	1.469	0.859	-0.200	NA	NA	0.719	NA	NA	NA	NA	NA	1.616	1.117	-0.838	NA	NA	NA	NA	NA	NA	NA
15	43784475	rs2439831	-0.675	-0.832	-0.414	-0.836	-0.776	-0.612	-0.393	2.592	0.431	2.168	2.086	1.166	2.378	1.900	1.378	1.329	2.534	0.029	1.538	0.906	0.329	1.131	1.371	1.046	0.967	1.163
15	43930606	rs35028925	-0.128	NA	NA	NA	-0.753	-0.390	-0.146	-1.376	-0.448	-1.498	-1.512	-0.859	-0.911	-0.658	-1.201	-1.324	-0.920	-1.047	-1.366	-1.581	-0.938	-1.225	-1.192	-0.901	-1.112	-1.311
15	47577451	rs66759488	0.787	0.369	0.187	0.410	0.404	-0.456	0.362	0.301	0.216	-0.103	0.996	0.983	0.181	-0.065	0.839	0.626	0.649	1.434	0.469	0.820	0.723	0.165	0.128	0.243	-0.106	-0.365
15	49376624	rs77468143	-0.352	0.070	1.462	NA	NA	NA	-0.288	0.069	-0.505	-0.315	-0.488	-2.504	-2.665	-2.206	-1.101	-0.896	0.222	-0.275	-0.481	-1.284	-1.735	-0.828	-2.880	-1.462	-1.001	-0.552
15	49741071	rs17400427	1.563	1.507	0.931	1.593	1.506	1.149	0.687	0.022	0.420	0.237	-0.123	NA	NA	NA	NA	0.253	0.240	-0.337	0.257	0.050	-0.572	-0.922	-0.704	-0.631	-0.716	-0.818
15	70431773	rs11855650	0.564	0.857	-0.126	0.738	0.744	0.602	0.499	-0.492	0.232	0.754	-0.238	0.088	0.802	0.650	1.540	0.256	-0.017	-0.449	-0.118	-0.586	-0.448	-0.141	0.589	0.640	0.351	0.425
15	75515554	rs62027346	0.807	1.694	-0.340	1.993	1.360	0.543	1.628	0.948	0.734	2.374	-0.352	3.293	0.394	2.466	3.309	0.492	1.369	1.593	1.321	0.305	1.462	1.738	1.960	1.367	1.499	2.552
15	79130424	rs7403155	NA	NA	-1.023	NA	NA	-0.968	-1.004	-1.055	-0.730	-0.086	-1.262	NA	NA	NA	NA	NA	-0.892	-0.847	-0.900	-0.974	-1.101	-0.498	-0.971	0.064	-0.908	-0.461
15	79185180	rs28408315	-0.503	-0.262	0.653	-0.618	-0.470	-0.719	-0.765	0.430	-0.179	1.691	0.286	1.041	0.536	0.970	-0.427	0.554	1.437	0.528	1.838	1.569	0.604	0.982	0.200	1.788	1.497	0.534
15	89426935	rs17791430	-0.490	-0.531	-0.386	-0.464	-1.069	-1.053	-0.535	-0.279	0.120	0.439	-0.733	0.648	0.620	0.436	1.096	-0.207	-0.206	0.320	-0.253	-0.342	-0.272	-0.403	-0.469	0.160	-0.246	0.103
15	89515163	rs34783982	0.033	-0.626	-0.411	-1.428	0.185	-0.607	-0.696	0.012	0.383	0.007	-0.419	-0.043	-0.020	0.167	0.504	0.361	-0.087	-0.066	-0.306	0.414	0.154	0.822	1.397	1.659	0.901	1.348
15	93111129	rs28510890	-1.631	-1.021	-0.403	-1.619	-1.689	-0.779	-1.301	-0.014	0.884	-0.097	1.072	-0.195	-0.390	-0.111	0.729	0.418	-0.828	-0.057	-0.231	0.401	-0.235	0.389	0.450	-0.024	0.075	0.090
15	97982134	rs145474218	NA	NA	NA	NA	NA	NA	NA	NA	NA	NA	NA	NA	NA	NA	NA	NA	NA	NA	NA	-1.159	-0.397	NA	NA	NA	NA	NA
15	101827491	rs56377826	NA	NA	-0.604	NA	NA	NA	-0.272	-0.255	0.253	-0.494	-1.496	0.688	-0.012	-0.269	NA	0.369	-1.299	-0.064	-1.166	-0.532	0.014	1.156	0.020	NA	0.738	0.290
16	10740982	rs78442819	NA	NA	NA	NA	NA	NA	-0.383	-0.273	0.050	0.097	-0.922	-0.467	0.638	NA	-0.159	NA	-0.471	-1.206	0.182	-0.180	-0.678	0.020	-0.043	0.597	-0.216	-0.603
16	84225679	rs8049634	-2.625	-2.406	-2.117	-2.533	-3.202	-2.619	-1.741	0.280	1.416	1.244	0.404	-1.090	-0.614	-0.701	-0.651	-1.378	0.154	0.182	-0.196	-0.019	0.103	-0.498	0.128	0.558	1.161	0.018
17	4327983	rs140394255	-0.106	-0.758	-0.051	-0.232	0.559	0.856	-0.672	0.806	NA	0.812	0.058	0.687	1.302	0.647	2.360	0.404	-0.267	-0.167	-1.180	-0.777	-0.978	-0.308	-0.500	0.752	0.655	0.850
17	4943176	rs10445262	1.237	0.751	NA	1.371	NA	1.712	1.097	1.076	0.840	0.372	0.509	-0.992	-0.842	-0.886	-1.143	-0.623	1.359	0.314	0.938	0.648	1.312	-0.848	-1.092	-1.052	-0.822	-1.051
17	13066819	rs2674946	0.379	1.201	0.881	1.925	2.022	1.796	1.390	0.143	0.864	0.827	1.198	-0.337	0.370	-0.044	-0.759	-0.324	1.872	1.518	1.413	1.795	2.011	0.582	2.058	0.622	1.520	1.509
17	29223582	rs140040369	NA	NA	NA	NA	NA	NA	NA	NA	NA	NA	NA	NA	NA	NA	NA	NA	-0.278	-0.051	NA	0.612	NA	NA	NA	NA	NA	NA
17	39570718	rs117194419	NA	NA	NA	NA	NA	NA	NA	NA	NA	NA	NA	NA	NA	NA	NA	NA	-1.538	NA	NA	-1.651	NA	NA	NA	NA	NA	NA
17	75821701	rs111537197	NA	NA	NA	NA	NA	NA	NA	-0.827	-0.256	-1.153	NA	NA	NA	NA	NA	NA	0.145	0.090	-0.231	-0.638	-0.747	NA	-1.931	NA	-0.577	NA
18	2280388	rs631644	-1.220	-0.646	-0.825	-0.533	-0.756	-1.493	-0.471	0.487	0.726	0.968	-0.140	0.342	0.481	0.508	0.396	0.060	-0.185	0.049	-0.351	-0.663	-0.298	0.403	0.243	-0.245	0.055	0.056
18	9780846	rs9960703	2.099	1.138	1.362	1.424	0.783	1.220	1.235	0.651	0.867	0.671	0.278	0.023	0.623	0.354	0.704	-0.028	-0.402	-1.274	-0.586	-0.357	0.545	-0.021	0.079	0.701	0.878	0.691
18	20741135	rs79421398	NA	NA	0.016	NA	NA	NA	0.283	-0.264	0.378	-0.652	-0.246	1.145	-0.291	0.457	0.589	0.420	0.636	0.661	1.203	1.266	-0.228	0.078	0.469	0.355	0.938	-0.004
18	41899245	rs12957236	2.104	1.026	2.064	1.654	2.308	2.268	1.077	-0.828	-0.248	-0.300	-0.400	-0.103	0.636	-0.548	-0.005	0.411	-0.154	-0.533	-0.990	-0.224	-0.630	0.162	0.185	-0.713	-0.268	0.264
18	45546185	rs7227917	1.219	0.747	0.136	0.593	0.318	0.957	0.498	0.399	0.524	0.706	0.254	0.168	0.795	NA	NA	1.416	-0.052	0.341	0.067	0.066	0.282	0.072	-0.579	-0.129	-0.324	0.124
19	39813853	rs8108034	-1.556	-1.327	-0.616	-1.301	-1.053	-1.262	-1.398	-1.661	-2.258	-2.091	-2.169	NA	-2.159	-2.476	-2.515	NA	-1.938	-2.611	-1.661	-0.999	-1.322	-1.578	-2.276	-2.199	-1.078	-1.644
19	41195170	rs66500423	0.810	0.818	0.496	1.096	1.056	0.885	0.713	0.341	0.264	1.280	-1.253	NA	-0.382	0.449	0.480	1.348	-1.095	-0.763	-0.980	-1.104	-0.725	0.325	1.265	0.660	0.195	0.184
19	42096228	rs2006209	0.137	0.449	0.704	-0.485	0.076	0.015	0.545	1.843	1.773	0.143	2.241	0.963	1.521	1.851	0.927	1.501	2.001	1.149	1.827	1.736	1.720	1.664	1.778	1.612	2.213	1.713
19	50457551	rs12165127	-0.057	0.066	1.001	-0.524	0.322	0.225	-0.085	0.573	-1.005	-1.035	0.049	NA	NA	NA	0.328	NA	1.372	0.762	0.919	-0.198	1.028	0.472	0.668	0.847	-0.000	0.353
19	56032711	rs639436	-0.194	-0.281	0.558	0.415	-0.388	-0.509	-0.204	1.350	0.274	0.237	0.133	-0.505	-0.596	-0.383	-0.025	-0.945	1.300	0.381	1.695	1.502	1.370	2.375	3.060	2.096	2.572	2.138
