chr	pos	bstat
1	41952597	788
1	44151911	228
1	77967507	697
1	78412779	220
1	78450517	250
1	78743005	724
1	78995535	799
1	83937321	941
1	90372770	863
1	100724467	427
1	154566225	449
1	156078376	338
1	160210727	344
1	168505017	958
1	195791597	930
1	199217117	905
1	209008062	967
1	209190474	964
1	243193272	768
2	9037082	792
2	17784157	571
2	24928579	267
2	29297758	707
2	45189737	946
2	45834076	841
2	49856031	920
2	65520145	673
2	67504661	865
2	67701289	903
2	67794452	828
2	106070621	964
2	140433325	871
2	152481712	173
2	153831482	831
2	174210227	833
2	174238699	820
2	182151508	783
2	188343762	627
2	202505989	576
2	214034104	809
2	226622221	885
2	238071157	964
3	16671821	934
3	29408656	980
3	54900855	859
3	107247430	844
3	139776799	921
3	157823909	624
3	169489312	486
3	189357199	879
3	191119656	846
4	4776163	987
4	9719148	929
4	67833774	868
4	76165275	885
4	89096641	856
4	100252308	861
4	111513721	911
4	164070122	905
4	164101524	916
4	164438200	800
4	181959788	993
5	851582	929
5	1004702	970
5	1128736	982
5	1285974	976
5	1320247	952
5	1482867	994
5	1519079	994
5	1619135	994
5	55801339	929
5	72305846	293
5	82418056	793
5	90226979	591
5	133185535	886
5	141195546	679
5	141445774	806
5	150110239	563
5	174388032	988
5	178981241	758
6	410848	894
6	422631	928
6	7770511	918
6	10415006	883
6	11322790	963
6	21966637	970
6	24091552	927
6	25684606	735
6	26133070	520
6	26285867	735
6	26403036	684
6	26409890	680
6	26686131	620
6	27141904	667
6	27441723	568
6	27555519	588
6	27759115	513
6	28011516	459
6	28281894	512
6	28934352	744
6	31081434	929
6	31840477	900
6	32783086	940
6	33328704	534
6	42593718	379
6	56203674	653
6	72384541	895
6	72648944	853
6	109699446	285
6	109929106	331
6	117287843	648
6	117792612	711
6	167376466	946
7	7906724	911
7	9825541	992
7	12653059	875
7	17054346	949
7	22069637	939
7	22738762	891
7	27019791	401
7	43044466	856
7	44749570	721
7	49119500	954
7	51284215	857
7	70614846	962
7	86875778	587
7	86962298	580
7	97097419	934
7	121419130	714
7	130668618	934
7	130720805	939
7	130932663	932
8	1462268	958
8	11295251	928
8	12892386	895
8	13437876	921
8	21832494	569
8	27344719	773
8	27420782	878
8	32410110	876
8	40182303	946
8	55495833	883
8	72980804	808
8	128070035	993
8	128897079	971
8	129170126	963
8	129535264	985
8	129965593	958
8	137933469	962
8	144722420	862
9	2552965	963
9	4326243	976
9	6227418	742
9	17348208	604
9	17934120	924
9	21830157	918
9	22052068	879
9	22083404	917
9	33421420	715
9	83702684	965
9	102587233	274
9	107813673	942
9	114151247	329
9	123400421	371
9	128660207	0
9	136275229	778
9	136505241	934
9	137741797	988
10	4961021	982
10	27445205	442
10	72030898	818
10	99673183	809
10	101946033	276
10	102672248	236
10	105687632	611
10	133001939	994
11	2021493	982
11	4417129	817
11	8487170	455
11	9951257	605
11	12387925	922
11	33039093	548
11	57250026	451
11	61604967	611
11	78809246	919
11	90410142	937
11	94284529	749
11	101154872	917
11	115998756	957
11	118125625	392
11	118168086	438
11	118262706	266
11	122709178	873
11	125510257	464
12	998819	332
12	20576874	953
12	27630737	899
12	47729595	895
12	58834035	786
12	64913237	819
12	91031636	928
12	101861492	884
12	129070937	990
13	32972626	445
13	33343649	354
13	69847018	914
13	84281063	893
13	106400525	993
13	112103902	988
14	34015021	966
14	47235445	854
14	72716686	902
14	89667917	906
14	100086053	976
14	105103758	982
15	43784475	6
15	43930606	6
15	47577451	818
15	49376624	402
15	49741071	385
15	49994399	470
15	58418128	885
15	70431773	963
15	75055819	404
15	75515554	514
15	78857986	627
15	79130424	819
15	79185180	798
15	89426935	819
15	89515163	883
15	93111129	970
15	97982134	983
15	101827491	818
16	10740982	964
16	82153538	946
16	84225679	804
17	4327983	804
17	4943176	438
17	13066819	973
17	29223582	187
17	39570718	407
17	70299958	986
17	75821701	946
18	2280388	982
18	9780846	958
18	20741135	821
18	41899245	930
18	45546185	940
19	4840799	958
19	39813853	696
19	41195170	620
19	41353107	830
19	42096228	846
19	49206462	693
19	50457551	851
19	54567858	964
19	56032711	967
