chr	pos	RSNUM	ESN	GWD	LWK	MSL	YRI	ACB	ASW	CLM	MXL	PEL	PUR	CDX	CHB	CHS	JPT	KHV	CEU	FIN	GBR	IBS	TSI	BEB	GIH	ITU	PJL	STU
1	161111363	rs11591206	1.345	2.031	0.996	1.957	2.457	2.694	1.110	1.119	-0.177	-0.249	0.892	1.248	-0.847	0.164	-0.525	0.837	0.966	1.838	0.966	1.040	0.964	0.072	0.071	0.280	-0.038	0.359
1	207750568	rs679515	NA	NA	NA	NA	NA	-0.930	-1.100	0.367	0.128	0.847	-0.274	-0.115	1.529	1.443	0.873	0.550	-0.986	-0.562	0.184	-0.124	-0.892	0.723	1.306	1.185	0.705	1.268
2	9699011	rs72777026	-0.219	0.228	0.262	-0.220	0.025	-0.164	0.761	1.469	1.620	1.051	1.171	3.512	2.727	2.676	NA	3.189	-0.822	0.733	0.910	0.827	0.015	1.743	1.712	1.242	0.827	1.658
2	37531939	rs17020490	0.050	-0.783	-0.637	-0.375	-0.279	-0.236	-0.342	-0.486	-1.269	-1.129	-0.237	1.421	1.001	1.105	0.284	0.657	-0.239	0.793	-2.670	-0.795	-1.407	-1.081	-0.946	-1.321	-1.396	-1.889
2	127892810	rs6733839	-0.874	-1.233	-0.387	-1.110	-0.641	-0.701	-0.271	-0.429	-0.465	-0.413	-0.657	-0.711	-0.353	-0.522	-1.021	-0.764	-0.312	-0.161	-0.032	-0.823	-0.327	0.034	0.361	-0.178	-0.152	-0.333
2	233981912	rs10933431	1.532	1.468	1.743	1.709	1.732	1.699	2.266	1.786	1.299	NA	2.240	2.354	2.261	2.417	1.607	2.993	1.994	2.883	2.406	2.066	NA	1.822	2.293	1.961	2.606	1.823
3	154787511	rs16824536	-2.049	-2.280	-1.149	-3.003	-2.025	-2.990	-2.578	-3.474	-0.539	-3.771	-2.906	NA	NA	NA	NA	-0.275	-1.613	-2.044	-1.787	-1.228	-2.160	-1.164	-1.995	-1.578	-1.996	-1.537
3	154801978	rs61762319	NA	NA	NA	NA	NA	0.932	NA	NA	NA	NA	NA	NA	NA	NA	NA	NA	-1.659	-0.802	-1.491	NA	-0.908	NA	1.490	NA	NA	NA
4	11025131	rs6846529	0.411	-0.965	-0.822	-0.701	-0.702	-1.377	-0.732	0.486	1.182	-0.011	0.048	-1.797	-0.889	-0.117	-1.124	-0.640	0.314	-0.090	0.614	0.677	0.821	-1.690	-0.441	-1.770	-0.807	-1.037
4	40198846	rs2245466	-0.429	0.399	-0.158	0.039	-0.202	0.169	0.093	-0.244	-0.530	-0.502	-0.159	-0.455	-1.348	-1.445	-1.467	-0.699	-0.012	0.340	0.165	-0.344	0.466	0.505	0.203	0.115	0.273	0.494
5	14724413	rs112403360	0.935	1.175	2.173	1.598	0.985	2.507	0.016	2.087	NA	NA	1.519	0.311	0.428	-0.104	0.942	0.414	1.502	2.197	1.479	1.856	1.670	1.163	1.194	1.010	2.016	1.295
5	86223195	rs62374257	NA	NA	-0.776	NA	NA	1.076	0.581	0.944	-0.035	-0.792	1.530	0.354	0.038	0.940	0.621	0.317	0.859	0.059	0.968	1.890	1.693	1.698	1.220	0.504	0.797	1.600
5	150432388	rs871269	0.413	0.199	0.111	-0.063	0.594	0.347	0.552	1.875	2.329	2.052	1.216	2.392	1.628	2.456	2.138	2.022	2.048	2.352	1.929	1.728	1.730	2.605	2.249	2.458	2.445	1.998
5	179628150	rs113706587	NA	-0.372	1.155	NA	NA	-0.205	-0.812	-0.798	-0.677	-0.213	-0.850	NA	NA	NA	NA	NA	-1.333	-0.661	-0.564	-1.350	-0.690	-1.548	-1.759	-1.437	-1.196	-1.615
6	41004093	rs10947943	NA	NA	NA	NA	NA	NA	0.922	-0.599	-0.895	-0.438	-0.031	0.047	0.776	0.660	0.799	0.547	1.111	0.629	0.251	0.715	1.779	-0.263	-0.669	0.281	-0.090	-0.204
6	41129207	rs143332484	NA	NA	NA	NA	NA	NA	NA	NA	NA	-0.960	-0.103	NA	NA	NA	NA	NA	0.146	-0.190	0.490	NA	NA	NA	NA	NA	-1.006	NA
6	114612895	rs785129	-0.585	-0.236	-0.954	-0.462	-0.220	-0.768	-0.333	-0.259	-0.507	-0.741	-0.142	-0.348	-0.192	-0.690	-0.265	-0.157	-0.208	-0.658	0.271	0.008	-0.330	-0.606	-0.859	-0.435	-0.181	-0.605
7	7856894	rs6943429	0.803	-0.257	1.062	-0.112	0.310	0.444	-0.218	0.044	-0.437	0.611	0.155	0.448	0.289	0.273	0.591	-0.252	0.535	0.439	0.375	0.195	-0.037	1.352	0.593	0.823	0.664	0.733
7	8244012	rs10952097	1.970	0.957	0.762	1.154	1.141	1.173	0.572	-1.012	-0.873	0.430	-1.049	2.163	1.700	1.332	0.902	1.938	-0.392	-1.714	-1.407	-1.045	-1.629	-0.534	-0.961	-0.251	-1.568	-0.745
7	12269593	rs13237518	0.691	-0.952	-0.628	-0.517	-0.614	-0.268	-0.979	-0.775	-0.017	0.627	-0.991	NA	-1.287	-1.612	-0.906	NA	-1.082	-0.652	-0.505	-1.427	-1.205	-1.113	-0.670	-0.977	-0.733	-0.613
7	37883793	rs6966331	1.174	0.379	-0.344	0.929	0.805	-0.671	-0.767	-0.751	0.183	1.044	-1.096	0.026	-0.019	-0.022	0.742	-0.191	-0.717	-0.320	-0.893	-0.669	-1.224	0.261	-1.039	-0.566	-1.096	-0.275
7	54941328	rs76928645	NA	NA	NA	NA	NA	0.353	-0.409	-0.155	0.217	-0.007	-0.718	NA	NA	NA	NA	NA	0.477	-0.370	-0.233	-0.138	-0.236	0.921	NA	NA	0.621	NA
7	99932049	rs7384878	1.063	0.719	0.367	1.304	-0.337	0.499	-0.241	-1.745	-1.062	-2.776	-1.138	-0.755	NA	0.483	-0.699	NA	-0.967	-0.976	-1.630	-1.852	-1.567	-1.422	-1.232	-1.313	-0.982	-1.309
7	143110762	rs11771145	1.887	1.380	1.402	1.973	1.356	1.231	1.253	0.433	0.648	0.098	0.316	0.309	-0.017	0.496	0.482	0.263	0.335	0.910	0.558	0.090	0.468	0.583	0.951	0.735	0.406	0.765
8	11702122	rs1065712	NA	NA	NA	NA	NA	NA	-0.849	NA	NA	-1.197	NA	NA	NA	NA	NA	NA	-1.837	-1.767	-1.163	-1.271	-0.745	-0.013	NA	NA	-1.189	NA
8	27219987	rs73223431	0.054	1.070	-0.157	0.855	0.403	0.189	-0.344	0.174	0.307	0.602	-0.219	0.175	1.129	0.021	0.705	0.489	0.592	0.311	-0.085	-0.168	0.370	-0.908	-0.805	-1.316	-1.036	-1.060
8	27465312	rs11787077	-0.130	0.054	-0.237	-0.005	-0.115	-0.102	-0.443	1.222	0.800	0.922	1.019	0.280	0.130	-0.118	0.145	0.871	1.783	1.425	1.406	1.624	1.495	0.952	1.044	1.076	1.171	0.928
8	95995701	rs13276936	0.303	0.356	0.724	0.531	0.661	0.435	0.776	-0.819	-0.423	-0.547	-0.103	-0.927	-0.541	-0.589	-0.908	-0.922	0.091	-0.012	0.047	0.165	-0.094	-1.067	-1.163	-1.217	-1.671	-1.637
8	145158607	rs34173062	NA	NA	0.485	NA	NA	NA	-0.390	NA	0.241	0.470	0.887	NA	NA	NA	NA	NA	-0.260	NA	NA	0.634	NA	NA	NA	NA	NA	NA
9	107665978	rs1800978	NA	NA	-1.477	NA	NA	NA	-1.607	-0.243	0.233	0.498	-0.153	-0.698	0.348	-0.315	0.609	-0.309	0.259	0.847	0.194	-0.210	-0.809	-1.031	-1.456	-1.431	-1.173	-1.371
10	11718713	rs7912495	-1.830	-0.935	-3.096	-1.555	-1.808	-2.320	-1.109	0.470	-0.242	-0.601	0.772	0.335	0.570	0.428	0.656	0.251	0.837	0.473	0.571	0.679	0.704	0.406	0.553	0.129	0.530	0.592
10	61784928	rs7068231	-0.943	-0.105	-0.511	-0.834	-0.518	-0.489	-0.747	-1.434	-2.038	-1.313	-1.472	-1.277	-1.680	-1.711	-1.725	-2.004	-1.175	-1.221	-1.517	-1.390	-1.807	-1.693	-1.432	-1.764	-0.886	-1.810
10	82253984	rs6586028	-0.093	NA	NA	NA	NA	0.117	-0.324	-0.037	-0.748	-0.051	-0.215	2.167	1.446	0.860	0.503	0.922	-0.498	-0.922	-0.066	0.231	0.136	0.691	1.086	-0.486	-0.374	0.676
10	98026407	rs6584063	NA	-0.987	1.302	-1.049	-0.163	-0.372	1.010	-0.643	-0.092	-0.139	-0.127	NA	0.092	0.442	NA	0.667	0.042	-0.696	0.220	0.250	-0.293	NA	NA	NA	NA	NA
10	124172912	rs7908662	0.319	0.666	0.004	0.604	1.150	0.323	-0.166	-0.713	-1.167	-1.594	0.012	0.089	-0.535	-0.111	0.020	0.328	0.226	1.004	0.333	0.466	-0.124	-0.695	0.163	-0.710	-0.994	-0.448
11	47391948	rs10437655	0.702	1.114	-0.071	1.118	0.486	0.460	1.132	0.498	0.789	1.670	0.192	-0.760	0.213	-0.478	0.958	-0.882	0.314	0.217	0.625	0.428	0.101	0.154	0.280	0.072	0.104	0.302
11	85868640	rs3851179	1.101	1.316	0.953	0.846	1.684	0.877	0.288	-0.852	-1.588	-0.976	-2.800	-0.187	-1.237	-1.501	-1.167	-1.053	-2.145	-1.242	-2.830	-2.610	-2.579	-1.225	-1.131	-1.930	-0.897	-1.674
11	121353077	rs74685827	NA	NA	NA	NA	NA	NA	NA	-0.497	NA	NA	NA	0.474	0.243	1.107	1.724	1.717	NA	-0.133	-0.388	NA	NA	1.017	NA	0.025	0.947	-0.642
11	121435587	rs11218343	1.305	1.603	0.442	1.065	1.524	0.258	1.067	0.858	0.652	-0.605	0.022	1.145	1.230	1.475	0.929	1.998	0.372	1.244	0.818	2.006	2.445	2.038	0.462	2.479	2.057	3.018
12	113719788	rs6489896	-1.270	-1.597	-2.622	-1.265	-0.996	-1.216	-1.037	-1.511	-2.427	-1.817	-1.162	-1.800	-2.836	-1.638	-1.635	-3.072	-0.579	0.513	1.158	-1.121	-1.060	-1.205	-0.256	-0.844	-1.070	0.341
14	53391680	rs17125924	-1.382	-0.356	-0.525	-0.322	-1.374	0.038	0.545	-0.005	-0.199	-1.082	-1.123	0.055	-1.041	-0.362	-0.380	-0.664	0.778	-0.276	-0.543	0.533	-0.828	0.246	-0.383	-0.256	0.318	-0.486
14	92931261	rs7401792	-0.168	-0.712	1.152	-0.838	-0.201	-0.236	-0.482	-0.728	-0.833	1.087	-0.659	-0.872	0.550	0.235	0.811	-0.787	-0.128	-0.486	0.338	0.142	-0.483	0.413	0.947	1.170	0.847	0.760
14	92938855	rs12590654	0.742	1.453	0.985	1.084	1.020	1.235	0.817	0.766	1.909	1.102	0.889	0.021	0.371	0.162	1.961	-0.443	0.555	0.488	0.518	0.834	0.400	0.166	0.324	-0.202	0.479	0.524
15	50994011	rs8025980	-1.146	-1.464	-0.929	-1.190	-0.540	-1.381	-1.380	0.232	-0.076	0.121	0.307	0.469	0.412	0.419	-0.072	0.357	-0.130	-0.076	0.094	-0.187	-0.166	-0.917	-1.016	-0.685	-0.476	-0.786
15	59057023	rs602602	0.806	0.919	0.107	0.369	0.732	0.975	0.682	1.383	1.384	0.283	2.208	-0.267	-0.648	-1.145	0.000	0.066	2.333	2.197	2.044	2.213	2.584	0.207	1.305	0.660	0.580	0.409
15	63569902	rs117618017	NA	NA	NA	NA	NA	-0.902	-1.075	0.027	-0.437	-0.667	-1.135	NA	NA	NA	NA	NA	-0.124	0.256	-0.804	-1.474	-2.150	-0.747	-0.400	NA	-0.785	NA
15	64423506	rs3848143	-0.980	1.140	-0.240	-0.762	0.095	-0.383	-0.317	0.709	-1.092	-0.729	1.342	2.630	2.501	2.691	2.134	3.065	1.149	1.132	1.520	1.351	1.941	0.775	-0.229	0.265	0.401	-0.044
15	79229199	rs12592898	-0.235	0.249	-0.295	-0.026	-0.380	0.106	0.998	-0.087	0.393	-0.509	0.722	-0.870	-2.440	-1.624	-1.291	-1.190	1.765	0.382	1.485	1.023	0.975	0.711	0.430	1.175	0.847	0.945
16	30021402	rs1140239	-1.065	-1.173	0.494	-1.791	-0.926	0.003	-0.344	0.345	0.607	1.065	0.172	0.198	0.831	0.744	0.122	0.566	0.468	-0.089	0.311	0.188	0.656	1.012	0.689	0.626	0.330	1.703
16	31122571	rs889555	-0.481	0.472	-0.072	1.123	-0.296	0.145	0.124	0.585	0.080	-0.429	0.724	1.678	1.392	2.042	1.700	1.090	0.770	0.490	0.164	0.450	0.780	-1.506	-1.218	-1.088	-1.313	-1.686
16	70694000	rs4985556	NA	NA	NA	NA	NA	1.252	0.502	1.047	0.575	NA	1.154	0.008	0.497	0.376	1.180	-0.480	0.984	1.330	0.984	1.213	1.192	0.877	0.848	1.358	1.260	1.127
16	79608408	rs450674	1.195	2.316	1.937	2.075	2.950	1.630	0.896	-0.838	0.024	-0.319	0.203	0.345	0.695	0.679	0.002	0.449	-1.610	-2.135	-0.504	-1.416	-0.756	-0.755	-1.422	-0.509	-1.635	-1.693
16	81773003	rs12446759	1.130	1.154	0.681	0.717	0.965	0.659	-0.371	0.020	0.637	0.378	-0.204	-0.523	-0.681	-0.843	0.000	-0.298	0.250	0.001	-0.260	0.535	-0.249	-0.504	-0.315	-0.715	-0.326	-0.075
16	81942028	rs72824905	NA	NA	NA	NA	NA	NA	NA	NA	NA	NA	NA	NA	NA	NA	NA	NA	0.054	NA	2.023	NA	-1.900	NA	NA	NA	NA	NA
16	86454210	rs16941239	0.788	-0.039	0.352	0.846	0.945	0.414	0.048	-0.627	-0.598	0.348	0.178	1.287	1.050	0.824	1.250	0.763	-0.062	0.629	0.424	NA	-0.047	-0.031	-0.335	0.054	1.118	0.586
17	5137047	rs7225151	-0.449	-0.731	-0.046	-0.108	0.282	-0.291	0.323	1.420	0.557	-0.277	0.674	0.305	-0.242	0.072	-0.078	-0.188	0.675	-0.390	0.971	0.597	0.849	0.046	0.075	-0.035	0.089	0.570
17	18059454	rs2242595	0.413	0.157	0.674	-0.066	0.950	-0.164	-0.491	-0.666	-0.103	-0.530	-0.506	-0.188	-0.198	-0.544	-0.269	-0.251	0.302	0.215	-0.115	0.202	0.633	0.161	0.281	0.354	-0.229	-0.264
17	42430244	rs5848	0.119	0.325	0.119	0.344	0.415	0.583	-0.130	-0.605	-0.223	0.209	-0.361	0.168	-0.031	-0.119	0.309	0.137	-0.363	-0.265	-0.672	-0.399	-0.505	-0.869	-1.123	-0.797	-0.967	-0.993
17	44856641	rs199515	0.022	-0.432	-1.086	-0.508	-0.019	-0.432	-0.071	-0.554	0.029	0.038	-0.060	NA	NA	NA	NA	NA	0.173	-1.132	0.086	0.397	0.153	-0.860	-1.052	-1.724	-1.142	-1.355
17	56410041	rs2526377	0.516	0.465	-0.011	0.407	1.259	0.108	0.689	-0.535	-0.517	-0.283	-0.199	-1.335	-1.837	-1.415	-1.612	-1.435	-0.405	-0.603	-0.297	-0.111	-0.957	-0.944	-0.811	-0.919	-1.102	-1.279
17	61548918	rs4277405	0.110	-1.289	0.312	-0.911	-0.341	-0.658	-0.339	0.594	0.719	0.875	0.240	0.587	1.633	1.239	1.371	0.995	0.063	-0.071	0.169	0.298	0.063	1.747	1.281	1.817	1.732	1.555
19	1050874	rs12151021	0.876	1.215	0.077	0.385	0.950	0.471	0.892	1.213	1.665	2.432	0.735	0.888	1.150	1.143	0.488	0.254	0.638	-0.479	0.625	0.432	0.729	0.112	1.191	0.561	1.125	0.440
19	50453317	rs9304690	NA	0.003	0.869	0.140	-1.405	-0.242	-1.044	-0.398	0.077	-0.441	-0.419	-0.376	-0.068	-0.017	-0.669	-0.374	0.153	0.416	0.192	0.482	-0.195	0.295	0.310	0.055	-0.182	-0.027
20	393978	rs1358782	-0.306	-0.769	0.105	-0.987	-0.155	-0.721	-0.692	0.441	0.994	1.346	0.227	-0.213	0.797	-0.879	0.206	-1.370	1.347	0.980	1.284	0.845	0.755	0.260	1.106	0.468	0.579	1.005
20	54998544	rs6014724	0.087	0.402	1.275	0.221	0.279	0.195	-0.549	0.874	0.534	-1.272	0.556	-0.039	0.535	0.100	0.309	0.399	0.128	1.843	NA	NA	0.465	1.639	2.334	2.105	1.573	1.869
20	62374441	rs6742	1.175	2.169	0.981	1.361	1.168	1.026	1.328	0.509	1.342	0.594	0.604	0.658	1.171	0.172	0.576	0.831	0.466	0.816	0.086	-0.697	0.358	-0.485	-0.785	-0.633	0.080	-0.623
21	27473875	rs2154481	NA	0.664	1.078	-0.624	1.764	-0.269	0.148	-1.309	-0.550	-0.160	-0.803	-1.619	-1.602	-1.365	-1.138	-0.680	-0.148	-1.055	-0.882	-0.892	-0.512	-1.746	-1.877	-1.679	-1.902	-2.150
21	28148191	rs2830489	NA	NA	-1.292	-2.712	NA	-2.213	-1.690	-1.833	-0.589	-0.258	-3.154	NA	1.361	1.074	NA	0.004	-1.277	-1.879	-0.962	-1.280	-2.206	-1.845	-1.877	-1.351	-2.524	-1.211
