chr	pos	bstat
1	161111363	292
1	207750568	884
2	9699011	773
2	37531939	508
2	127892810	840
2	233981912	917
3	154787511	940
3	154801978	917
4	11025131	965
4	40198846	783
5	14724413	829
5	86223195	885
5	150432388	829
5	179628150	878
6	32583099	934
6	41004093	599
6	41129207	577
6	47485126	550
6	114612895	837
7	7856894	958
7	8244012	953
7	12269593	757
7	37883793	922
7	54941328	961
7	99932049	171
7	143110762	808
8	11702122	840
8	27219987	728
8	27465312	873
8	95995701	560
8	145158607	358
9	107665978	892
10	11718713	900
10	61784928	712
10	82253984	889
10	98026407	670
10	124172912	647
11	47391948	30
11	60021948	804
11	85868640	623
11	121353077	811
11	121435587	759
12	113719788	677
14	53391680	734
14	92931261	917
14	92938855	906
14	106228095	988
14	107121607	994
15	50994011	334
15	59057023	525
15	63569902	510
15	64423506	296
15	79229199	814
16	30021402	89
16	31122571	53
16	70694000	414
16	79608408	934
16	81773003	964
16	81942028	900
16	86454210	994
16	90170095	884
17	5137047	632
17	18059454	302
17	42430244	316
17	44856641	512
17	56410041	258
17	61548918	473
19	1050874	988
19	50453317	873
19	54771451	976
20	393978	846
20	54998544	898
20	62374441	825
21	27473875	910
21	28148191	941
