chr	pos	rsid	RISK ALLELE	P-VALUE	OR 	Beta
1	207750568	rs679515	T	7.00E-46	1.13	0.122217633
2	9699011	rs72777026	G	3.00E-08	1.06	0.058268908
2	37531939	rs17020490	C	3.00E-09	1.06	0.058268908
2	127892810	rs6733839	T	6.00E-118	1.17	0.157003749
2	233981912	rs10933431	G	4.00E-18	0.93	-0.072570693
3	154787511	rs16824536	A	4.00E-08	0.92	-0.083381609
3	154801978	rs61762319	G	2.00E-11	1.16	0.148420005
4	11025131	rs6846529	C	2.00E-17	1.07	0.067658648
4	40198846	rs2245466	G	1.00E-09	1.05	0.048790164
5	14724413	rs112403360	A	2.00E-09	1.09	0.086177696
5	86223195	rs62374257	C	1.00E-15	1.07	0.067658648
5	150432388	rs871269	T	9.00E-09	0.96	-0.040821995
5	179628150	rs113706587	A	2.00E-16	1.09	0.086177696
6	32583099	rs6605556	G	7.00E-20	0.91	-0.094310679
6	41004093	rs10947943	A	1.00E-09	0.94	-0.061875404
6	41129207	rs143332484	T	3.00E-25	1.41	0.343589704
6	47485126	rs7767350	T	8.00E-22	1.08	0.076961041
6	114612895	rs785129	T	2.00E-09	1.04	0.039220713
7	7856894	rs6943429	T	1.00E-10	1.05	0.048790164
7	8244012	rs10952097	T	7.00E-09	1.07	0.067658648
7	12269593	rs13237518	A	5.00E-11	0.96	-0.040821995
7	37883793	rs6966331	T	5.00E-10	0.96	-0.040821995
7	54941328	rs76928645	T	2.00E-10	0.93	-0.072570693
7	99932049	rs7384878	C	1.00E-26	0.92	-0.083381609
7	143110762	rs11771145	A	3.00E-14	0.95	-0.051293294
8	11702122	rs1065712	C	2.00E-09	1.09	0.086177696
8	27219987	rs73223431	T	4.00E-22	1.07	0.067658648
8	27465312	rs11787077	T	2.00E-44	0.91	-0.094310679
8	145158607	rs34173062	A	2.00E-16	1.13	0.122217633
9	107665978	rs1800978	G	2.00E-09	1.06	0.058268908
10	11718713	rs7912495	G	1.00E-18	1.06	0.058268908
10	61784928	rs7068231	T	3.00E-13	0.95	-0.051293294
10	82253984	rs6586028	C	2.00E-19	0.93	-0.072570693
10	98026407	rs6584063	G	7.00E-11	0.89	-0.116533816
10	124172912	rs7908662	G	3.00E-09	0.96	-0.040821995
11	47391948	rs10437655	A	5.00E-14	1.06	0.058268908
11	60021948	rs1582763	A	4.00E-42	0.91	-0.094310679
11	85868640	rs3851179	T	3.00E-48	0.9	-0.105360516
11	121353077	rs74685827	G	3.00E-11	1.19	0.173953307
11	121435587	rs11218343	C	1.00E-21	0.84	-0.174353387
12	113719788	rs6489896	C	2.00E-09	1.08	0.076961041
14	53391680	rs17125924	G	8.00E-16	1.1	0.09531018
14	92931261	rs7401792	G	5.00E-08	1.04	0.039220713
14	92938855	rs12590654	A	4.00E-21	0.93	-0.072570693
14	106228095	rs7157106	A	2.00E-08	1.05	0.048790164
14	107121607	rs10131280	A	4.00E-10	0.94	-0.061875404
15	50994011	rs8025980	G	1.00E-08	0.96	-0.040821995
15	59057023	rs602602	A	2.00E-15	0.94	-0.061875404
15	63569902	rs117618017	T	2.00E-25	1.11	0.104360015
15	64423506	rs3848143	G	8.00E-11	1.05	0.048790164
15	79229199	rs12592898	A	4.00E-09	0.94	-0.061875404
16	30021402	rs1140239	T	3.00E-13	0.94	-0.061875404
16	31122571	rs889555	T	2.00E-11	0.95	-0.051293294
16	70694000	rs4985556	A	6.00E-10	1.07	0.067658648
16	79608408	rs450674	C	3.00E-08	0.96	-0.040821995
16	81773003	rs12446759	G	1.00E-13	0.95	-0.051293294
16	81942028	rs72824905	G	8.00E-12	0.74	-0.301105093
16	86454210	rs16941239	A	1.00E-08	1.13	0.122217633
16	90170095	rs56407236	A	6.00E-15	1.11	0.104360015
17	5137047	rs7225151	A	4.00E-13	1.08	0.076961041
17	18059454	rs2242595	A	1.00E-09	0.94	-0.061875404
17	42430244	rs5848	T	2.00E-20	1.07	0.067658648
17	44856641	rs199515	G	9.00E-13	0.94	-0.061875404
17	56410041	rs2526377	G	2.00E-12	0.95	-0.051293294
17	61548918	rs4277405	C	9.00E-20	0.94	-0.061875404
19	1050874	rs12151021	A	2.00E-37	1.1	0.09531018
19	50453317	rs9304690	T	5.00E-09	1.05	0.048790164
19	54771451	rs587709	C	4.00E-11	1.05	0.048790164
20	393978	rs1358782	A	2.00E-08	0.95	-0.051293294
20	54998544	rs6014724	G	4.00E-21	0.89	-0.116533816
20	62374441	rs6742	T	3.00E-09	0.95	-0.051293294
21	27473875	rs2154481	C	1.00E-12	0.95	-0.051293294
21	28148191	rs2830489	T	2.00E-10	0.95	-0.051293294
1	161111363	rs11591206	T	2.00E-08	1.04	0.039220713
8	95995701	rs13276936	T	2.00E-09	1.04	0.039220713
