chr	pos	RSNUM	ESN	GWD	LWK	MSL	YRI	ACB	ASW	CLM	MXL	PEL	PUR	CDX	CHB	CHS	JPT	KHV	CEU	FIN	GBR	IBS	TSI	BEB	GIH	ITU	PJL	STU
1	7974544	rs106968	0.541	-0.525	-0.757	-0.512	0.259	0.355	-0.117	1.001	1.435	1.606	0.211	1.487	1.449	1.588	1.208	1.100	0.091	0.136	0.745	0.402	-0.534	-0.801	-0.412	-0.456	-1.104	0.116
1	10765754	rs80137214	NA	NA	NA	NA	NA	NA	NA	NA	NA	NA	NA	0.076	-0.132	-0.626	-0.788	-0.567	NA	-2.622	NA	NA	NA	NA	NA	NA	NA	NA
1	10796866	rs880315	0.855	1.288	1.350	1.967	1.154	1.376	1.281	0.630	0.238	-0.220	0.853	-1.920	-2.042	-1.781	-1.932	-1.354	0.823	0.578	1.605	1.200	1.720	0.869	1.209	1.201	0.720	0.985
1	27972058	rs2076460	1.515	1.820	-0.395	0.895	0.920	0.888	2.013	2.512	2.178	-0.576	1.821	0.262	0.604	0.006	0.913	0.595	NA	NA	NA	NA	NA	1.000	1.291	1.252	1.239	1.387
1	63785389	rs2235948	0.995	0.654	0.444	0.856	0.036	0.254	0.399	0.768	0.712	0.475	-0.116	1.793	1.284	1.589	1.576	1.605	0.481	0.193	0.299	0.307	0.137	1.073	0.270	0.725	0.146	0.940
1	93355254	rs2774953	-1.414	-1.430	-0.323	-1.916	-1.238	-1.011	-1.371	-0.673	-0.634	0.389	-0.508	-2.585	-1.305	-1.816	-1.079	-1.673	0.042	-0.548	-0.293	-0.322	-0.810	-1.258	-0.916	-0.636	-1.215	-1.243
1	113042558	rs351361	-0.700	-0.785	-0.370	-1.227	-1.142	-1.276	-0.484	0.055	-0.040	0.607	0.233	-0.372	0.282	-0.560	-0.216	-0.724	0.404	-0.182	0.096	1.140	0.758	1.271	0.968	0.617	1.045	1.324
1	113046879	rs3790604	NA	NA	NA	NA	NA	-0.226	-0.297	-0.842	-1.023	-1.218	0.172	-0.448	-0.570	-0.716	-0.613	-0.559	-0.352	-0.216	0.124	-0.048	0.639	0.667	0.286	1.390	0.233	0.874
1	113085197	rs6537742	0.779	1.147	-1.278	0.374	-0.748	-0.527	0.240	-0.296	0.022	-0.591	-0.283	-0.283	2.304	0.696	0.522	2.436	-0.314	0.216	-0.109	-0.180	-0.297	-0.578	-0.912	-1.607	-0.462	-1.822
1	151512895	rs3828054	-0.934	-1.017	-1.481	-0.404	-0.823	-0.914	-1.405	0.180	-0.753	-0.875	-0.318	0.030	-0.115	-0.358	-0.545	-0.347	1.141	0.319	0.738	0.109	0.889	-0.282	0.233	-0.206	-0.617	-0.133
1	153856498	rs10908512	0.780	0.274	0.041	1.665	0.692	0.079	NA	0.035	-0.302	-0.023	-0.231	NA	0.123	-0.445	NA	2.077	NA	NA	0.068	-0.203	0.005	-0.012	0.811	1.101	0.860	0.734
1	155178782	rs760077	-0.232	-0.421	0.397	0.404	-0.150	0.058	0.949	0.821	0.568	0.852	0.183	0.417	0.419	0.726	1.060	0.191	0.271	0.485	-0.007	-0.152	-0.283	0.024	-0.214	0.621	0.239	0.465
1	155468732	rs10908469	-0.852	-0.673	-0.452	-0.894	-0.413	-0.393	-0.472	0.380	0.587	-0.483	-0.191	-0.002	1.152	0.370	1.853	NA	0.076	-0.033	-0.473	-1.068	-1.009	0.335	0.354	0.341	0.269	0.703
1	177843588	rs2149184	0.714	0.358	0.621	0.559	0.891	1.229	0.790	-0.149	0.405	0.372	0.106	-0.867	-0.260	0.388	-0.052	-0.508	0.404	0.251	0.569	1.098	1.088	0.355	0.055	0.544	0.027	0.343
1	200541573	rs11584563	-2.008	-2.154	-1.216	-2.062	-2.142	-2.117	-1.246	-1.426	-1.726	-1.089	-3.090	0.187	-0.316	-0.146	-0.669	-0.232	0.503	0.925	-0.462	-0.392	-1.113	-0.232	-1.292	-0.264	-0.218	-0.302
1	209074740	rs12568180	NA	1.221	NA	NA	NA	0.875	1.481	-1.679	-0.746	0.259	-1.589	-0.778	-1.348	-1.542	-0.979	-1.544	0.085	-0.812	-0.365	-0.828	-0.731	-1.579	-1.228	-0.883	-1.246	-0.957
1	214318748	rs10864086	-1.380	-1.637	-0.898	-1.507	-0.998	-1.266	-0.163	0.339	0.274	0.162	0.746	0.899	0.515	0.977	1.079	1.181	1.271	1.451	1.333	1.122	1.774	-0.165	-0.038	-0.247	0.264	-0.463
2	26920025	rs1731249	0.360	0.205	-0.124	0.112	0.493	-0.652	-1.025	-1.251	-1.335	-1.155	-1.409	1.512	1.381	1.656	1.595	1.997	-1.144	-0.223	-1.294	-0.786	-0.549	0.098	-0.361	0.001	-0.898	-0.686
2	26965198	rs4665900	-0.876	-0.618	-0.866	-0.778	-1.023	-0.541	-0.600	1.171	1.845	1.104	1.224	0.049	0.506	-0.674	-0.366	-0.464	1.694	0.446	1.670	1.220	1.069	0.244	0.419	0.958	1.028	0.764
2	53887100	rs12612737	-0.174	1.299	0.403	0.403	-0.096	1.908	2.416	0.195	2.213	1.665	1.673	0.099	1.549	0.811	1.769	0.140	0.518	1.009	1.186	1.014	0.918	2.114	0.967	0.986	0.800	0.554
2	54734484	rs139100345	NA	NA	NA	NA	NA	NA	NA	-0.763	-1.114	NA	NA	NA	-0.545	NA	-1.093	NA	NA	NA	NA	NA	NA	NA	NA	NA	NA	NA
2	54969379	rs72806698	-0.245	0.272	NA	-0.172	0.122	-0.232	0.124	-1.314	-0.454	-0.811	-0.672	-0.519	-0.394	-0.615	-0.274	-0.491	-0.543	0.479	-0.294	-0.263	-0.763	0.199	0.284	0.445	0.346	-0.013
2	54976743	rs1848925	0.075	0.483	0.135	0.132	-0.005	0.389	-0.131	0.585	0.628	0.965	0.446	1.083	0.620	1.066	1.010	1.230	0.397	-0.323	0.422	0.353	0.054	0.075	-0.265	0.249	-0.448	-0.205
2	55041322	rs17046380	-0.061	-0.344	-0.360	0.189	-0.305	-0.309	-0.116	-1.340	-1.251	0.171	-1.135	0.353	-0.071	0.021	0.609	-0.330	-2.214	-1.065	-1.974	-1.684	-1.739	-1.854	-1.950	-1.881	-2.049	-1.532
2	55071768	rs76620146	NA	NA	NA	NA	NA	NA	NA	-0.718	NA	NA	NA	-1.061	-1.973	-1.748	-1.289	-1.344	NA	NA	NA	NA	NA	NA	NA	NA	NA	NA
2	58854686	rs2041811	0.032	-0.698	0.008	-0.348	0.104	-0.018	-0.290	0.190	0.805	0.428	0.240	0.077	0.124	0.058	0.110	0.826	0.116	-0.146	0.184	-0.245	0.295	0.195	0.106	0.296	-0.094	-0.060
2	99359213	rs4851153	-0.303	-0.541	-0.544	-1.257	-0.408	-0.320	-0.663	-0.001	-0.350	-0.922	0.178	-1.185	-0.575	-0.297	-0.967	-0.703	0.442	0.149	-0.176	0.168	0.264	-0.182	-0.150	0.969	0.018	-0.169
2	99979501	rs12989521	-2.732	-2.277	-1.703	-3.382	-1.678	-0.882	-1.213	-0.011	0.392	NA	0.316	-1.984	-0.677	-1.311	0.433	-1.352	-0.675	-2.468	-0.621	-0.038	-0.577	-0.685	-1.100	-0.029	-0.755	-0.564
2	110264713	rs76041363	NA	NA	NA	NA	NA	NA	NA	NA	NA	NA	NA	NA	NA	NA	NA	NA	NA	NA	NA	NA	NA	NA	NA	NA	NA	NA
2	122039095	rs7596689	1.331	1.358	0.958	0.896	1.237	1.331	1.193	1.382	1.117	1.175	0.738	0.961	0.474	0.271	1.668	1.542	1.438	1.796	0.979	1.721	1.280	1.922	1.984	1.353	0.734	0.988
2	135592345	rs6710807	2.144	1.620	0.256	1.516	1.114	0.273	-0.808	-2.155	-1.021	-1.165	-0.670	-1.200	-1.231	-0.945	-1.048	-1.330	-2.943	-2.908	-2.953	-1.339	0.091	-1.449	-1.122	-1.270	-1.648	-1.366
2	146346331	rs16825228	-0.566	-1.267	-0.501	0.374	0.298	-0.622	-0.810	-0.734	-1.294	-0.446	-1.310	-0.645	0.185	-0.277	-0.357	-0.068	-0.787	-0.869	-0.867	-0.973	-0.805	-1.314	-1.150	-0.833	-1.025	-0.936
2	162587828	rs72877309	NA	NA	NA	NA	NA	-2.213	-0.439	-0.114	0.155	-0.474	0.790	0.339	-0.485	-0.390	-0.184	-0.939	0.200	0.542	0.049	0.871	0.942	-0.668	-0.965	-0.079	-0.185	-0.652
2	164444419	rs75483173	0.893	0.436	0.255	0.421	0.787	0.764	0.997	0.760	0.812	0.691	0.175	-1.353	1.008	-0.189	0.103	-1.126	0.083	1.390	1.163	0.662	0.043	-0.149	-0.197	-0.103	0.718	0.474
2	164833680	rs6748298	2.066	1.137	1.714	1.332	2.042	1.338	0.833	-0.711	0.051	0.493	-0.751	-0.575	-0.535	-0.353	-0.086	-0.449	-0.866	-0.631	-0.700	-0.794	-0.994	-0.785	-0.957	-1.239	-0.400	-0.536
2	165011827	rs10184428	0.846	0.185	-0.335	0.655	0.573	0.324	-0.244	-0.559	0.456	0.210	-0.791	0.067	0.209	-0.509	-0.426	0.097	-1.180	-1.362	-0.465	-0.957	-0.336	-0.600	-0.368	-0.233	-0.144	-0.504
2	165147522	rs7577340	-0.974	-0.478	-1.146	-0.649	NA	-1.201	-0.759	-1.280	-0.589	0.064	-1.743	-1.132	-0.646	-1.160	-0.479	-0.533	-1.714	-1.897	-1.176	-1.810	-1.478	-1.235	-1.346	-1.241	-1.614	-1.077
2	191488020	rs62182899	0.385	0.562	0.118	0.625	1.014	0.111	0.503	0.599	1.086	0.818	0.332	0.633	0.523	0.642	0.558	0.798	0.515	0.285	-0.176	-0.089	-0.017	0.736	1.345	1.307	1.321	0.983
2	217924153	rs7561918	-0.454	0.789	0.280	0.395	0.597	0.790	0.400	-0.238	-0.516	-0.592	0.676	-1.614	-0.498	-1.513	-0.915	-0.302	-0.006	-0.574	0.398	0.544	0.616	-0.539	-0.558	-0.376	-0.224	-0.091
2	237124209	rs6431439	NA	0.315	-1.175	NA	NA	-1.447	-2.559	-2.729	-1.872	-0.183	-1.728	-0.802	-0.849	-1.013	-1.158	-2.040	-1.198	-1.528	-2.496	-2.123	-2.388	-1.280	-1.417	-2.079	-1.820	-2.137
2	240193575	rs6745266	1.108	0.720	1.669	0.976	0.849	0.655	0.812	0.782	0.434	-0.424	-0.103	-1.461	-0.209	-1.458	-0.306	-1.288	0.563	-0.456	0.356	0.224	0.372	0.051	0.241	-0.193	0.108	0.212
3	14895105	rs4684242	1.816	1.188	1.321	2.973	0.566	1.582	1.597	0.594	0.138	0.745	1.010	-0.513	-0.692	-0.634	0.331	-0.660	0.837	0.630	-0.250	1.547	-0.051	1.243	1.352	0.992	1.737	1.774
3	23733924	rs61231332	NA	NA	-0.891	-1.875	-1.089	-0.757	-1.321	-1.094	-0.436	-0.211	-0.830	1.001	-0.049	0.644	-0.914	-0.230	-1.158	-1.375	-1.428	-1.246	-0.010	-0.624	-0.406	-0.048	-0.266	-0.062
3	27510737	rs582505	NA	NA	0.748	NA	NA	-0.937	0.365	-2.205	-0.404	-0.716	-0.986	-0.993	-0.908	-0.964	-1.416	-1.382	-2.666	-2.456	-1.801	-2.447	-3.181	-1.748	-1.176	-1.382	-2.628	-1.395
3	27539949	rs13072093	-0.695	0.272	1.978	NA	NA	1.044	-0.089	-0.836	NA	-0.424	NA	0.301	1.109	0.794	0.293	-0.119	NA	NA	NA	1.063	NA	1.239	1.117	0.837	1.136	NA
3	46892161	rs1077216	-0.427	-0.077	0.150	-0.720	-0.153	-0.335	-0.146	0.062	-0.296	0.454	-0.141	0.109	-0.186	-0.220	-0.052	0.256	-0.465	-0.447	-0.562	-0.038	-0.608	0.657	0.775	0.455	0.572	0.385
3	51503887	rs73078654	NA	NA	NA	NA	NA	-0.032	-0.374	NA	NA	-0.907	-1.001	1.038	NA	NA	NA	-0.207	-2.471	-0.632	NA	NA	-2.182	-0.573	-2.355	-2.098	-1.269	-1.445
3	53473900	rs74601753	NA	NA	NA	NA	NA	NA	NA	-2.525	-1.498	-1.304	NA	-0.402	-0.130	-0.964	-0.114	-0.040	NA	NA	NA	NA	NA	-0.492	NA	NA	NA	NA
3	53556223	rs979220	0.625	0.360	0.824	-0.129	0.704	0.040	0.599	0.284	0.475	0.433	0.335	1.068	0.272	0.547	0.766	1.442	-0.110	-0.473	-0.549	0.352	0.495	0.078	0.250	-0.286	0.358	-0.364
3	53562894	rs6445583	0.417	0.048	0.916	-1.130	-0.744	0.194	-1.124	-1.385	-1.160	-1.542	-1.180	-2.810	-2.242	-2.304	-2.010	-3.152	-0.193	-1.978	-0.137	0.278	-0.102	-0.522	-1.600	-1.042	-1.440	-1.128
3	53590465	rs9814480	-0.063	0.713	0.568	0.330	0.571	0.356	1.201	-1.185	-0.033	-1.042	0.046	-0.882	0.084	-0.300	-0.742	-0.894	NA	-0.279	NA	NA	NA	0.934	1.176	1.308	0.922	1.370
3	53633122	rs3821851	-0.478	-0.577	-0.249	0.509	0.206	0.318	-1.450	-1.163	-1.208	-1.616	-0.445	-1.548	-0.981	-1.277	-1.138	-1.832	-0.570	0.117	-0.612	-0.047	-0.149	-1.083	-0.999	-0.913	-0.693	-1.108
3	53798334	rs3774569	-1.770	-1.233	-1.297	-0.722	-1.217	-0.768	-1.218	-0.516	-0.917	-0.747	-0.043	-1.464	-1.381	-1.383	-1.407	-1.269	-0.387	0.058	-0.186	-0.724	-0.049	-1.799	-1.101	-1.806	-1.399	-1.446
3	53842251	rs62250902	0.122	NA	-0.647	NA	-0.205	NA	-0.955	-0.484	1.517	NA	-0.262	0.705	0.295	1.249	0.440	0.213	NA	NA	0.753	0.978	0.824	1.381	1.014	1.311	1.205	1.245
3	53861023	rs4687746	-0.705	-0.601	-1.616	-1.186	-0.385	-1.309	-0.534	-0.386	-0.589	-1.300	1.109	0.726	1.241	1.075	0.644	0.680	0.555	-0.960	1.631	2.375	1.890	1.481	1.362	1.744	2.525	1.620
3	53862116	rs6804251	-0.003	-0.388	-1.060	-0.052	0.177	-0.759	-1.698	-1.595	-1.122	-0.131	-1.838	-1.764	-1.808	-1.657	-1.821	-1.828	-0.473	-0.400	-0.607	-0.982	-0.631	-2.370	-2.044	-2.334	-1.786	-2.567
3	53874025	rs79294283	NA	NA	NA	NA	NA	NA	NA	NA	NA	NA	NA	-0.138	1.156	-0.660	-0.550	-0.274	NA	NA	NA	NA	NA	-0.167	NA	NA	NA	NA
3	53888840	rs78021240	NA	NA	NA	NA	NA	NA	NA	-0.662	NA	-1.719	-0.616	-0.339	-0.468	-0.456	-1.685	-0.802	NA	0.388	-0.670	0.487	NA	-1.936	-1.854	-2.187	-1.638	-1.836
3	53913205	rs56743403	0.090	0.333	-1.235	-0.800	1.549	0.212	0.792	0.094	-0.313	0.078	0.623	-0.565	-1.550	NA	-2.265	-1.309	1.010	0.120	0.216	0.083	0.897	-0.370	0.139	-1.212	-0.404	-1.873
3	56901603	rs35637558	NA	NA	0.319	NA	NA	-0.820	-0.587	-1.260	-0.211	0.144	-0.971	-0.880	-1.257	-0.929	-0.873	-1.730	-0.466	-0.128	-0.629	-1.131	-1.024	-1.302	-0.765	-0.244	-1.775	-0.556
3	56950852	rs6445838	-1.115	0.223	-0.561	-0.683	-0.266	-0.376	0.304	0.822	1.930	1.563	1.154	1.054	0.851	0.546	1.599	0.926	1.530	1.230	1.899	2.011	1.167	0.786	-0.056	0.266	0.822	0.431
3	114822794	rs12171287	0.727	0.382	0.387	0.524	0.714	0.526	0.789	-0.255	0.278	0.064	-0.794	0.004	0.609	0.725	0.620	0.978	-0.147	-0.488	-1.105	0.251	-0.647	1.386	-0.018	0.521	0.640	0.696
3	115097587	rs13327867	-0.056	-0.155	0.431	0.091	0.113	0.176	0.020	-0.006	0.412	0.464	-0.288	1.265	0.740	1.221	1.463	1.219	-0.633	-0.373	0.043	-0.415	-0.555	1.302	0.352	0.904	0.418	1.092
3	143933565	rs80346595	0.579	NA	0.322	-1.097	NA	-0.679	0.528	0.273	-0.192	0.584	0.062	NA	0.187	0.837	NA	NA	1.157	NA	-0.656	0.001	-0.542	-1.804	NA	-1.816	-0.726	-1.643
3	169477506	rs12638862	0.143	2.551	1.670	1.963	2.130	2.125	1.272	1.162	0.275	-0.195	0.880	0.227	-0.017	0.301	0.651	0.414	0.986	0.926	0.847	0.511	0.690	1.012	0.661	0.861	0.495	0.985
3	183520112	rs17622152	NA	NA	NA	NA	NA	0.388	0.197	-0.385	-0.774	0.262	-0.923	-1.606	-1.183	-1.376	-1.155	-1.099	-0.766	-0.550	-0.678	-0.740	-0.756	-0.541	-0.114	-0.072	-0.181	-0.029
3	185613363	rs6782289	0.752	0.552	1.332	1.076	1.661	1.423	1.636	0.198	1.107	1.001	0.984	1.078	0.117	0.387	-0.373	1.257	0.486	0.165	0.653	1.376	1.036	1.503	0.796	1.428	1.659	1.282
3	187909114	rs12492534	-0.387	-0.327	0.951	NA	NA	-0.122	1.751	-0.928	-0.733	-0.858	0.248	1.112	-0.955	0.803	0.412	-0.802	0.911	-0.063	1.323	0.463	-0.387	0.885	1.447	1.356	0.492	0.843
4	10662174	rs4697770	0.972	1.572	-0.138	0.053	0.518	-0.410	0.774	0.036	-0.610	-0.437	0.689	2.161	1.897	1.670	1.332	1.424	-0.089	0.931	0.882	0.027	0.297	0.758	0.233	1.310	1.050	1.135
4	15384544	rs4515160	3.078	2.608	2.290	2.905	2.529	1.901	1.283	0.403	0.357	0.183	0.857	0.287	-0.016	-0.129	-0.085	0.170	0.627	0.178	0.864	0.933	0.571	-0.570	-0.122	0.166	0.105	-0.261
4	54790054	rs77050722	NA	NA	0.869	NA	NA	1.312	0.609	0.564	1.529	1.396	0.773	-0.021	0.226	0.582	-0.327	0.102	0.612	0.950	0.390	0.203	-0.089	-0.196	-0.025	0.460	-0.212	-0.283
4	81155937	rs79620921	0.712	-0.067	0.145	1.651	-0.395	-0.350	-0.870	1.242	1.361	1.440	0.375	2.088	1.400	1.580	1.138	1.807	0.102	-0.122	0.230	0.206	0.382	0.738	0.052	0.136	0.118	0.376
4	81167508	rs989509	-0.551	-0.711	-0.189	0.357	-0.525	-1.428	-0.782	-0.904	-0.175	-0.360	-0.734	-0.756	-1.335	-1.152	-0.992	-1.309	-0.478	0.484	0.048	-0.178	-0.958	0.705	-0.358	0.097	-0.332	0.490
4	81181072	rs10857147	-0.416	0.760	0.778	-0.348	-0.834	-0.661	-1.052	0.562	0.152	0.262	0.646	-0.622	-0.886	-0.624	-0.354	-0.670	0.624	0.400	0.512	-0.192	1.407	0.093	1.195	0.141	0.110	-0.113
4	86701617	rs13120732	-0.868	-1.676	-0.809	-2.004	-1.671	-0.197	-1.865	-1.095	-0.741	-0.945	0.474	-0.018	0.714	0.359	-0.043	0.436	-0.472	0.841	0.420	0.655	0.589	-1.228	-1.595	-1.578	-1.499	-1.694
4	106910958	rs56388530	-1.519	-1.058	-2.122	-1.720	-2.304	-1.976	-0.824	0.730	1.264	2.061	-0.580	0.410	0.791	0.419	1.288	1.009	0.002	-0.297	0.007	0.037	-0.243	0.684	0.760	0.948	0.526	1.222
4	111310353	rs243918	-0.683	-0.755	-0.379	-0.543	-0.686	-0.179	0.209	1.365	0.974	1.258	0.690	0.102	0.497	0.025	-0.192	-0.028	0.139	0.017	0.420	0.729	0.693	-0.302	-0.946	-0.549	-0.565	-0.458
4	111333601	rs7667370	NA	NA	NA	NA	NA	0.718	-0.268	0.007	-0.088	-0.175	0.799	-1.100	-0.864	-0.509	-0.591	-1.253	0.275	0.096	0.902	0.499	0.710	-1.213	-1.167	-0.530	-1.325	-1.008
4	147659983	rs28444238	0.870	1.425	0.860	1.052	1.339	1.380	1.007	0.213	0.298	0.041	0.672	0.633	0.415	0.443	0.321	0.189	0.758	0.902	0.815	0.774	1.132	0.744	0.914	0.973	1.025	1.137
4	147679906	rs4835049	0.752	0.073	1.091	1.158	1.185	-0.445	0.631	-0.605	-0.262	-0.087	-1.265	-0.520	-0.834	-0.387	-0.312	-0.167	-1.631	-1.398	-1.488	-1.489	-1.468	-0.554	-0.911	-0.986	-1.052	-0.786
4	177417166	rs309744	3.185	0.711	1.670	3.008	1.587	1.268	1.612	-0.103	-0.165	-0.338	0.392	-0.445	-0.866	-0.412	0.521	-0.222	-0.296	0.157	-0.691	0.540	0.337	-0.014	0.826	-0.258	0.363	1.152
5	32829929	rs1177765	-0.743	-0.736	0.058	-0.229	-0.036	0.259	-0.518	0.101	-0.498	-0.225	0.400	-0.146	-0.518	-0.335	-0.437	-0.595	0.188	0.679	0.607	0.595	0.563	0.170	0.444	0.596	0.504	0.322
5	38210894	rs4869576	1.506	1.395	2.055	1.357	1.056	1.383	1.901	-0.140	0.562	-1.806	2.529	1.728	0.838	1.148	0.587	0.581	1.611	1.097	1.383	1.796	2.410	2.256	2.790	1.773	1.799	1.918
5	38605357	rs3097240	-0.339	0.195	-0.258	-0.679	-0.424	-0.901	-0.339	-0.699	0.191	-1.343	0.052	-0.413	NA	-0.807	-1.238	NA	0.061	-0.680	-0.180	0.008	0.236	-1.168	-1.375	-1.141	-0.989	-1.693
5	52195507	rs16880453	-0.935	-0.302	-1.325	-0.616	-0.797	-0.413	-1.397	-1.253	-0.600	0.763	-0.821	-0.694	-0.606	-1.369	-1.244	-0.694	-0.774	-1.459	-1.653	-1.230	-0.849	-0.010	0.168	0.401	0.563	0.068
5	72991289	rs17664602	NA	NA	NA	NA	NA	-1.681	NA	-0.991	-0.119	0.457	-1.331	0.495	0.149	0.078	0.096	-0.283	0.242	0.547	-1.013	0.434	-1.440	-0.867	-0.844	-0.381	-0.618	-0.791
5	93839136	rs117884492	NA	NA	NA	NA	NA	NA	NA	NA	NA	NA	NA	-0.272	0.108	NA	0.262	NA	NA	NA	NA	NA	NA	NA	NA	NA	NA	NA
5	94093640	rs17084024	-0.892	-1.142	-0.827	-0.686	-0.460	-0.292	-1.046	-0.547	-0.236	0.299	-0.097	-1.816	-1.127	-0.075	-1.067	-1.064	-0.649	-1.076	-0.555	-0.569	-0.011	-0.090	-0.197	-0.065	-0.276	-0.300
5	102294783	rs13157269	NA	-0.012	NA	-0.172	NA	NA	0.784	0.635	0.106	0.031	0.370	0.657	-0.265	-0.123	-0.461	0.940	1.192	0.330	0.820	0.711	0.466	0.941	0.888	1.186	1.398	1.668
5	102546615	rs34967509	NA	NA	NA	NA	NA	NA	0.469	-0.779	-1.433	-0.380	-0.532	0.176	-0.830	-0.985	-0.371	NA	0.076	-0.585	-0.008	-0.317	-0.419	0.368	0.198	0.255	0.597	0.538
5	147104275	rs7713010	-0.816	-0.917	0.319	-0.885	-0.607	-0.124	-0.199	-0.794	-1.204	-1.328	-1.667	-1.366	-1.551	-0.843	-2.125	-2.071	-0.258	0.243	-0.270	-1.234	-1.051	-0.978	-1.153	-0.939	-0.773	-1.021
5	148347543	rs10477399	1.594	1.590	1.176	1.470	1.638	1.171	1.239	1.263	0.020	-0.589	0.793	1.578	1.037	1.362	1.356	1.228	1.151	0.743	1.408	1.091	1.323	0.178	0.371	0.421	0.008	0.268
5	148400668	rs79209537	NA	NA	NA	NA	NA	NA	NA	0.134	NA	-0.711	-1.338	1.033	0.278	0.291	0.195	-0.081	-0.457	-0.486	-0.364	0.288	-0.535	-0.045	-0.251	-0.327	-0.234	-0.406
5	156666163	rs6895925	0.277	0.059	-0.752	-0.686	0.371	-0.234	-0.205	0.406	-0.590	-0.522	0.911	-1.201	-0.504	NA	-0.872	-0.812	0.581	0.114	0.120	0.535	0.871	-0.031	-0.145	-0.138	0.679	0.086
5	158220193	rs31864	-0.758	0.299	-0.669	-1.198	-0.344	0.084	-0.801	-0.099	-0.480	0.897	-0.450	-1.130	-1.010	-0.783	-0.767	-0.880	-0.703	-1.003	0.220	-0.416	-0.594	-1.184	-1.440	-0.693	-1.613	-1.072
5	173807972	rs117196348	NA	NA	NA	NA	NA	NA	NA	NA	NA	NA	NA	1.286	0.396	1.060	0.126	0.795	NA	-1.681	NA	NA	NA	NA	NA	NA	NA	NA
5	174238893	rs79581935	-0.287	NA	-0.574	NA	0.248	-0.722	-0.633	-0.218	-0.943	NA	-0.925	1.405	0.264	0.919	1.179	0.323	-0.285	-0.315	-0.780	-1.457	-0.195	0.095	0.490	0.329	-0.010	1.030
6	25179357	rs55916993	-0.357	-0.438	-0.223	1.581	0.107	-0.867	0.533	-0.651	1.122	0.942	-0.724	-0.220	0.527	0.386	1.718	0.068	-0.473	-1.161	-0.754	-0.169	-0.364	-0.487	0.424	-0.256	0.350	-0.077
6	39973445	rs2984433	-0.745	-0.688	-0.715	0.339	-0.920	-0.283	-0.055	2.519	3.014	1.721	1.259	1.121	0.218	-0.261	-0.537	0.925	0.752	0.594	0.895	0.409	0.579	1.119	1.153	1.526	1.650	1.205
6	43353635	rs113789029	-1.014	NA	NA	NA	-0.367	NA	0.124	-0.293	0.062	-0.607	-1.345	0.092	1.529	0.782	1.417	0.093	-0.215	0.821	0.980	0.222	0.326	-0.405	-0.530	-0.308	0.292	0.515
6	43762287	rs9367173	NA	NA	NA	NA	NA	NA	NA	NA	NA	NA	NA	-0.651	-0.502	-1.189	-1.224	-1.201	NA	NA	NA	NA	NA	NA	NA	NA	NA	NA
6	55531822	rs75733666	NA	NA	NA	NA	NA	NA	NA	-0.960	-1.277	-0.991	NA	-1.470	-1.557	-1.424	-0.214	-0.796	NA	NA	NA	NA	NA	-0.676	NA	NA	NA	NA
6	80154074	rs196695	-0.516	-0.689	-0.063	-0.625	0.056	0.485	-0.508	0.338	0.474	-0.149	-0.433	1.558	1.483	1.606	1.139	1.606	-0.768	-0.102	-0.351	0.310	0.269	-0.658	-0.316	-0.469	-0.611	-0.695
6	97845951	rs141056240	NA	NA	NA	NA	NA	NA	NA	NA	NA	NA	NA	NA	NA	-0.963	-0.740	NA	NA	NA	NA	NA	NA	NA	NA	NA	NA	NA
6	101872125	rs147876377	NA	NA	NA	NA	NA	NA	NA	-0.291	-0.171	-0.121	NA	0.164	1.689	1.292	0.758	0.937	NA	0.246	NA	NA	NA	-0.043	NA	NA	NA	NA
6	126122280	rs9385385	0.987	1.593	1.399	0.346	1.322	0.705	-0.062	-0.262	-0.013	0.591	-0.176	-1.031	-1.318	-0.931	-0.916	-1.000	-0.743	-0.231	-0.808	-0.853	-0.708	-0.874	-0.427	-0.688	-0.262	-0.784
6	127146879	rs1105956	-1.030	-0.655	-1.158	-1.631	-1.098	-0.874	-0.371	0.564	-0.372	0.637	0.446	1.541	0.109	0.517	NA	0.967	0.402	0.825	0.590	0.883	-0.103	1.040	0.799	0.505	0.577	0.674
6	134948543	rs4438975	-0.920	-0.176	0.072	0.035	-0.064	-0.571	0.243	-1.144	-1.324	-0.862	-0.756	-0.938	-0.408	-0.599	-0.518	-0.039	-0.501	NA	NA	-0.762	-1.455	-0.748	-0.731	-1.258	-0.417	-1.575
6	135028384	rs79025252	2.496	-0.068	0.426	0.826	1.007	0.249	1.506	0.778	0.800	1.067	0.077	-0.682	-0.134	-0.202	1.252	-0.593	1.001	0.779	0.380	0.356	0.529	0.702	0.258	0.291	0.847	0.044
6	135108042	rs112179476	-0.147	0.088	-1.244	-0.536	-1.127	-0.699	0.453	0.346	0.237	-0.375	-0.244	0.077	0.245	0.302	0.311	-0.133	0.458	0.941	0.025	-0.114	-0.224	-0.834	-0.138	-0.927	-0.618	-0.761
6	135127564	rs9402652	NA	NA	NA	NA	NA	NA	NA	NA	NA	NA	NA	1.008	0.066	1.050	0.442	0.176	NA	NA	NA	NA	NA	-0.741	NA	NA	NA	NA
6	137048914	rs2876345	2.206	1.602	2.104	3.248	1.810	1.433	1.916	1.198	0.651	0.437	-0.207	0.810	0.108	-0.149	-0.477	-0.056	0.395	0.864	0.779	0.720	-0.396	0.345	0.899	1.496	1.335	0.850
6	153148410	rs1282343	-1.485	-0.596	0.529	-0.579	-0.868	-0.471	-0.083	0.741	0.615	-0.106	0.680	0.303	-0.328	-0.384	0.855	-0.327	-0.482	-0.539	-0.285	-0.316	-0.621	1.233	1.485	1.410	1.083	1.135
6	156786571	rs79778920	NA	NA	0.019	NA	NA	NA	NA	NA	NA	NA	NA	-2.162	-1.233	-0.572	-1.065	-0.421	NA	NA	NA	NA	NA	-0.842	-0.636	0.082	-2.049	0.286
7	1038627	rs4723350	1.409	1.383	1.276	0.878	2.029	0.974	0.862	0.239	-0.117	0.783	0.042	-1.116	0.708	-0.151	1.023	-1.357	-0.322	-1.069	-0.325	-0.306	0.003	-0.199	0.060	-0.425	-0.788	-0.548
7	19140968	rs17351535	NA	-1.876	NA	-1.719	NA	-0.689	-1.950	0.384	0.471	1.240	0.504	-0.045	-0.066	-0.218	NA	0.184	-0.102	-0.970	-0.916	-0.344	-0.646	-0.739	-0.512	-0.231	-0.681	-0.038
7	22885418	rs4275128	-0.206	-0.134	0.870	1.530	1.520	0.995	0.341	-1.005	-1.742	-1.638	-0.094	-1.097	0.717	0.735	NA	0.032	0.305	0.122	-0.116	0.046	-0.058	-0.688	-0.793	-0.135	-0.593	-0.686
7	26008233	rs2391211	NA	NA	NA	NA	NA	0.315	0.145	-0.962	-0.164	-0.162	-1.105	0.164	-0.203	0.157	-0.833	-0.171	-1.482	-1.593	-1.691	-1.132	-1.495	-1.079	-1.046	-1.279	-1.560	-1.387
7	27190398	rs11762730	-0.538	-0.003	-0.948	0.852	-0.868	-0.449	-0.487	-0.019	-0.089	-0.391	0.177	-0.152	0.531	0.278	0.245	-0.051	0.892	0.484	0.980	0.930	0.564	0.695	1.525	1.224	1.408	1.229
7	27243962	rs4722675	NA	NA	NA	NA	NA	NA	1.277	-1.142	-0.444	-1.416	-0.387	-0.679	0.008	-0.549	-0.356	-0.866	0.993	-0.557	1.078	0.924	0.458	-0.445	-0.609	-0.024	-0.340	-0.470
7	27348450	rs13230404	1.673	0.709	0.789	0.674	1.136	0.728	-0.453	-0.709	-1.016	-1.170	-0.896	-0.720	-0.102	-0.516	-0.171	-0.588	-1.554	-1.500	-1.122	-1.372	-0.915	-0.728	-1.000	-0.931	-1.139	-1.113
7	29103222	rs695069	0.602	-0.825	-0.874	0.173	0.535	-0.754	-0.917	0.047	-0.489	1.095	0.002	0.792	1.097	1.214	0.624	0.947	-0.801	-0.527	-0.481	0.016	-0.815	0.924	0.293	0.479	-0.256	0.221
7	33861180	rs7796633	1.733	1.128	0.748	-0.004	0.095	0.310	0.934	0.658	-0.328	-0.115	0.542	1.093	1.590	0.993	1.273	1.311	1.252	0.216	0.980	1.390	1.031	0.550	0.838	0.684	0.614	0.556
7	138627696	rs12707403	-1.176	-1.511	-1.362	-2.136	-1.610	-1.233	-0.022	2.810	2.500	2.613	2.219	1.119	0.795	1.455	1.156	0.927	1.480	1.226	1.854	1.790	2.140	0.473	0.952	0.193	1.932	0.466
8	17428591	rs6982772	0.531	1.088	1.380	0.671	1.035	1.368	1.920	NA	3.132	NA	0.697	0.573	-0.457	0.592	0.051	0.798	NA	NA	NA	NA	NA	NA	NA	1.516	NA	NA
8	57341785	rs56344606	-0.436	-0.805	-0.488	-0.661	0.564	-1.000	-0.826	-0.844	-1.722	-2.583	-0.956	-0.844	-0.366	-0.062	-0.276	-0.933	-0.687	-1.044	-1.384	-0.358	-0.853	0.201	-0.001	0.523	0.359	0.265
8	76484284	rs1913642	-0.438	0.623	-0.256	-0.049	-0.641	0.047	0.306	1.726	1.185	1.408	0.711	0.589	0.493	0.570	0.185	1.316	NA	0.333	0.215	0.506	0.060	0.661	0.192	0.527	0.652	-0.240
8	76578014	rs7828369	-0.430	0.184	-0.092	0.074	-0.531	-0.485	-0.581	0.447	-0.268	-0.718	-1.112	-0.347	-0.100	-0.422	-0.714	0.007	-0.115	0.119	0.246	-0.908	-0.054	0.705	0.731	0.177	0.464	0.466
8	76880130	rs28455046	0.508	-0.656	0.793	-0.170	0.027	-0.209	0.201	0.204	-0.568	-0.873	0.334	0.487	0.887	-0.474	0.944	0.609	0.468	1.885	0.829	0.147	NA	-0.131	-0.401	-0.297	-1.185	-1.187
8	76953258	rs830445	1.089	0.749	1.439	0.563	0.975	0.846	1.114	0.735	0.271	-0.371	0.781	0.512	0.166	0.430	0.036	0.138	0.552	0.367	-0.338	0.492	0.429	0.188	0.406	0.401	0.370	0.514
8	77083682	rs75068716	NA	NA	NA	NA	NA	NA	NA	NA	-1.179	NA	NA	-0.083	0.001	-0.073	0.169	NA	NA	NA	NA	NA	NA	NA	NA	NA	NA	NA
8	77207076	rs11996664	-1.391	-1.507	-0.845	-0.725	-0.881	-0.598	-1.414	-2.036	-1.720	-0.913	-1.307	-1.397	NA	-1.467	NA	NA	-1.464	-1.752	-1.875	-2.472	-2.061	-1.360	-1.846	-1.105	-1.149	-0.584
8	95700688	rs2554399	-1.014	-0.073	-0.978	-1.064	-1.131	-1.398	-1.322	0.591	0.943	1.199	0.108	0.267	1.122	1.774	0.913	1.277	1.021	0.893	0.593	0.700	1.666	1.396	1.079	1.708	1.076	1.260
8	106060970	rs285870	1.881	1.755	1.489	1.208	1.735	1.160	1.144	-0.610	-0.638	-0.950	-0.987	1.398	1.306	0.872	1.309	0.756	0.071	0.015	0.243	0.025	-0.731	-0.551	-0.843	-0.704	-0.164	-1.150
8	106641544	rs77215052	1.209	0.995	NA	NA	1.741	1.345	0.937	-1.033	-0.932	-0.364	-0.111	-1.403	-0.592	-0.980	-0.425	NA	-0.441	-0.077	-0.252	-0.289	-0.839	-0.252	0.498	0.256	0.163	0.290
8	110123183	rs12680028	-0.662	0.241	-0.463	-0.022	-0.188	0.055	-0.518	0.886	0.653	0.256	-0.331	-0.481	0.364	0.595	-0.150	0.182	0.049	-0.163	-0.526	-0.415	-0.319	0.097	0.011	0.233	0.577	-0.286
8	140926772	rs2306078	1.050	1.146	0.121	0.382	1.359	1.107	1.322	1.038	1.287	1.109	0.136	-0.581	-0.350	-0.322	-0.440	0.184	1.181	0.530	1.570	1.733	0.300	0.420	0.952	0.602	0.993	0.701
8	143982961	rs62525059	0.210	0.925	-0.321	0.195	0.789	-0.229	-0.569	-1.129	-0.783	-0.933	-0.803	0.094	0.037	-0.511	0.319	-0.366	-0.334	-0.605	-0.676	-0.656	-0.786	-0.661	-0.745	-0.898	-0.867	-0.270
9	4130147	rs576680	0.805	0.514	1.692	1.217	0.739	0.737	-0.090	0.889	1.181	2.105	1.074	0.738	1.555	1.828	2.668	1.667	0.366	0.853	0.464	-0.316	0.544	0.576	0.514	-0.074	-0.051	0.455
9	6978691	rs1323410	-0.921	-1.375	-1.300	-1.373	-1.530	-0.885	-0.749	1.805	2.042	1.056	0.505	0.457	0.912	0.459	1.337	0.727	0.664	0.391	0.565	0.393	0.820	2.279	2.187	1.959	2.087	2.375
9	7345304	rs10115790	-0.817	-0.975	-1.060	-0.840	-0.859	-0.161	-0.798	-1.301	-0.865	-1.521	-1.132	0.241	1.135	0.912	1.706	-0.504	-1.985	-1.639	-0.337	-1.735	-1.736	0.322	0.138	0.402	-0.332	-0.451
9	90299558	rs59243137	1.523	0.841	0.233	1.292	0.129	1.098	1.132	-0.671	-0.325	-1.111	-0.435	-0.399	-0.269	-0.217	-0.091	-0.277	NA	NA	NA	1.044	NA	0.899	NA	0.743	1.193	0.283
9	90982143	rs11142266	NA	NA	NA	NA	NA	NA	NA	NA	NA	NA	NA	1.820	1.079	0.973	0.468	2.280	NA	NA	NA	NA	NA	NA	NA	NA	NA	NA
9	97785248	rs7023719	1.407	0.606	1.450	0.465	1.125	0.672	1.976	-1.051	-1.364	-1.257	1.395	-0.036	1.248	1.316	1.399	-0.613	0.452	-0.009	1.401	0.249	0.654	1.743	1.655	0.711	1.607	0.846
9	118111343	rs35643606	NA	NA	NA	NA	NA	NA	NA	-0.907	-1.073	-0.310	-0.105	-0.106	NA	1.355	0.618	1.415	0.562	0.322	0.044	-0.422	-0.538	-0.879	-0.146	0.296	-0.168	-0.331
9	118351011	rs7859905	2.154	1.534	1.398	1.568	2.077	1.578	-0.126	0.766	-0.829	0.254	0.884	0.452	1.969	1.229	1.841	1.672	1.059	0.180	0.322	0.900	0.729	0.767	0.729	0.838	1.229	0.229
9	118372914	rs75092903	1.244	0.614	-0.373	-0.625	0.557	0.274	-0.384	1.172	1.540	0.961	1.433	-0.522	1.598	2.103	0.462	1.523	0.445	0.181	0.928	0.318	1.441	-0.331	0.217	0.266	0.625	-0.633
9	128438005	rs1250736	0.934	0.120	0.525	0.230	0.069	0.353	0.355	-0.179	-0.436	0.322	0.032	-0.364	-0.901	-0.512	-0.415	-0.828	0.783	0.462	0.215	0.365	0.696	-0.463	-0.414	-0.353	-0.487	-0.051
10	10194737	rs7903255	-0.322	-0.024	0.485	0.314	-0.722	-0.176	-1.012	-0.052	0.306	-0.864	-1.367	-0.681	-0.891	0.428	-0.867	-0.805	-1.508	-0.060	-2.068	-2.132	-1.785	-1.575	-0.292	-0.675	-0.739	-0.806
10	60279634	rs1649033	-0.804	-0.923	-1.076	-0.684	-1.198	-0.706	-0.894	1.212	1.493	1.371	0.678	-0.976	-1.448	-0.432	-0.448	-0.540	0.651	0.509	1.001	0.765	0.876	0.109	-0.731	-0.006	0.033	-0.376
10	62975366	rs7901470	NA	NA	NA	NA	NA	0.176	0.164	-0.217	-1.076	-0.453	-0.531	-1.170	-1.432	-1.705	-1.408	-2.029	-0.445	0.176	0.010	-0.430	-0.683	0.189	0.466	0.582	0.474	0.308
10	64588209	rs1040875	-1.866	-2.392	-1.089	-2.440	-1.839	-1.831	-1.499	0.391	0.872	3.523	0.488	-0.115	0.183	-0.147	-0.059	0.295	0.213	0.024	0.176	0.056	0.811	-0.289	-0.576	-0.822	-0.844	-1.214
10	90985948	rs2254747	0.251	0.535	0.486	0.400	0.074	0.309	0.454	0.829	0.675	1.273	1.030	1.201	NA	NA	NA	NA	-0.134	0.491	0.121	0.686	0.237	1.323	1.252	0.804	0.260	0.789
10	96039597	rs2274224	-0.823	-0.418	-1.114	-0.742	-1.121	-1.014	-1.119	0.405	0.007	-0.633	-0.397	0.587	-0.989	-1.003	-1.104	0.283	0.022	0.965	0.644	0.191	0.281	0.024	0.312	0.417	0.035	-0.044
10	96044734	rs3736901	NA	NA	NA	NA	NA	0.323	-0.355	-0.562	-0.910	-1.299	-1.090	-0.341	-0.283	-0.608	-0.185	0.511	-1.167	-0.344	-0.868	-0.895	-0.807	-0.032	0.156	0.182	-0.382	0.466
10	102392746	rs12264878	0.171	0.200	0.262	1.136	0.979	0.782	0.664	0.102	-0.163	-0.571	-0.189	-0.141	-0.706	0.074	-0.211	-0.405	0.959	0.354	0.722	0.915	1.087	-0.694	-0.877	1.611	0.861	-1.305
10	104222377	rs4919643	0.432	0.609	1.010	0.964	1.132	1.011	0.539	-0.473	-0.007	-0.034	-0.820	-0.880	-0.898	-0.924	-0.829	-1.113	-1.327	-0.643	-1.424	-0.966	-1.046	-1.311	-1.803	-1.267	-1.023	-1.607
10	104521661	rs7912147	0.814	1.216	0.742	0.827	0.319	-0.346	-0.099	0.066	-0.000	0.338	-0.535	-0.103	0.666	0.672	0.517	0.671	0.104	0.387	0.494	-0.166	0.086	-0.653	0.452	0.050	-0.373	-0.288
10	104707016	rs11191472	NA	NA	1.212	NA	NA	1.213	NA	-0.370	0.438	0.077	0.135	0.285	-1.026	-0.787	-0.559	0.086	0.409	0.052	-0.225	NA	-1.133	-0.427	-0.193	-0.089	-0.239	-0.295
10	104869531	rs11191561	-2.521	-1.610	-0.157	-1.992	-2.445	-1.937	-0.963	-1.146	-1.790	-0.326	-1.175	-0.892	-1.661	-1.324	-0.736	-0.648	-0.292	-0.417	-0.752	-2.082	-1.234	-2.246	-0.691	-1.635	-1.917	-2.181
10	104958900	rs112913898	2.248	2.596	1.820	1.368	2.235	2.133	1.969	0.299	0.385	-0.337	0.145	-1.098	-0.730	-0.953	-0.817	-0.814	0.466	0.630	0.141	-0.378	-0.233	-0.911	-0.935	-0.653	-0.617	-0.759
10	105213765	rs11191692	2.241	0.063	1.100	0.245	NA	1.632	0.610	0.284	1.061	0.388	-0.069	-0.189	0.480	-1.242	-0.578	-0.281	0.201	-0.022	0.344	-0.300	-0.267	-1.286	-0.972	-1.211	-1.093	-1.278
10	105688050	rs17116149	0.177	NA	NA	NA	NA	NA	NA	0.156	0.211	0.234	0.440	0.115	0.556	-0.800	0.574	-0.899	NA	0.184	0.956	1.217	0.886	1.064	0.428	0.240	0.123	0.172
10	115744435	rs74850266	-0.934	-0.308	0.349	-0.554	0.070	0.349	1.923	0.015	-0.379	0.405	-0.008	-1.524	-0.519	-1.092	-0.558	-1.568	-0.359	-0.767	0.475	0.449	0.234	-0.555	NA	1.095	0.249	NA
10	123271146	rs3750815	-0.588	-0.093	-0.293	0.702	-1.627	0.009	0.638	-0.570	-1.490	-1.430	-0.222	1.528	0.686	0.562	0.664	0.650	0.515	-1.748	0.353	1.173	0.172	0.402	0.578	0.322	0.258	0.430
10	123327193	rs3135726	0.461	0.149	0.179	0.192	0.410	-0.272	-0.134	-0.043	0.384	0.799	-0.159	-0.331	0.317	-0.461	-0.342	-0.391	-0.087	0.021	-0.098	-0.278	-0.085	-0.913	0.064	-0.428	-0.576	-0.392
10	123361363	rs12415739	0.740	0.465	0.377	-1.021	NA	-1.095	-0.506	-1.569	0.154	0.306	-1.708	-1.001	-0.335	-0.400	-0.845	-0.202	-1.706	-2.074	-1.170	-1.460	-1.659	-1.429	-1.816	-1.474	-1.644	-1.738
10	123498110	rs12572406	NA	NA	NA	NA	NA	NA	NA	NA	-0.915	-1.223	NA	-2.015	-1.610	-0.496	-0.669	-1.072	NA	-0.107	NA	NA	NA	0.059	0.840	0.398	1.400	1.387
10	134281810	rs4515890	1.663	1.403	0.104	2.171	1.423	1.867	0.314	-0.485	-0.249	0.461	0.122	-1.924	-2.189	-2.208	-1.269	-1.441	-0.065	-0.433	0.023	0.070	1.138	-0.268	-1.185	-1.261	-0.623	-0.488
11	2030298	rs3858516	-0.417	-0.194	0.073	0.348	-0.553	0.570	0.383	1.121	1.617	0.050	1.326	2.139	2.032	2.021	2.320	2.345	1.187	1.041	0.655	1.345	1.080	0.912	0.984	1.390	0.926	1.051
11	9750757	rs436637	1.670	0.543	0.676	0.220	0.629	0.520	-0.280	0.330	-0.586	0.204	0.389	0.719	0.403	0.587	0.755	0.922	0.297	0.137	0.339	0.593	0.709	1.292	1.153	0.693	1.511	0.833
11	9776567	rs360140	0.104	0.428	0.853	0.275	0.550	-0.114	0.919	-0.225	0.768	0.178	0.186	-1.199	-1.027	-0.920	-1.159	-0.639	0.357	0.401	0.215	0.972	0.370	-0.338	-0.101	0.039	-0.468	-0.199
11	13281557	rs11022733	-0.957	-0.567	-0.838	-0.623	-0.794	-0.800	0.559	0.947	1.182	0.030	1.085	-0.153	-0.082	0.400	0.227	0.552	1.222	0.560	2.303	1.800	1.555	-0.380	1.037	0.043	0.337	-0.420
11	13292261	rs12295636	-0.758	-0.882	-0.398	-1.415	-1.486	-0.680	-0.711	1.726	0.184	0.225	-0.258	0.333	0.881	1.085	0.045	0.403	1.634	0.317	0.289	1.044	1.198	0.746	1.125	0.370	0.397	0.801
11	47356870	rs2301216	-0.342	0.091	1.545	0.168	0.155	0.332	0.470	0.993	0.404	1.166	0.922	-0.385	0.520	0.125	0.636	0.269	1.125	0.167	0.902	1.433	1.367	1.219	1.144	1.019	1.058	1.227
11	65362041	rs58448771	0.010	0.665	-0.159	-0.058	0.191	0.038	-0.266	0.269	NA	NA	0.567	NA	-0.374	-0.270	-0.081	NA	NA	-0.847	NA	NA	NA	NA	NA	NA	NA	NA
11	76380357	rs10899249	2.034	1.634	1.654	1.163	1.557	1.739	1.865	0.859	0.775	0.911	1.005	-0.345	1.267	0.627	1.739	-0.305	1.151	1.512	0.999	0.957	0.664	1.337	1.126	0.751	1.247	0.909
11	89224718	rs2289123	0.889	0.080	0.565	1.525	1.432	0.581	0.434	0.074	-0.034	0.868	-0.426	-0.044	0.933	0.512	0.660	0.422	0.239	0.225	-0.346	0.320	-0.037	-0.829	-0.404	-0.920	-0.464	-0.700
11	100578884	rs6590811	0.291	0.470	0.725	0.916	0.404	0.232	0.515	1.804	1.614	1.022	1.008	1.735	1.989	2.410	1.823	2.027	1.092	1.291	0.742	0.915	0.489	2.844	3.173	3.720	2.702	2.866
11	112844978	rs56774859	-0.418	-0.028	-0.610	-0.017	-0.747	0.247	0.845	-1.324	-0.601	-0.850	-0.294	-2.230	-2.065	-2.628	-1.925	-2.248	-0.306	-0.146	-0.597	0.624	0.358	-0.733	-0.084	-0.715	-0.535	-0.538
11	120144941	rs57081718	0.070	0.193	-0.661	-0.535	-0.017	0.110	-1.063	0.049	0.869	0.526	0.115	0.199	0.005	0.083	0.158	0.945	1.111	0.955	1.589	2.357	1.920	-0.248	-0.005	-0.077	-0.066	-0.130
11	120196433	rs36011588	0.181	-0.548	0.098	0.230	0.048	0.084	-0.108	1.051	0.940	0.718	0.192	2.371	2.191	1.924	1.880	2.282	0.109	0.802	-0.086	0.406	-0.161	1.034	0.625	0.996	1.209	1.404
11	128051923	rs11221198	NA	NA	NA	NA	NA	-0.232	NA	NA	NA	NA	NA	-0.424	0.706	0.070	0.075	-0.074	NA	-0.450	NA	NA	NA	-1.617	-1.469	-1.468	-1.960	-1.412
11	133154619	rs57227125	1.139	-0.528	-0.084	-0.498	0.571	0.176	-0.433	-1.777	-1.733	-0.862	0.197	-0.483	-0.467	-1.093	0.274	-1.102	0.006	0.817	0.485	1.134	0.723	0.015	1.383	0.830	0.186	0.769
12	12877692	rs34325	-0.268	0.184	0.067	0.331	-0.227	-0.120	-0.263	0.179	1.019	1.032	-0.664	0.322	1.101	0.917	0.899	1.035	-0.440	-0.356	-0.774	0.061	0.058	-0.406	-0.464	-0.713	-0.557	-1.135
12	20212660	rs78018265	NA	NA	NA	NA	NA	NA	-0.338	-1.041	-1.505	-0.562	-0.564	-1.131	-0.674	-0.843	-2.088	-1.244	-0.474	-0.072	-0.642	-1.168	-1.307	-0.165	0.317	0.410	-0.134	0.466
12	46088398	rs1558983	NA	-1.195	-0.681	-0.794	-0.829	-1.424	-1.256	-0.208	0.535	1.547	-0.597	-0.044	-0.179	-0.424	0.653	0.035	-0.409	1.092	-0.143	0.429	-0.726	-0.702	-1.061	-0.829	-1.226	-0.170
12	50446403	rs685012	0.018	-1.064	-0.643	-0.194	-0.467	-0.201	-0.789	0.182	0.758	0.014	-0.190	1.123	0.625	0.569	-0.286	0.135	0.075	-0.250	0.153	0.556	-0.140	-0.219	-0.005	0.202	-0.075	-0.266
12	80088578	rs12827748	NA	NA	1.504	NA	NA	0.498	0.363	-1.956	-1.464	-0.751	-2.175	-1.128	-0.339	-0.929	0.411	-1.219	-1.900	-1.916	-2.059	-2.569	-1.482	-0.343	-1.222	-0.838	-0.563	-0.693
12	89839726	rs10858861	-0.909	-2.022	0.963	-1.764	-0.762	-0.430	-0.745	0.481	0.731	-0.461	-0.534	-1.321	-1.576	-1.634	-1.173	-1.632	NA	0.138	0.268	NA	0.189	NA	NA	NA	NA	NA
12	89989599	rs1401982	-2.287	-1.177	-0.875	-1.829	-1.662	-2.170	-1.606	0.864	0.325	-0.204	0.729	0.344	1.226	1.321	1.574	1.292	0.966	-0.452	0.524	0.424	0.837	1.304	2.225	1.103	1.801	1.334
12	90000815	rs957525	-1.176	-0.707	-0.033	NA	NA	-1.524	-0.793	-1.262	-1.579	-1.678	-0.526	-1.678	-0.232	-1.197	-1.031	-1.491	-0.367	0.110	-1.201	-0.411	-1.058	-0.818	0.241	-0.275	-0.631	-0.532
12	90045144	rs117688951	NA	NA	NA	NA	NA	NA	NA	NA	NA	NA	NA	NA	-1.750	-1.358	-1.073	-1.558	NA	NA	NA	NA	NA	NA	NA	NA	NA	NA
12	90050914	rs117306837	NA	NA	NA	NA	NA	NA	NA	NA	NA	NA	NA	-2.198	-0.775	-0.845	-2.844	-1.439	NA	NA	NA	NA	NA	NA	NA	NA	-0.929	NA
12	90132147	rs12579052	0.775	1.010	0.401	0.085	0.639	0.823	0.124	-0.609	-0.749	-0.689	-0.665	-0.222	0.025	-1.063	0.185	-0.841	0.048	0.344	-0.282	-0.359	-0.395	-0.719	-1.205	-1.214	-1.948	-1.225
12	90247669	rs10777205	1.182	0.123	0.474	0.218	0.212	0.437	-0.694	0.541	0.138	0.261	-0.517	-0.246	-0.770	-0.775	-0.912	-0.677	0.180	0.546	0.399	-0.228	-0.058	-0.806	-0.724	-1.439	-0.658	-1.469
12	111346399	rs3759381	-1.009	-0.687	-0.580	-0.131	-0.703	-0.943	-1.500	0.336	0.522	0.803	0.047	-0.845	0.309	0.028	-0.192	-0.758	0.101	0.499	-0.105	-0.102	-0.058	-0.496	-0.307	-0.311	-0.609	-0.516
12	111357727	rs2040571	2.245	2.826	2.658	2.011	1.564	2.803	1.838	0.866	1.554	1.306	2.202	0.970	-0.507	-0.275	-0.299	0.103	0.869	1.243	-0.212	0.554	1.010	0.693	0.579	0.788	0.409	0.787
12	111359712	rs4766517	-0.156	-0.663	0.167	0.277	0.358	-0.453	-0.079	0.113	0.062	0.479	-0.503	0.654	0.268	0.387	0.576	0.726	-0.285	-0.655	0.040	-0.143	-0.669	-0.277	-0.304	-0.701	0.044	-0.466
12	111692124	rs4766453	-2.216	-1.289	-0.770	-1.752	-1.815	-1.083	-0.293	2.211	0.641	2.483	2.408	-0.495	0.424	1.197	0.505	0.463	3.125	2.366	3.358	3.467	3.199	1.264	1.256	0.878	1.538	0.868
12	111718231	rs79105258	NA	NA	NA	NA	NA	NA	NA	NA	NA	NA	NA	-1.388	-1.720	-2.258	-2.040	-2.142	NA	NA	NA	NA	NA	NA	NA	NA	NA	NA
12	111829557	rs11065889	-1.359	-0.961	-1.166	-0.796	-0.931	-0.796	0.015	1.147	0.652	1.681	1.573	0.175	-0.253	-0.563	-0.362	-0.063	2.325	1.548	2.219	1.848	2.366	1.338	0.899	0.585	1.125	1.218
12	111994852	rs11065950	NA	NA	NA	NA	NA	NA	-0.373	-0.211	-1.013	0.810	1.124	-0.230	-1.617	-1.747	-1.801	-1.617	NA	NA	NA	NA	NA	0.400	0.006	0.143	0.857	0.794
12	112239872	rs10774638	0.513	1.430	0.560	1.018	1.144	0.164	-0.054	-0.996	-0.504	-0.799	-1.184	1.302	1.361	1.263	0.966	1.500	-0.757	-0.947	-0.277	-1.126	-1.270	-0.636	-0.457	0.364	-0.282	0.158
12	112325766	rs16941717	NA	NA	NA	NA	NA	NA	NA	NA	-0.014	0.833	NA	NA	-0.425	NA	NA	-0.087	NA	NA	NA	NA	NA	0.014	0.425	NA	NA	NA
12	112678697	rs11066211	NA	NA	NA	NA	NA	NA	NA	NA	0.651	0.491	NA	NA	-0.069	NA	NA	-0.358	NA	NA	NA	NA	NA	0.915	-0.130	NA	NA	NA
12	112995718	rs7975817	0.354	0.290	0.309	0.644	-0.014	0.689	1.103	1.942	1.023	1.683	2.204	-0.512	-0.621	-1.080	-0.181	-0.007	3.100	3.898	4.125	3.834	3.827	2.038	1.595	2.139	2.066	1.461
12	113115628	rs232935	-0.669	-0.662	-1.799	-0.837	-0.703	-0.579	-0.580	-0.272	0.004	1.360	-0.249	0.023	-0.511	-0.615	-0.738	-0.600	-1.027	-0.942	-2.193	-1.118	-1.918	-0.956	-0.168	-0.614	-0.211	-0.759
12	113196733	rs11614295	0.767	0.870	0.230	0.437	0.812	0.202	-1.529	-0.195	-0.088	0.336	-0.295	-1.608	-2.060	-1.979	-2.075	-1.300	0.900	0.419	1.108	0.816	0.652	-0.976	-0.580	-0.858	-0.632	-0.560
12	113263518	rs7139170	-0.461	0.220	0.417	-0.517	-0.360	-0.554	-0.275	0.962	1.118	-0.397	0.814	0.496	0.904	1.025	1.574	0.710	1.051	0.970	0.961	0.814	1.029	NA	NA	NA	NA	NA
12	113319308	rs886477	NA	NA	NA	NA	NA	NA	NA	-0.219	NA	2.512	NA	0.042	-0.222	-0.711	-1.139	-0.094	NA	NA	NA	NA	NA	NA	NA	NA	NA	NA
12	113490053	rs2255285	0.806	-0.398	-0.441	-0.116	0.718	0.349	-0.561	0.341	0.175	1.041	1.050	0.590	0.519	0.429	-0.095	0.975	0.550	0.503	0.356	1.317	1.027	0.352	0.391	0.621	0.076	0.546
12	115472889	rs2287566	0.689	0.214	0.335	0.822	0.725	0.788	0.398	1.178	1.430	1.309	1.005	0.382	0.372	0.487	0.754	0.257	1.458	1.166	1.947	1.824	1.468	0.607	0.448	0.669	0.783	0.733
12	115513566	rs35493	-0.379	-1.568	-0.394	-1.347	-1.322	-1.160	-1.093	0.898	1.742	0.408	0.723	0.884	2.745	1.703	2.078	2.289	1.137	0.175	1.755	0.621	0.697	1.688	1.596	1.602	1.461	1.301
12	115552878	rs35443	-0.020	0.508	-0.103	-0.013	0.603	0.137	0.595	-0.795	-0.256	0.273	-0.942	0.224	-0.007	0.291	0.188	-0.229	-0.657	-0.625	-1.739	-0.910	-0.932	-0.207	-0.152	-0.019	-0.644	-0.044
12	117578161	rs7302633	-0.628	-0.111	-0.759	-0.537	-0.409	-0.908	-1.102	0.476	1.356	2.199	0.876	0.277	-0.471	0.267	0.686	0.533	0.689	0.250	0.879	-0.140	0.640	0.498	0.168	0.741	0.375	0.979
12	120758444	rs2701629	-0.981	-1.451	-1.114	-1.257	-1.111	-0.930	1.290	1.949	2.020	1.973	2.505	-0.206	-0.282	0.066	0.546	0.127	1.921	1.983	1.295	2.227	2.504	1.891	2.914	2.877	2.646	2.208
12	125995351	rs7304078	0.847	-0.164	0.234	0.494	0.426	0.314	0.602	-0.176	0.891	1.516	-0.739	1.725	1.298	1.455	1.496	1.480	-0.754	-0.757	-0.656	-0.646	-1.026	0.053	0.194	-0.096	-0.119	-0.138
12	131627985	rs11061346	NA	NA	NA	NA	NA	NA	NA	NA	NA	NA	NA	0.097	-0.157	-0.617	-0.710	-0.542	NA	NA	NA	NA	NA	NA	NA	NA	NA	NA
12	133117229	rs117239421	NA	NA	NA	NA	NA	NA	NA	NA	NA	NA	NA	0.251	-0.781	-0.791	-0.736	-0.968	-1.080	-0.114	0.149	NA	NA	-0.369	NA	0.662	-1.207	-0.455
13	22494503	rs680283	1.705	1.321	0.840	1.810	2.036	2.178	1.531	0.161	1.108	1.186	0.510	0.651	-0.863	-0.171	0.255	0.615	1.867	0.120	1.826	1.890	1.993	1.458	0.792	1.259	0.554	0.826
13	22693188	rs12871430	-0.800	0.775	1.489	1.355	-0.274	1.641	0.294	-0.145	-0.445	-0.278	0.253	0.842	0.054	0.296	0.050	0.996	-0.064	0.978	-0.106	-0.374	-0.278	0.397	1.188	0.934	0.462	1.237
13	31045391	rs57850142	NA	NA	NA	NA	NA	NA	NA	NA	NA	NA	NA	-0.026	-0.334	-0.875	-0.253	-1.564	-1.293	-1.203	NA	NA	NA	0.783	NA	NA	NA	NA
13	32351162	rs9549059	0.424	0.329	1.390	-0.104	0.057	0.175	-0.024	2.131	1.094	1.159	0.383	0.315	0.348	0.209	0.247	0.666	-0.077	-0.946	0.580	0.591	-0.038	1.892	0.318	0.129	-0.056	0.540
13	41501643	rs9594460	-0.206	1.136	-1.078	1.075	-0.221	-0.517	-1.081	-0.132	-0.749	-0.676	0.489	-0.273	-1.380	-0.585	-0.959	-1.179	NA	-0.176	NA	NA	NA	-0.741	-0.536	-0.426	-0.805	-0.136
13	41618985	rs143978187	NA	NA	NA	NA	NA	NA	NA	-0.774	0.084	-1.490	-1.196	-2.090	-2.469	-1.150	-0.771	-2.486	-1.028	NA	0.235	0.632	-0.210	-1.018	-0.835	-0.549	-0.787	-0.625
13	69557671	rs9564513	1.362	1.228	1.023	1.208	1.531	0.725	0.982	0.066	0.161	0.800	0.256	-0.908	-0.648	-0.644	-1.057	-0.605	0.476	0.251	0.119	0.645	0.468	0.135	0.280	0.118	0.093	0.208
13	69746195	rs7995195	0.576	1.023	0.596	0.770	0.247	0.935	0.340	0.087	-0.057	0.100	0.363	0.309	0.119	0.600	0.607	0.241	-0.054	1.475	1.023	0.585	0.553	0.066	0.316	0.018	-0.143	0.083
13	73085439	rs9572995	NA	NA	NA	NA	NA	0.797	0.585	-0.170	-0.374	0.318	-0.393	-1.173	-1.701	-1.416	-0.694	-0.607	-0.150	0.242	0.485	-0.103	NA	0.169	0.627	-0.873	0.161	0.346
13	94613191	rs1832360	1.974	1.429	2.103	2.058	2.623	1.726	2.301	0.600	-0.729	-0.519	1.911	1.051	0.513	0.450	-0.698	0.086	-0.625	-0.387	-0.133	0.696	0.142	0.283	0.809	-0.165	-0.334	0.223
13	101621161	rs36110904	-0.359	0.118	-0.054	-1.635	-0.852	-2.606	-0.580	-0.695	-0.702	-0.070	-0.652	0.222	0.624	0.070	0.264	2.074	-0.327	0.597	-0.268	-1.189	-0.199	-0.647	-0.969	-0.976	-1.273	-0.621
14	27574225	rs12882283	-0.422	-0.332	0.670	0.562	0.260	0.025	-1.006	-0.970	-0.322	0.390	-1.383	-1.252	-1.871	-1.875	-1.670	-0.825	-1.561	-1.617	NA	-1.388	NA	NA	NA	NA	NA	NA
14	41844310	rs72682814	NA	NA	NA	NA	NA	-0.128	0.195	0.458	-0.077	-0.920	-0.252	-0.880	0.176	-1.105	0.723	-0.840	-0.122	-0.293	0.169	-0.613	-0.254	-1.509	-0.739	-1.192	-1.678	-0.916
14	70463247	rs17107578	-0.017	-0.239	0.540	-0.437	-0.180	-0.218	0.258	0.067	-0.312	0.712	0.027	0.792	NA	NA	-0.170	1.537	-0.167	-0.577	0.329	0.675	0.228	0.668	NA	0.646	0.815	1.473
14	76569483	rs11159173	-0.628	-1.083	-1.278	-0.711	-1.142	-1.300	-1.445	-0.524	-1.255	-0.487	-1.688	-0.931	-0.612	-0.803	-0.526	-0.974	-1.856	-1.270	-1.644	-1.418	-1.442	-2.764	-2.667	-3.104	-3.037	-2.702
14	100828625	rs61990729	NA	NA	NA	NA	NA	0.500	-0.624	-0.030	1.651	-0.055	-0.184	0.361	1.238	0.697	1.068	0.047	0.724	-0.066	0.260	0.646	0.649	1.160	1.272	1.511	0.908	0.871
15	50760910	rs28840973	1.004	-1.014	0.229	0.065	0.031	-0.324	0.178	-0.591	0.989	1.372	0.289	-0.755	-1.003	-0.738	-0.843	-0.921	0.127	-1.140	-0.524	-1.391	-0.590	0.122	1.255	-0.254	-0.081	-0.537
15	51369937	rs7170815	0.717	1.006	0.436	1.402	NA	0.631	0.012	-0.767	0.465	0.300	0.095	1.138	1.297	0.805	0.864	0.270	-0.440	-0.708	0.240	-0.864	-0.624	0.167	0.447	-0.209	-0.011	0.088
15	52696097	rs8024439	-0.350	0.161	-0.453	0.403	-0.376	0.028	0.644	1.925	1.978	0.442	1.986	-0.749	-0.700	-0.717	0.351	-0.611	1.745	1.278	1.856	1.766	1.199	0.661	1.590	0.907	0.994	0.762
15	64264550	rs7182498	0.355	0.292	0.172	-0.723	-0.736	-0.984	-0.737	1.111	-0.122	0.651	0.180	-3.443	-2.074	-2.417	-0.091	-1.949	0.715	0.899	1.170	1.622	0.208	-0.951	-0.701	-0.414	-0.480	-0.130
15	74234109	rs146121762	NA	NA	NA	NA	NA	NA	NA	NA	-0.361	NA	NA	-1.037	-0.656	0.037	0.103	-1.407	NA	NA	NA	NA	NA	NA	NA	NA	NA	NA
15	75086386	rs72730503	-0.830	-0.084	-0.882	-0.735	-0.876	-0.462	-0.346	0.386	0.039	-1.092	1.094	-0.414	-0.507	-0.433	-0.622	-0.511	1.416	1.713	1.849	1.066	0.896	0.595	0.620	0.530	0.239	0.665
15	85464630	rs1451538	-0.568	0.374	0.545	0.287	-1.201	-0.392	-0.280	-0.499	NA	NA	0.384	-1.096	-1.302	-1.307	-1.415	-1.555	-1.179	-1.363	-0.651	-0.573	-1.089	-0.767	-0.329	-0.783	-1.379	-0.801
15	85471940	rs112008279	-0.438	-0.750	0.941	-0.488	0.154	-0.183	-0.862	-0.150	-0.114	-0.622	-1.108	-1.402	-1.465	-1.274	-1.613	-1.185	-1.092	-0.917	-0.654	-0.598	-0.978	0.975	-0.157	0.650	0.045	0.547
15	91416550	rs17514846	0.867	0.316	-0.166	0.376	0.716	0.558	0.223	0.424	0.034	-0.273	0.358	-0.554	-0.858	-0.970	0.154	-0.983	1.445	0.223	1.324	NA	1.300	0.008	-0.031	0.492	0.867	-0.828
16	49619279	rs12599722	-1.475	-2.413	-0.591	-1.882	-1.513	-1.460	-1.048	-1.005	0.027	0.019	-0.723	0.448	0.607	0.066	0.467	0.315	-0.958	-0.791	-0.630	-0.907	-0.737	-0.166	0.170	0.076	-0.200	0.304
16	56512769	rs918784	-0.273	-1.306	-0.609	-1.001	-0.498	-0.967	-0.672	0.920	0.359	-0.397	0.263	0.219	0.627	0.338	-0.321	0.680	0.060	0.034	-0.497	-0.320	-0.499	-1.182	-0.699	-0.932	-1.306	0.003
16	75305331	rs4888368	0.527	0.511	0.121	0.642	0.218	0.735	0.176	-0.346	-0.287	0.023	-0.204	-0.164	0.336	0.284	0.467	0.054	0.587	0.044	0.205	0.279	0.253	0.602	0.641	0.627	0.288	0.754
16	80755512	rs117073837	NA	NA	NA	NA	NA	NA	NA	NA	NA	NA	NA	-1.360	0.142	-0.061	-0.284	-0.760	1.728	1.210	1.862	1.114	1.371	NA	0.801	-0.858	0.459	NA
16	81619963	rs9929106	0.217	-0.869	-0.408	-1.032	-0.196	-0.242	-0.411	-0.790	-0.827	0.606	-1.445	1.679	1.646	2.127	1.886	2.227	-0.694	0.258	-0.173	-0.479	-0.974	0.071	-1.738	-1.699	-0.847	-1.117
16	81832987	rs12918182	-0.899	-0.569	-0.530	-0.601	-0.279	-0.953	-0.224	0.608	0.813	0.659	-0.048	0.728	1.525	1.273	1.697	0.867	-0.029	0.634	0.137	0.195	0.069	0.311	0.640	0.350	0.157	0.650
17	1316427	rs6502608	0.923	1.242	1.158	1.650	0.638	1.357	2.023	0.485	0.145	-0.495	0.262	-0.422	-0.390	-0.317	-0.518	-0.501	0.928	-0.402	0.439	0.262	0.033	0.835	0.482	-0.548	0.135	0.917
17	45318146	rs73314788	0.387	0.821	1.499	-0.676	0.595	1.782	2.152	-0.108	-0.181	0.112	-0.244	-1.055	-2.027	-1.450	-1.496	-1.754	-0.191	1.616	0.226	0.267	0.232	0.451	1.199	-0.905	0.682	-0.771
17	45781516	rs58608312	2.040	NA	1.541	1.203	1.956	1.635	1.532	-0.758	-1.805	-0.104	-0.854	0.016	-0.621	-0.145	-0.398	0.431	NA	NA	-0.068	0.355	NA	-0.601	0.430	-0.671	-0.062	0.089
17	46692573	rs3809781	NA	NA	NA	NA	NA	NA	2.232	0.358	-0.418	-0.345	-0.302	0.207	-0.001	-0.253	0.389	-0.132	0.825	0.843	1.050	0.772	0.782	-0.044	-0.110	0.133	0.563	0.525
17	59241155	rs8073894	-0.810	-1.055	0.018	-0.588	-1.086	-0.530	-0.099	2.110	1.094	0.836	1.867	1.312	2.331	2.247	2.173	1.645	2.717	2.890	1.922	2.270	3.218	2.474	3.670	3.440	3.028	3.523
17	59472123	rs2286525	-1.083	1.586	0.161	0.556	-0.459	-0.017	0.035	0.398	-0.293	-1.124	1.619	-0.449	-0.570	0.058	-0.892	-0.754	2.883	2.773	3.248	2.603	2.059	1.082	1.527	1.010	1.921	0.770
17	64529642	rs6504441	0.349	-0.013	0.390	0.794	0.238	0.546	-0.062	-0.446	0.003	0.596	0.126	0.050	-0.084	0.017	-0.013	-0.075	-1.032	-0.832	-0.882	-0.268	-0.701	-0.919	-1.121	-0.844	-1.359	-0.774
18	54441197	rs1861906	0.618	0.204	-0.330	-0.278	0.619	0.133	-0.074	-0.366	0.160	0.757	0.379	-0.703	0.843	-0.048	0.298	0.119	0.053	0.516	-0.146	-0.181	-1.003	-0.363	-0.209	-0.600	-0.254	-0.297
18	55787050	rs4940643	NA	NA	-0.592	NA	NA	-1.369	NA	-0.577	-1.664	-1.694	-1.919	-1.387	-1.458	-1.925	-0.177	-1.626	-0.456	-0.318	-0.920	0.952	-0.396	-1.953	-0.907	-2.028	-1.349	-0.464
19	2224387	rs12459507	-0.726	-0.652	-2.057	-0.990	-0.689	-1.255	-0.868	-0.797	0.877	0.128	-0.253	-0.247	0.037	-0.096	-0.473	0.620	1.151	1.245	-0.810	-0.867	-1.337	-0.865	-0.496	-0.101	-0.471	-0.068
19	4684642	rs8105807	0.055	-0.998	-0.443	-0.309	-0.358	-0.024	-0.577	-1.171	0.744	0.785	-0.284	-1.589	-1.981	-2.169	-2.127	-1.207	-0.278	-0.604	-0.520	-0.487	0.160	-1.197	-0.712	0.210	-0.327	-0.681
19	11293809	rs17678521	0.070	-0.177	0.218	0.341	0.402	1.301	1.014	0.338	0.274	-0.140	1.331	0.619	NA	NA	-0.327	0.236	0.526	0.785	0.939	0.792	1.082	1.353	1.302	1.102	0.475	0.723
19	14273641	rs3745462	-0.896	-2.064	-1.622	-1.263	-1.223	-1.072	-1.472	0.059	-0.788	0.759	-1.063	-0.495	-0.760	-0.457	-0.884	-0.022	0.304	0.062	0.419	-0.319	-0.909	-1.234	0.052	-0.372	-1.144	-1.289
19	17183185	rs10424674	-1.876	-3.010	-3.055	-1.969	-2.363	-2.044	-2.146	-1.599	-1.397	-1.807	-1.730	0.403	-0.030	0.406	-0.397	-0.682	-1.564	-1.114	-0.429	-0.845	-1.085	-1.966	-1.496	-1.365	-1.592	-1.193
19	19262300	rs11672862	0.726	0.215	-0.538	-0.184	0.175	0.636	0.186	0.931	0.983	1.199	1.394	-0.458	-0.105	-0.422	0.657	-0.343	0.419	-0.139	0.951	1.835	1.896	0.309	0.570	0.310	0.432	0.160
19	19305962	rs112923502	-0.917	-0.480	-1.530	-1.142	-1.598	-1.288	-1.198	-0.686	-0.594	-0.251	0.037	0.261	-0.085	0.522	-0.304	0.300	-1.512	-2.088	-1.122	-0.808	-1.223	-0.299	-0.320	0.134	-0.548	0.023
19	29369130	rs4805283	-0.616	0.405	-0.277	0.674	0.332	-0.470	-0.478	0.325	-0.545	0.288	-0.303	-0.521	0.739	0.617	1.299	0.309	-0.074	0.202	0.013	0.096	-0.272	-0.105	-0.977	-0.070	0.002	-0.749
19	38760692	rs10408768	-2.316	-2.375	-1.423	-2.686	-2.553	-1.990	-1.803	-0.424	-0.918	0.324	-0.198	-0.913	-1.392	-1.563	-2.767	-1.278	-0.594	0.159	-0.670	-0.098	0.052	-0.207	-0.007	-0.599	0.426	-0.197
20	42795152	rs6031431	-0.527	-0.017	-0.016	-0.944	-0.015	0.541	0.781	2.237	2.567	1.752	1.656	0.867	0.611	0.638	0.192	0.949	1.196	1.760	1.695	1.707	1.732	2.462	2.869	2.115	2.291	2.361
20	50110558	rs3787192	0.367	0.743	-0.037	0.758	-0.117	0.263	0.022	-1.727	-0.771	-0.174	-1.443	-1.137	-1.584	-1.257	-1.260	-1.138	-1.598	-1.343	-2.093	-1.429	-1.415	-1.720	-1.144	-1.497	-2.059	-1.340
20	55288829	rs2426639	0.988	1.095	0.612	0.579	0.097	0.035	1.047	-0.451	0.523	-0.187	-0.238	NA	NA	1.668	1.073	1.355	-0.492	-0.240	-0.853	-1.028	0.451	0.879	0.192	0.015	-0.190	0.011
22	19976406	rs2238787	0.704	0.094	0.556	-0.400	0.016	0.047	-0.096	-1.077	-1.408	-0.411	-1.497	-0.035	0.028	0.159	0.277	-0.094	-1.068	-1.162	-0.886	-1.108	-1.337	-0.669	-1.004	-0.804	-0.941	-0.359
22	20011837	rs5746852	-0.390	-0.933	-0.988	-1.092	-0.640	-0.957	-0.895	-0.388	-0.563	0.302	-0.422	0.698	0.736	0.645	0.632	0.803	0.013	-0.107	-0.252	0.141	0.227	-0.434	0.657	-0.167	0.090	-0.260
22	28306607	rs5762399	-1.762	-0.756	-1.067	0.177	-1.333	0.318	0.736	0.508	-0.494	-1.176	0.926	-0.586	-0.619	-0.163	-0.717	-0.096	-0.312	-0.684	-0.079	1.029	1.289	1.150	1.561	0.946	1.495	1.046
22	29250505	rs5762861	0.251	-0.359	0.676	-0.790	-0.052	-0.629	-1.471	-0.164	-0.141	-0.089	-0.391	-0.005	0.094	-0.354	0.179	-0.124	-0.813	-1.195	-0.902	-0.567	-0.587	0.001	-0.191	0.206	-0.163	0.193
22	29284358	rs76368927	NA	NA	NA	NA	NA	NA	NA	0.599	0.284	0.425	0.832	-1.164	-0.441	-0.159	-0.981	-0.587	0.729	0.126	1.358	0.903	0.266	0.180	-0.437	-0.093	0.746	-0.136
