chr	pos	bstat
1	2222368	917
1	21033928	557
1	21287707	277
1	38397341	378
1	55227215	849
1	55485917	934
1	55498798	929
1	55509585	906
1	56860216	942
1	56873274	933
1	61689722	828
1	109814880	620
1	115882503	886
1	115891160	856
1	150527292	151
1	150675007	74
1	154394417	531
1	154432042	512
1	156883215	523
1	159928420	862
1	201856780	294
1	218814682	962
1	222655557	895
1	222721288	846
1	222729108	846
1	222803204	716
1	222821211	707
1	222839838	688
1	222977799	849
1	223129324	758
1	223939427	711
1	248548916	970
2	19694090	960
2	19780732	959
2	19855598	947
2	19916425	957
2	20765963	946
2	20768683	945
2	20781925	937
2	20848192	934
2	21014953	863
2	21038378	864
2	21084832	866
2	21100438	842
2	21143136	699
2	21143294	700
2	21239866	441
2	21484322	872
2	21509092	892
2	21577237	921
2	21582486	945
2	21619109	903
2	22547306	967
2	22774988	926
2	23031614	966
2	43146705	917
2	54799606	419
2	61388164	173
2	61638952	144
2	69538218	517
2	69790033	560
2	70444436	327
2	85730641	663
2	85752471	478
2	86089673	574
2	86348228	285
2	106219069	956
2	145868312	788
2	158525226	911
2	164701057	876
2	164787621	724
2	164870587	733
2	165116981	823
2	165249705	794
2	225365635	540
2	226154621	923
2	228089635	848
2	229978351	956
3	7894990	968
3	14818716	923
3	14826422	923
3	14846650	915
3	14847042	916
3	14873214	909
3	14883570	905
3	15662140	514
3	20454476	915
3	46982737	32
3	47036565	17
3	47294770	16
3	47639466	11
3	50518935	9
3	56480161	661
3	97713804	715
3	119337721	715
3	119487623	635
3	138050685	594
3	156852682	734
3	168910678	820
4	17289857	968
4	42915912	890
4	57713592	748
4	57910940	748
4	73425360	789
4	81176245	824
4	81181072	801
4	82582048	888
4	84292241	873
4	95898299	842
4	100191024	862
4	100275013	856
4	103647047	616
4	112557938	840
4	138565303	885
4	147987325	844
4	148087379	888
4	148333458	905
4	148339025	899
4	148432440	869
4	156338194	900
4	156342994	911
4	156445276	899
4	156613342	867
4	156678779	856
5	955137	929
5	3927833	997
5	4003596	986
5	4100350	999
5	36156654	666
5	55695116	945
5	55794447	939
5	64779013	321
5	65013192	463
5	65086368	657
5	71877439	664
5	74518492	532
5	74670429	376
5	74923603	546
5	88023349	350
5	110996185	893
5	141901900	898
5	155985033	827
6	5548558	988
6	12883524	969
6	12886313	969
6	12911569	965
6	12944118	960
6	12957480	918
6	12974653	935
6	13132952	940
6	16758002	930
6	22591154	811
6	23455539	966
6	25045385	874
6	25105361	833
6	25172912	906
6	25269525	900
6	25273053	900
6	25338069	891
6	25413828	835
6	25415117	803
6	25486099	741
6	25494118	708
6	25494956	703
6	25584831	616
6	25588376	617
6	25684405	740
6	25686033	656
6	25705935	646
6	25742529	643
6	25787650	595
6	25852354	547
6	25957392	515
6	25996818	480
6	26050815	459
6	26091336	496
6	26103398	502
6	26148326	645
6	26175832	670
6	26180634	675
6	26200752	689
6	26262418	726
6	26317785	740
6	26332605	740
6	26569079	572
6	26607954	513
6	26824970	658
6	26866085	662
6	26899077	666
6	26939676	670
6	27078001	671
6	27133479	667
6	27198428	649
6	27297830	636
6	27316509	616
6	27439449	568
6	27492671	584
6	27558669	588
6	27582795	588
6	27745608	527
6	27779658	462
6	27815102	464
6	27858837	464
6	28040581	434
6	28070189	431
6	28110478	437
6	28225296	464
6	28321836	564
6	28373154	580
6	28381896	584
6	28417385	599
6	28568528	680
6	28584986	684
6	28641957	698
6	28672897	721
6	28837192	740
6	28924530	744
6	28988470	749
6	29152053	759
6	29175769	759
6	29241555	764
6	29396725	814
6	29411823	819
6	29488478	824
6	29489048	824
6	29534591	840
6	29536462	840
6	29547764	840
6	29602522	846
6	29603579	851
6	29732744	856
6	29732969	856
6	29737563	856
6	29762340	856
6	29768661	856
6	29768917	856
6	29797043	856
6	29850963	862
6	29886393	862
6	29910586	862
6	29910762	862
6	29913668	862
6	29984769	862
6	29989695	862
6	30063073	862
6	30073776	856
6	30074791	856
6	30080036	851
6	30102184	851
6	30102507	846
6	30134330	846
6	30142674	840
6	30339864	840
6	30340145	840
6	30351047	846
6	30354721	846
6	30372812	846
6	30424736	846
6	30434566	846
6	30479914	830
6	30590122	804
6	30603931	819
6	30617389	830
6	30722303	889
6	30773522	900
6	30798277	912
6	30799399	912
6	30800326	912
6	30905313	917
6	30932309	917
6	30932532	917
6	30932682	917
6	30969304	923
6	30980747	923
6	30989021	923
6	30993533	923
6	30997824	923
6	31001421	923
6	31001781	923
6	31010200	929
6	31020685	929
6	31022195	929
6	31081409	929
6	31093485	929
6	31097301	929
6	31113275	929
6	31122502	929
6	31140445	929
6	31143241	929
6	31151871	929
6	31208292	934
6	31230221	934
6	31236051	934
6	31302927	934
6	31305761	934
6	31309265	934
6	31315109	934
6	31319489	934
6	31321087	934
6	31321429	934
6	31321479	934
6	31322133	934
6	31322217	934
6	31324154	934
6	31324499	934
6	31325151	934
6	31326131	934
6	31326289	934
6	31333499	934
6	31341672	934
6	31351764	934
6	31362341	934
6	31390751	934
6	31422242	934
6	31423465	934
6	31436330	934
6	31436639	934
6	31445514	934
6	31446466	934
6	31487954	934
6	31572634	906
6	31573382	906
6	31580539	884
6	31671969	895
6	31673436	895
6	31706850	895
6	31730751	889
6	31831159	900
6	31851469	906
6	31897911	917
6	31914179	917
6	31927342	917
6	31933518	923
6	31944036	923
6	31976228	923
6	32012279	923
6	32061339	917
6	32153409	929
6	32155581	929
6	32170433	929
6	32187213	929
6	32189481	929
6	32190620	934
6	32191730	934
6	32209262	934
6	32215472	934
6	32233461	934
6	32263873	934
6	32339840	934
6	32341353	934
6	32352616	934
6	32358549	934
6	32368767	934
6	32376176	934
6	32395835	934
6	32401706	934
6	32409530	934
6	32413557	934
6	32429303	934
6	32437996	934
6	32566501	934
6	32582485	934
6	32582627	934
6	32583610	934
6	32592556	934
6	32595596	934
6	32636040	940
6	32636062	940
6	32650587	940
6	32665115	940
6	32674240	940
6	32677912	940
6	32683010	940
6	32685652	940
6	32739888	940
6	32798789	940
6	32804570	934
6	32805307	934
6	32900018	929
6	32900601	929
6	32910877	923
6	32943084	923
6	32965889	912
6	32968412	906
6	32979150	900
6	32979609	900
6	32989338	900
6	33011133	895
6	33020696	889
6	33045835	862
6	33048542	862
6	33084086	851
6	33098797	846
6	33110459	846
6	33143756	835
6	33285498	658
6	33351451	437
6	33509476	688
6	33510585	687
6	33540209	700
6	33547249	701
6	33571302	716
6	33573907	716
6	33579661	715
6	33591103	710
6	33609174	707
6	33620397	680
6	33648690	619
6	33689534	517
6	33775641	698
6	33793760	762
6	33817796	819
6	33821122	845
6	33825358	861
6	33828178	861
6	33847919	883
6	33860194	889
6	36755402	861
6	39136651	861
6	39153220	856
6	43401455	256
6	43753895	754
6	44048051	858
6	56154481	735
6	57093656	698
6	66523806	925
6	74404771	804
6	74421901	740
6	90299879	342
6	90613945	385
6	119178035	469
6	134098184	910
6	134146509	899
6	134150561	892
6	134184221	823
6	134216879	820
6	134226147	854
6	136569874	684
6	149611269	851
6	151282026	917
6	151551517	951
6	160623086	889
6	160980330	889
6	161030461	900
6	161121715	923
6	166209678	994
7	1139513	873
7	1221528	952
7	2960484	946
7	19035920	847
7	19041194	832
7	23794029	602
7	50258234	968
7	80570142	929
7	94159992	505
7	94568979	630
7	94574220	629
7	129663496	689
7	155086439	976
8	9721394	760
8	10558078	845
8	19815556	855
8	19960889	940
8	20146244	952
8	30287906	791
8	69417343	900
8	71004987	708
8	71255957	440
8	73820775	850
8	95091144	842
8	95250558	778
8	105228513	696
8	106512481	931
9	21949527	946
9	21950446	940
9	21950739	940
9	21974218	893
9	22072638	925
9	22078164	914
9	22089295	909
9	22133984	975
9	22746017	930
9	80151487	921
9	96095613	628
9	107585016	787
9	107585213	782
9	123494062	404
9	124411497	837
9	136065526	923
9	136117048	912
9	136149581	900
9	136337740	814
9	139302900	514
10	622215	819
10	12245132	809
10	12263815	808
10	31319226	878
10	31656049	613
10	44435246	920
10	44483521	908
10	44501460	878
10	44551838	865
10	44634073	915
10	44736544	914
10	44805952	900
10	61524964	775
10	61528197	773
10	63808475	617
10	74196385	280
10	74455876	207
10	74711376	258
10	74754114	139
10	75343176	45
10	75611090	107
10	75700056	402
10	75773362	449
10	75898979	222
10	76839154	535
10	78147811	858
10	79713698	814
10	82194956	872
10	91002804	877
10	104416011	161
10	104482330	181
10	104577053	171
10	104739179	134
10	104771030	123
10	104995486	146
10	105137878	95
10	105223710	300
10	105447781	484
10	113674195	878
10	118900116	883
10	124217414	824
10	131262486	982
11	201922	774
11	8754559	519
11	8829168	525
11	35978551	946
11	49150883	198
11	61266174	633
11	64609465	449
11	65055190	328
11	65327021	288
11	65330510	290
11	65349063	309
11	65380124	273
11	65417434	279
11	65710328	281
11	66066349	322
11	72276475	794
11	72402389	607
11	72424516	631
11	72499768	561
11	72559568	381
11	72764274	477
11	72871654	647
11	75110952	679
11	75260648	798
11	75274150	773
11	75275479	763
11	75445338	723
11	102429543	843
11	103545807	884
11	103585223	896
11	103613727	887
11	103651503	857
11	103658109	842
11	103660567	843
11	103766971	878
11	103769797	861
11	107663103	736
11	110221134	792
11	110225777	792
11	110377007	756
11	110381794	751
11	110639481	782
11	111415822	370
11	111599516	106
11	111784923	123
11	116596894	636
11	116662579	658
11	116784692	523
11	117035016	388
12	342965	707
12	2436522	957
12	2472797	969
12	10834055	889
12	10843836	872
12	20146996	962
12	20156871	968
12	54512164	734
12	56620797	75
12	56627300	74
12	56668174	53
12	56755652	91
12	89963991	625
12	89978233	405
12	90000815	353
12	90328180	738
12	95295635	836
12	95297852	829
12	95341763	770
12	95347642	756
12	95379839	616
12	95482636	481
12	95522289	482
12	109446416	781
12	109600813	716
12	109612526	691
12	109621285	693
12	109648164	726
12	109685116	730
12	109719311	698
12	109722703	702
12	109772927	735
12	109850791	687
12	109880909	639
12	109896005	577
12	109980664	577
12	110054356	722
12	110073362	754
12	110084813	779
12	110104688	783
12	110116872	749
12	110133263	739
12	110138074	736
12	110140772	736
12	110171036	727
12	110234658	620
12	110244283	620
12	110249889	616
12	110296095	466
12	110564659	191
12	110670879	160
12	110821939	131
12	110934729	165
12	111075823	185
12	111252651	456
12	111284872	520
12	111293470	530
12	111346399	584
12	111359712	611
12	111500681	579
12	111586426	611
12	111639098	590
12	111641639	585
12	111696527	545
12	111697416	545
12	111718231	509
12	111733274	482
12	111740774	469
12	111760087	426
12	111769641	399
12	111827203	254
12	111870790	140
12	112085496	118
12	112233995	101
12	112335539	52
12	112337924	52
12	112591821	32
12	112964847	117
12	112991452	211
12	113031474	628
12	113045400	638
12	113117897	679
12	113132419	693
12	113172242	720
12	113222700	778
12	113235620	798
12	113263518	873
12	113264755	873
12	113335661	867
12	113348870	873
12	113350105	873
12	113383431	873
12	113411806	873
12	113448652	889
12	113490053	889
12	113519816	884
12	113561631	773
12	113568797	757
12	113789339	873
12	113830657	867
12	113964946	952
12	114041467	953
12	125321199	964
13	28911820	885
13	28929711	867
13	28962666	827
13	29018556	795
13	29020183	811
13	29050843	886
13	29141836	958
13	29171703	951
13	29185479	945
13	29207463	937
13	29451494	943
13	32964504	436
13	77508562	744
13	110755671	982
13	110796997	964
13	110900793	981
13	110915135	988
13	110924659	988
13	110931311	988
13	110954237	988
13	110958890	988
13	110991048	988
13	110995528	988
13	111015333	981
13	111023614	976
13	111038374	981
13	111060750	981
13	111066010	982
13	111067942	982
14	30489157	874
14	31542564	482
14	31687873	592
14	31899720	583
14	50497275	829
14	68103993	451
14	75428234	296
14	100108778	970
14	100109356	970
14	100109464	970
14	100141689	970
15	51542757	559
15	51650846	647
15	64979291	274
15	67465566	778
15	74219582	835
15	74253776	819
15	76092704	633
15	78924030	665
15	78960529	775
15	78987225	783
15	79025683	784
15	79106848	814
15	79125155	819
15	79239449	830
15	81335784	934
15	81341447	934
15	89444760	830
15	89532662	895
15	89555823	900
15	89564843	906
15	89568678	906
15	91403674	696
15	92267677	980
16	15948417	846
16	57851922	883
16	60494254	964
16	71998772	148
16	72031860	189
16	72205671	169
16	72322722	208
16	75265719	738
16	75430315	634
16	75486648	654
16	85931956	957
16	87577555	934
17	2028106	347
17	12603416	939
17	40244007	483
17	40569947	195
17	40611288	90
17	40861424	98
17	44916982	748
17	44977040	691
17	45005095	577
17	46145200	169
17	46701954	401
17	58514049	329
17	58674706	570
17	58924709	474
17	59178454	0
17	59492268	676
17	62378456	708
17	66433179	802
17	66477860	793
18	10232227	980
18	19998810	934
18	20017609	879
18	35700756	868
18	46516424	936
18	68806302	987
19	2268965	976
19	10737581	565
19	10928496	508
19	10961902	507
19	10991827	508
19	11114849	520
19	11216561	825
19	11233941	830
19	11235337	830
19	11257169	830
19	11258123	830
19	16409903	970
19	16434454	958
19	17152120	934
19	23038490	988
19	28554006	988
19	34057685	932
19	41544173	878
19	41848347	819
19	45361224	900
19	45400747	850
19	45406673	856
19	45453144	816
19	46013015	696
20	11512040	959
20	31950845	502
20	32274380	406
20	39878956	273
20	44532484	507
20	45204600	894
20	57463472	909
20	62694319	835
22	23988477	929
22	24448245	480
22	24624035	684
22	24696561	472
22	25091717	952
22	29300306	469
22	44324727	934
22	49796784	982
