chr	pos	rsid	Beta	P-value
1	61689722	rs332831	-0.050555658	2.24E-06
1	156883215	rs822442	0.040659768	3.68E-05
1	222839838	rs1053316	0.060277865	2.54E-05
1	223939427	rs1153965	0.061476959	4.17E-05
1	56860216	rs1931074	-0.051953815	3.41E-05
1	55485917	rs2495503	-0.042322239	3.10E-05
1	159928420	rs2820555	-0.090040614	4.12E-05
1	222803204	rs2936051	-0.065969905	8.90E-12
1	115882503	rs3811014	-0.059512311	9.99E-06
1	154394417	rs4601580	-0.051378009	3.08E-06
1	222721288	rs4846382	-0.04079511	4.41E-05
1	109814880	rs4970834	-0.093980422	3.64E-06
1	248548916	rs6587464	-0.04144197	4.96E-05
1	55498798	rs7523141	0.044365383	4.30E-05
1	222729108	rs9441829	0.071427751	1.37E-13
1	150527292	rs9659061	0.039924782	3.93E-05
1	154432042	rs10752641	-0.050119789	4.90E-05
1	56873274	rs12035812	0.056811444	1.77E-09
1	2222368	rs12731820	-0.043765339	4.10E-06
1	218814682	rs28491746	-0.048247376	1.53E-05
1	38397341	rs34655914	0.040617623	2.08E-05
1	222977799	rs35310751	-0.061885573	8.18E-06
1	55227215	rs61768812	0.135623112	1.74E-05
1	21033928	rs61778503	-0.061070513	4.61E-05
1	222821211	rs61824282	0.068735453	4.97E-12
1	150675007	rs66958685	0.045222032	2.37E-05
1	223129324	rs76582019	0.096061461	1.82E-05
1	21287707	rs79370453	-0.051422181	3.54E-05
1	222655557	rs79860560	-0.054624398	3.32E-06
1	115891160	rs140974031	-0.181094614	2.20E-06
1	201856780	rs147179970	0.086124393	3.02E-05
1	55509585	rs151193009	-0.385129179	1.37E-14
10	44736544	rs545025	-0.082503231	1.46E-06
10	44805952	rs800330	-0.040829927	2.63E-05
10	12245132	rs1320196	-0.040335941	2.69E-05
10	75773362	rs1403629	0.046202054	1.40E-05
10	91002804	rs1412445	0.065566451	6.92E-09
10	131262486	rs1762440	0.038840571	4.23E-05
10	113674195	rs1895040	-0.041513955	1.63E-05
10	75343176	rs2395052	-0.08849325	2.59E-05
10	75898979	rs2395086	0.040597906	3.69E-05
10	75611090	rs2688626	0.040015796	4.20E-05
10	31656049	rs2839658	0.043669283	2.77E-05
10	105223710	rs2863732	0.046341519	7.95E-06
10	74455876	rs3009556	-0.053158287	2.19E-06
10	44483521	rs4145117	0.04622058	2.24E-06
10	74196385	rs4500404	-0.047700874	1.01E-05
10	118900116	rs4752032	-0.041932007	4.29E-05
10	44435246	rs4948582	0.04214658	8.30E-06
10	44634073	rs4948851	-0.053243316	3.16E-08
10	105447781	rs7079298	0.041958288	3.62E-05
10	104995486	rs7082288	0.045334831	2.41E-06
10	63808475	rs7919055	0.055263933	1.39E-05
10	79713698	rs10762768	-0.042599454	1.06E-05
10	104739179	rs10883815	-0.082160692	2.67E-14
10	12263815	rs10906101	-0.04727316	1.29E-05
10	74711376	rs11000468	0.042404797	4.00E-05
10	75700056	rs11000814	0.048980166	1.50E-05
10	78147811	rs11001764	0.126963333	1.31E-05
10	104482330	rs11191379	-0.038999064	3.95E-05
10	44501460	rs11238807	-0.057231761	4.48E-05
10	61524964	rs12573230	-0.042781487	3.54E-05
10	76839154	rs35909662	-0.091011369	2.60E-06
10	622215	rs58905045	0.050852937	3.58E-05
10	61528197	rs61610566	-0.044695266	4.70E-05
10	44551838	rs61856553	-0.064104555	4.19E-06
10	31319226	rs78202060	-0.076211408	2.97E-05
10	124217414	rs78973239	0.071804379	2.50E-05
10	82194956	rs80234129	0.061672333	4.96E-05
10	105137878	rs117039336	-0.163458848	3.61E-06
10	104416011	rs142372863	-0.129220248	3.23E-05
10	74754114	rs181430568	-0.123865141	2.41E-05
10	104771030	rs192165073	-0.144150423	5.34E-06
10	104577053	rs201823271	-0.048608324	3.88E-06
11	107663103	rs516091	0.047189095	4.79E-05
11	75110952	rs534812	-0.041200803	1.83E-05
11	66066349	rs580241	-0.048558863	1.14E-05
11	75274150	rs590121	0.050071819	6.34E-06
11	116662579	rs651821	-0.061985469	1.07E-09
11	75445338	rs656095	0.041467432	1.72E-05
11	75275479	rs668347	0.042189955	9.40E-06
11	75260648	rs680988	-0.076418543	1.64E-05
11	65417434	rs746429	0.057121298	4.81E-05
11	103660567	rs974819	-0.087438264	1.55E-19
11	103766971	rs1032235	0.056097761	4.14E-05
11	65380124	rs1078457	-0.069426046	1.99E-10
11	72871654	rs1783570	0.042729646	9.08E-06
11	110221134	rs1792796	0.062884263	5.72E-08
11	103585223	rs2128743	-0.052712928	1.21E-05
11	8829168	rs2292049	-0.049959436	1.79E-07
11	103769797	rs2512557	0.075414526	4.26E-12
11	65349063	rs3741380	0.060493206	6.33E-10
11	111784923	rs4252591	-0.039455332	3.86E-05
11	111415822	rs4581484	0.118206434	1.96E-06
11	110377007	rs4753896	0.059823172	3.90E-10
11	103545807	rs4754978	-0.040744928	1.69E-05
11	110225777	rs6589125	0.07284991	7.60E-14
11	102429543	rs7113155	-0.053285656	7.60E-06
11	72424516	rs7125221	-0.050565759	5.64E-07
11	103613727	rs7940393	-0.054197664	5.51E-07
11	72402389	rs7943602	0.044115213	1.18E-05
11	110639481	rs10789793	0.046552125	2.32E-06
11	35978551	rs10836472	-0.040008319	4.79E-05
11	49150883	rs10839226	0.047133116	7.72E-06
11	72559568	rs10898884	-0.040938687	2.14E-05
11	116784692	rs11216186	-0.067984956	1.31E-05
11	65330510	rs11227226	0.062931578	2.47E-05
11	65710328	rs11227357	0.069457059	4.35E-05
11	61266174	rs11230718	-0.040404351	4.58E-05
11	72276475	rs11235535	-0.089096128	6.92E-06
11	72764274	rs11235645	-0.083590066	2.96E-07
11	72499768	rs12223291	-0.093897884	4.62E-08
11	111599516	rs12365499	0.054890029	4.55E-05
11	65055190	rs55765473	0.108361375	9.76E-06
11	8754559	rs72858243	0.047177993	1.84E-05
11	116596894	rs75662937	0.097975363	4.86E-06
11	65327021	rs78035507	-0.072445305	1.30E-06
11	110381794	rs79311768	-0.052956393	6.74E-06
11	103658109	rs79733039	0.145502591	7.04E-06
11	201922	rs111876722	0.094471125	1.06E-10
11	64609465	rs117821483	0.149198967	4.09E-05
11	117035016	rs150984554	-0.069170689	1.24E-05
11	103651503	rs202167375	-0.097244138	2.98E-20
12	113448652	rs13311	0.045327278	1.78E-06
12	113031474	rs233722	-0.052443634	9.37E-08
12	56668174	rs872103	0.04549121	1.23E-05
12	90000815	rs957525	-0.054027198	9.82E-07
12	113348870	rs1131454	0.040338257	3.55E-05
12	89978233	rs1689040	0.066349977	4.64E-11
12	113519816	rs1732803	0.076049538	1.92E-13
12	95379839	rs1834612	0.066051683	5.22E-11
12	2472797	rs1860006	0.042121327	1.34E-05
12	110054356	rs1985825	0.048360157	3.47E-07
12	95341763	rs2114336	-0.051090716	2.76E-05
12	111252651	rs2239191	-0.058472346	1.48E-08
12	113335661	rs2240193	0.097449536	5.59E-23
12	113490053	rs2255285	-0.06736737	4.00E-12
12	111733274	rs2301658	0.056514746	7.07E-08
12	111284872	rs2339635	0.052326761	1.44E-06
12	110234658	rs3742035	0.058580216	4.56E-07
12	111346399	rs3759381	-0.072378776	2.72E-12
12	113235620	rs3782879	-0.068189007	8.12E-08
12	95482636	rs3794257	0.060777067	8.61E-07
12	111639098	rs3809293	0.058648077	1.63E-07
12	113830657	rs3812826	0.068319309	4.54E-10
12	2436522	rs3819526	0.038947793	3.86E-05
12	113222700	rs3825203	-0.092575522	7.45E-10
12	125321199	rs4765624	0.046068712	2.40E-05
12	110296095	rs4766488	-0.047009564	1.13E-05
12	111769641	rs4766502	0.070290904	5.61E-09
12	111359712	rs4766517	-0.109388741	1.36E-23
12	111586426	rs4766540	0.110825497	1.34E-23
12	113264755	rs4767014	-0.12106557	2.26E-26
12	113411806	rs6489885	0.059029103	9.81E-10
12	109685116	rs7133315	0.054550174	2.45E-07
12	54512164	rs7137258	0.088991682	2.81E-09
12	113263518	rs7139170	-0.091441317	7.33E-22
12	113789339	rs7295776	-0.068339452	9.37E-08
12	95297852	rs7302574	-0.048333741	1.12E-06
12	109772927	rs7957869	0.049390989	8.32E-07
12	109722703	rs7976088	0.07801392	3.94E-10
12	113568797	rs7976407	-0.048761191	2.65E-05
12	110104688	rs10744866	0.049888185	1.83E-05
12	110564659	rs10774545	0.045452343	2.40E-05
12	10834055	rs10845201	0.044108369	2.76E-05
12	112335539	rs10849982	-0.07776405	2.10E-09
12	112991452	rs10850057	0.051546411	3.55E-05
12	113172242	rs10850072	0.063679478	2.83E-10
12	95347642	rs10859800	0.049675814	1.25E-05
12	95522289	rs10859837	-0.065080626	2.59E-10
12	20146996	rs11044973	-0.054237595	4.65E-05
12	10843836	rs11053901	0.061581906	4.29E-08
12	111075823	rs11065687	0.043423613	1.07E-05
12	112085496	rs11065992	0.132510935	8.66E-35
12	113383431	rs11066456	-0.052293043	4.48E-05
12	113964946	rs11066582	0.053800461	2.77E-05
12	114041467	rs11066630	0.105909763	1.52E-05
12	110084813	rs11067663	0.077272657	1.94E-07
12	110116872	rs11067829	-0.085999471	2.13E-14
12	342965	rs11609381	-0.044714893	3.37E-05
12	112233995	rs11834780	-0.077496342	1.36E-05
12	109850791	rs12230500	0.086654571	6.62E-09
12	20156871	rs12231460	0.042718243	1.14E-05
12	110244283	rs12311330	0.093344244	1.75E-10
12	110821939	rs28816104	0.048054595	2.94E-06
12	95295635	rs34120337	0.046851481	1.08E-05
12	110140772	rs35748644	-0.090543945	5.80E-16
12	110073362	rs57557025	0.06408406	6.05E-07
12	111696527	rs59072658	-0.088824894	4.41E-19
12	112591821	rs60549974	-0.07416075	1.32E-08
12	111641639	rs73197964	-0.14832691	1.63E-07
12	111697416	rs73197984	-0.128724942	2.77E-05
12	110171036	rs73407761	0.047478486	9.54E-06
12	90328180	rs74566617	-0.076525957	1.71E-05
12	111740774	rs75261212	-0.096086908	1.39E-06
12	113350105	rs75344264	-0.062353094	1.46E-05
12	111293470	rs76464604	0.209072183	3.35E-43
12	111500681	rs76892561	-0.082429051	3.56E-06
12	109896005	rs76932709	-0.090953537	3.85E-05
12	56627300	rs77415512	-0.10920842	1.11E-05
12	111870790	rs77700500	-0.088582772	7.18E-06
12	113117897	rs77753011	0.226318974	1.99E-67
12	110249889	rs77843484	0.166151408	3.68E-07
12	112337924	rs78069066	0.245907776	1.89E-92
12	109980664	rs78160393	0.11554516	2.61E-05
12	109446416	rs78505537	0.146577473	3.04E-13
12	113045400	rs78539040	-0.102552455	1.20E-05
12	111718231	rs79105258	0.200869226	7.12E-70
12	113132419	rs111788255	-0.059527527	7.33E-06
12	56620797	rs112668709	0.052735209	1.63E-06
12	89963991	rs116857816	0.067473936	6.04E-06
12	56755652	rs117088942	-0.09721138	4.56E-05
12	109621285	rs117388985	0.175782198	1.41E-06
12	111827203	rs117741012	0.083206229	5.90E-15
12	109648164	rs139480118	0.055644245	1.98E-05
12	110133263	rs142190217	0.164532798	3.44E-23
12	113561631	rs143662886	0.13961729	8.56E-23
12	109719311	rs146550988	0.161924812	1.96E-06
12	112964847	rs147001808	-0.073533494	2.96E-05
12	110138074	rs147891190	0.186684464	6.14E-07
12	109600813	rs148833724	0.196269692	4.40E-05
12	110670879	rs186728711	0.191296441	2.64E-08
12	111760087	rs188023202	-0.089221566	2.88E-05
12	110934729	rs192507731	0.177022388	2.30E-08
12	109612526	rs192724518	0.101336492	1.85E-05
12	109880909	rs559066491	0.156933074	2.97E-11
13	110915135	rs627527	-0.055577391	1.55E-08
13	29050843	rs655024	0.048400904	1.23E-06
13	110924659	rs671633	0.070357668	6.78E-12
13	77508562	rs851264	-0.06735227	4.45E-05
13	28911820	rs1408245	0.068626263	4.78E-06
13	29207463	rs1771172	0.04735145	4.18E-05
13	110954237	rs4773140	0.084881325	2.23E-15
13	111060750	rs4773176	0.050278081	4.27E-06
13	29020183	rs7330091	0.045916361	1.77E-05
13	110900793	rs7333277	0.057185231	8.85E-08
13	28962666	rs7337610	-0.070945972	1.88E-13
13	110931311	rs7987982	-0.106968809	2.12E-06
13	29141836	rs9508061	-0.050278826	8.51E-06
13	111015333	rs9521715	-0.059633548	2.20E-05
13	32964504	rs9534367	0.052246471	4.68E-05
13	110755671	rs9559732	-0.038617118	4.64E-05
13	110995528	rs9559772	-0.047790164	2.79E-05
13	111023614	rs9588149	0.050000752	1.86E-07
13	111066010	rs10161705	-0.050634697	2.83E-06
13	110991048	rs11619583	0.043858202	9.87E-06
13	110958890	rs12429386	0.043756757	4.24E-05
13	110796997	rs12430434	-0.10103397	1.98E-05
13	28929711	rs17086609	-0.043984312	3.35E-06
13	29171703	rs17086857	0.052536879	1.32E-05
13	29018556	rs61950247	-0.056886721	3.23E-05
13	29185479	rs77499861	-0.1252252	2.32E-06
13	29451494	rs78341532	-0.107309889	2.67E-05
13	111038374	rs80281875	0.072603505	1.67E-05
13	111067942	rs117518007	0.097793828	4.99E-06
14	50497275	rs2355660	-0.049286528	8.03E-06
14	100141689	rs7158073	-0.041069341	4.27E-05
14	75428234	rs11625758	0.053180172	4.19E-05
14	30489157	rs12431442	-0.045867983	4.75E-05
14	100109464	rs12587879	-0.052088254	1.84E-05
14	31542564	rs12881224	0.049257909	1.25E-05
14	68103993	rs12892204	0.042827688	3.32E-05
14	31687873	rs72642548	-0.048780577	1.24E-05
14	100108778	rs76222085	-0.065124004	4.66E-05
14	31899720	rs79741469	-0.051765209	5.73E-06
14	100109356	rs117600376	0.159460542	4.56E-05
15	81341447	rs1320323	-0.042351178	1.49E-05
15	81335784	rs1320325	0.051168264	1.50E-05
15	89444760	rs2015495	0.041940922	2.72E-05
15	74219582	rs3825942	0.05689467	2.43E-05
15	76092704	rs4886461	-0.044204762	8.08E-06
15	79025683	rs4887085	-0.075682983	7.78E-15
15	78960529	rs6495314	-0.041338786	1.53E-05
15	91403674	rs7166599	0.09544583	3.08E-08
15	89532662	rs7179012	-0.049424526	7.37E-07
15	64979291	rs7403751	0.076722831	3.70E-05
15	92267677	rs11854370	-0.041855258	1.76E-05
15	78987225	rs12593207	0.048920932	1.64E-05
15	67465566	rs12593904	0.041396882	4.20E-05
15	79239449	rs12901830	0.048393634	9.08E-07
15	51542757	rs12911554	-0.042620287	4.60E-05
15	79106848	rs62010961	-0.045869407	4.50E-05
15	89555823	rs72759036	0.082238574	1.32E-05
15	79125155	rs74024464	-0.046933106	1.83E-05
15	74253776	rs74664720	0.05084355	3.66E-05
15	51650846	rs75043276	-0.046311443	1.31E-05
15	89564843	rs78969361	-0.076912136	3.97E-12
15	78924030	rs79302673	-0.047582634	2.21E-05
15	89568678	rs186446708	0.287059141	6.71E-06
16	75486648	rs247447	-0.04148681	1.46E-05
16	75430315	rs459128	-0.125661595	2.98E-05
16	72031860	rs1035559	0.0428533	3.37E-05
16	60494254	rs1364153	-0.041133061	3.15E-05
16	57851922	rs2967145	-0.043799193	2.02E-05
16	85931956	rs4843859	0.05440034	4.26E-05
16	87577555	rs8047314	-0.041276269	1.32E-05
16	72322722	rs8058851	-0.039808531	3.34E-05
16	75265719	rs8062565	0.044187636	1.46E-05
16	15948417	rs9933232	0.048640809	7.90E-06
16	71998772	rs12919803	0.043240126	3.30E-05
16	72205671	rs72791114	0.04956656	4.29E-05
17	45005095	rs197920	0.043934863	7.75E-06
17	59492268	rs758599	0.04280188	1.44E-05
17	40861424	rs2242461	0.038961749	3.97E-05
17	40611288	rs2301647	-0.043224744	5.86E-06
17	2028106	rs2760751	0.042917224	1.77E-05
17	40569947	rs4796652	-0.040640898	3.11E-05
17	62378456	rs4968719	0.049563498	4.02E-05
17	66433179	rs8072178	0.0423578	1.77E-05
17	58674706	rs9892683	0.073316636	1.40E-05
17	44916982	rs9912302	-0.044207261	9.07E-06
17	40244007	rs11870415	0.06010828	6.89E-06
17	12603416	rs12452604	0.052109917	2.31E-05
17	44977040	rs12600562	-0.0435469	2.31E-05
17	46701954	rs12938558	0.038900973	4.59E-05
17	46145200	rs12950225	-0.04173608	4.80E-05
17	59178454	rs35914250	0.07751219	7.87E-08
17	66477860	rs57611716	0.044826612	2.75E-05
17	58924709	rs75773858	0.079612145	9.78E-09
17	58514049	rs148194376	0.100732697	1.87E-05
18	19998810	rs948386	0.055798969	6.96E-07
18	46516424	rs7229491	0.048770763	3.68E-07
18	35700756	rs8097923	-0.040160701	3.98E-05
18	10232227	rs9955940	-0.043086483	2.56E-05
18	20017609	rs12966158	-0.048158292	3.30E-05
18	68806302	rs77038855	0.147403191	2.00E-05
19	11233941	rs5927	0.100726263	5.03E-06
19	45406673	rs10119	0.069400005	8.91E-06
19	16409903	rs406298	0.047125089	1.65E-05
19	45361224	rs440277	-0.085673793	4.16E-05
19	46013015	rs758761	-0.041977999	8.83E-06
19	11235337	rs7247905	-0.056174785	7.77E-07
19	45453144	rs7257468	-0.039997905	3.32E-05
19	11258123	rs9636197	0.096905264	1.24E-05
19	16434454	rs11086028	-0.061519493	7.98E-09
19	28554006	rs11669319	0.038854692	4.43E-05
19	10991827	rs11880628	-0.057995125	3.34E-06
19	41848347	rs12461895	-0.063228035	5.45E-10
19	34057685	rs12608741	-0.044508624	1.39E-05
19	11216561	rs12983082	0.072272603	2.16E-06
19	2268965	rs28359757	0.060005411	1.72E-05
19	10737581	rs28860769	0.052165798	1.23E-05
19	45400747	rs61679753	-0.148743741	1.50E-10
19	23038490	rs75811259	0.074431207	4.99E-05
19	11257169	rs79668907	0.057275904	9.03E-09
19	17152120	rs113073049	-0.092488892	1.28E-06
19	10961902	rs140782527	-0.118617924	3.85E-09
19	41544173	rs142229596	-0.143367266	3.82E-06
19	11114849	rs149178972	-0.131466592	1.68E-05
19	10928496	rs535966052	-0.112593139	1.67E-05
2	164870587	rs372900	0.059695356	5.00E-10
2	43146705	rs1078101	0.040842978	2.42E-05
2	61388164	rs1177304	-0.044619199	1.15E-05
2	164701057	rs1370493	-0.050644555	3.72E-06
2	20781925	rs1377354	-0.060752228	6.47E-06
2	86089673	rs3770093	-0.044297079	1.76E-05
2	61638952	rs4672441	0.040699202	4.93E-05
2	225365635	rs4674916	0.041968622	3.43E-05
2	165116981	rs6432787	-0.041881742	4.91E-05
2	19855598	rs6531188	-0.04818766	4.29E-05
2	19694090	rs6705080	-0.058693548	1.80E-06
2	164787621	rs7574118	-0.06392333	1.08E-06
2	69790033	rs9789699	0.040725019	1.97E-05
2	54799606	rs10170646	0.052658643	3.20E-06
2	106219069	rs10181011	0.044586916	3.71E-05
2	69538218	rs10185891	-0.043550305	5.70E-06
2	20768683	rs10195324	0.056892957	1.62E-05
2	145868312	rs10496973	-0.074350669	3.62E-06
2	85730641	rs10779966	0.070018259	2.68E-10
2	226154621	rs11682061	0.055961207	2.03E-05
2	19916425	rs12621411	0.070055514	1.70E-11
2	158525226	rs12694933	0.067084023	3.37E-05
2	20765963	rs13006062	0.050001428	3.28E-07
2	21100438	rs13008369	-0.059017193	1.85E-05
2	21084832	rs13022310	0.057573404	7.01E-07
2	21502727	rs13396400	0.054371639	2.66E-07
2	165249705	rs17352864	0.042496734	1.42E-05
2	19780732	rs17686549	-0.056960249	1.89E-05
2	21038378	rs57649402	-0.0441467	1.98E-05
2	85752471	rs58644336	0.045552625	1.54E-05
2	21509092	rs59014890	0.071665405	1.78E-07
2	21577237	rs72900462	0.099401208	7.59E-13
2	228089635	rs72977832	-0.04581286	3.76E-05
2	21582486	rs75190536	0.188166889	2.92E-18
2	20848192	rs75352129	0.161027984	9.70E-12
2	21014953	rs75803846	0.275874571	2.41E-25
2	229978351	rs76096817	-0.045886895	1.62E-05
2	21143294	rs76684042	0.242568864	6.35E-24
2	21143136	rs77343806	-0.185576081	1.42E-05
2	86348228	rs77630851	-0.063123374	7.00E-06
2	23031614	rs78726795	0.152255649	2.52E-08
2	70444436	rs112509261	0.049554033	4.90E-05
2	22774988	rs143786000	0.139965292	8.48E-08
2	21484322	rs143956268	0.166688859	5.99E-17
2	21619109	rs146350463	0.311728112	3.03E-27
2	22547306	rs150436524	0.16048768	1.77E-09
2	21239866	rs150856817	-0.06184635	5.20E-06
20	31950845	rs291671	0.043894263	2.17E-05
20	44532484	rs389877	-0.075177444	1.00E-05
20	45204600	rs399940	0.076373785	4.86E-05
20	32274380	rs3213141	-0.044929835	2.89E-05
20	39878956	rs6016534	0.052219963	4.51E-05
20	57463472	rs6026578	-0.043953625	3.61E-05
20	62694319	rs35213536	0.045936937	3.50E-05
20	11512040	rs61579768	-0.047248939	2.05E-05
22	49796784	rs136768	0.075034859	9.30E-06
22	44324727	rs738409	-0.03873808	4.54E-05
22	24448245	rs762272	0.101262284	2.18E-06
22	24624035	rs9612569	0.057758852	1.19E-05
22	23988477	rs9624257	0.047109047	3.11E-05
22	29300306	rs16986825	0.039719885	2.58E-05
22	25091717	rs116887351	-0.135807875	2.94E-05
22	24696561	rs144225711	-0.142157849	1.35E-08
3	14818716	rs829186	-0.048474689	5.97E-07
3	119337721	rs1534153	0.042902971	1.93E-05
3	97713804	rs1844934	-0.040720202	1.75E-05
3	138050685	rs4678407	-0.042581285	2.79E-05
3	46982737	rs4682844	0.040482883	2.00E-05
3	7894990	rs6443130	0.039582177	3.00E-05
3	50518935	rs8180034	0.040159345	3.02E-05
3	14847042	rs9809752	0.04716135	2.08E-05
3	47639466	rs10440114	0.062156966	1.58E-05
3	14873214	rs13070730	-0.062351593	3.26E-07
3	14826422	rs13082541	-0.071054914	4.41E-05
3	47036565	rs17079425	0.055528455	5.00E-05
3	14883570	rs55751892	0.039788342	4.01E-05
3	56480161	rs56962423	0.039608155	2.84E-05
3	156852682	rs74410701	0.057565332	4.31E-05
3	119487623	rs74537758	-0.108999787	1.80E-05
3	20454476	rs78916357	0.164162623	4.83E-05
3	168910678	rs79299612	-0.041010487	4.59E-05
3	15662140	rs117810942	0.056269201	4.71E-05
3	14846650	rs138587118	0.108104909	1.86E-05
3	47294770	rs138989774	0.054410872	4.83E-05
4	103647047	rs223500	0.047800297	4.00E-05
4	57713592	rs704637	-0.040698787	4.86E-05
4	95898299	rs1023804	-0.073912084	4.41E-05
4	147987325	rs1395822	-0.107030217	3.42E-05
4	148432440	rs1568136	0.049405147	4.57E-07
4	42915912	rs1597562	-0.040125004	2.79E-05
4	138565303	rs4345229	0.049185262	2.78E-06
4	156338194	rs4690957	0.05785616	3.43E-05
4	73425360	rs4694488	-0.04321975	4.99E-05
4	17289857	rs6829713	0.044084219	4.76E-05
4	82582048	rs7654147	-0.044634251	4.47E-05
4	81181072	rs10857147	0.053109251	3.79E-07
4	148333458	rs11100961	-0.047020596	2.06E-06
4	100275013	rs11499825	0.05238023	5.47E-06
4	57910940	rs11937978	0.041915624	1.18E-05
4	100191024	rs12374406	0.052371762	3.50E-05
4	156342994	rs12502738	0.050099367	4.77E-07
4	156613342	rs12513261	0.055879262	1.64E-07
4	112557938	rs12641764	-0.059969035	4.57E-05
4	156678779	rs56286465	-0.078258939	6.19E-09
4	156445276	rs59076700	-0.0497162	2.71E-05
4	84292241	rs72652739	-0.123295663	4.44E-05
4	81176245	rs75589797	-0.044230552	4.25E-05
4	148087379	rs77799530	-0.079330007	2.47E-06
4	148339025	rs80010398	0.053796706	1.69E-05
5	64779013	rs33395	-0.041629851	1.85E-05
5	88023349	rs34319	-0.039267213	4.28E-05
5	71877439	rs246613	-0.072046271	4.05E-05
5	3927833	rs505800	0.050985665	9.01E-07
5	4100350	rs767411	0.043238767	9.04E-06
5	36156654	rs2362974	-0.04432924	3.14E-06
5	110996185	rs2416269	-0.044825853	8.12E-06
5	155985033	rs2431769	-0.046805193	4.99E-05
5	55794447	rs4123492	-0.061149866	4.51E-06
5	955137	rs4496746	-0.044759245	1.04E-05
5	55695116	rs6863774	-0.04901675	3.99E-05
5	141901900	rs7703260	0.040413203	2.72E-05
5	74923603	rs10074747	0.050317369	2.66E-06
5	65013192	rs13152884	-0.05291816	7.44E-06
5	74670429	rs58519566	0.050837326	3.22E-06
5	74518492	rs59628276	0.049096138	4.64E-05
5	65086368	rs148987561	-0.151139094	5.52E-06
5	4003596	rs191174558	-0.070612097	3.75E-07
6	33689534	rs2967	-0.099530445	2.51E-05
6	31914179	rs12614	0.135697539	5.29E-14
6	32189481	rs45855	0.077044216	1.42E-11
6	31122502	rs130075	-0.063110237	1.68E-05
6	32900601	rs154975	0.073349214	4.71E-07
6	32900018	rs154977	-0.063526323	5.44E-08
6	134226147	rs162185	-0.077768407	3.97E-15
6	29989695	rs165255	-0.041816845	1.68E-05
6	25957392	rs169219	-0.066065773	5.99E-07
6	26103398	rs198855	0.070510515	2.22E-06
6	27858837	rs200972	0.048248832	5.40E-07
6	32155581	rs204993	-0.068710327	9.11E-13
6	33540209	rs210134	-0.059445209	4.21E-08
6	33510585	rs210201	0.062657073	7.66E-08
6	57093656	rs223296	-0.109312864	4.63E-05
6	36755402	rs236410	-0.127969838	4.79E-05
6	32798789	rs241434	-0.042081022	2.58E-05
6	25105361	rs302988	-0.073791987	7.79E-06
6	32191730	rs367398	0.039195177	3.81E-05
6	29732744	rs370631	-0.048562627	3.21E-07
6	32012279	rs374698	0.152085924	1.94E-14
6	33011133	rs401348	0.104525811	1.81E-06
6	25494956	rs410234	0.052820339	1.74E-05
6	28568528	rs418914	0.052081108	4.80E-06
6	31927342	rs440454	0.047365428	1.34E-06
6	32943084	rs488216	0.156826733	8.89E-14
6	31933518	rs492899	0.157750612	7.91E-17
6	149611269	rs534403	-0.04432534	4.79E-05
6	29489048	rs724078	-0.0496872	2.81E-06
6	26148326	rs806973	0.061798631	1.81E-05
6	43401455	rs831316	0.07230682	4.76E-05
6	31113275	rs886401	-0.040332014	4.92E-05
6	32153409	rs1004095	-0.071010482	1.89E-12
6	33048542	rs1042121	-0.120863836	9.63E-11
6	31324154	rs1050379	0.072622503	4.08E-08
6	134146509	rs1208266	0.052791314	2.11E-07
6	30372812	rs1264562	-0.042811752	1.18E-05
6	31081409	rs1265048	-0.041041718	1.86E-05
6	32739888	rs1383265	-0.042078058	1.42E-05
6	33775641	rs1547669	-0.063083003	2.75E-08
6	29768917	rs1610649	0.052250216	2.39E-07
6	29886393	rs1611496	-0.055026419	4.45E-05
6	29850963	rs1611583	0.122677059	1.13E-08
6	29737563	rs1737030	0.039666531	3.21E-05
6	29732969	rs1737060	-0.135166599	3.31E-15
6	31944036	rs1738434	0.044028774	4.51E-06
6	151282026	rs1771839	0.044461182	6.16E-06
6	33579661	rs1794681	0.070848706	1.41E-06
6	30969304	rs1819786	-0.048549161	4.45E-05
6	33620397	rs1830873	-0.041505589	3.02E-05
6	28110478	rs1890809	0.047884436	2.32E-05
6	25413828	rs1995675	0.116757588	1.64E-09
6	29175769	rs2005985	-0.040298326	2.72E-05
6	33143756	rs2071025	-0.047184763	2.43E-06
6	32170433	rs2071287	0.059767579	1.62E-09
6	26091336	rs2071303	0.051516187	4.66E-06
6	32805307	rs2071466	0.050308619	1.76E-05
6	33045835	rs2073521	-0.040273034	3.52E-05
6	33825358	rs2104362	0.040661609	1.92E-05
6	29910762	rs2231004	0.083354843	1.06E-06
6	31436639	rs2244579	0.063550576	2.23E-08
6	31230221	rs2245738	0.057543938	1.73E-06
6	29913668	rs2248004	-0.140292922	3.75E-11
6	31446466	rs2248372	-0.070202931	8.39E-12
6	32233461	rs2395113	-0.049951803	3.06E-06
6	31351764	rs2442752	0.061483647	2.02E-09
6	31580539	rs2471960	0.045842775	1.77E-06
6	31010200	rs2508015	0.144053721	6.11E-18
6	30590122	rs2517566	0.068288061	1.57E-08
6	29534591	rs2523448	-0.065309722	2.52E-05
6	31333499	rs2523545	-0.128466283	4.95E-20
6	31445514	rs2523653	-0.116242572	1.08E-20
6	30993533	rs2523898	0.054233122	1.51E-07
6	30102184	rs2523995	0.147451517	1.55E-16
6	31236051	rs2524099	-0.062325234	1.39E-10
6	28373154	rs2531827	0.046098104	1.66E-06
6	30932682	rs2532924	0.047575999	2.82E-06
6	30722303	rs2535322	-0.069845683	2.24E-09
6	39153220	rs2561426	0.040379025	4.03E-05
6	31321429	rs2596499	0.081918183	4.10E-12
6	25273053	rs2690061	-0.049567922	1.01E-05
6	31706850	rs2736154	0.06037616	3.64E-07
6	29488478	rs2745401	-0.039692776	3.32E-05
6	90613945	rs2777858	0.048696914	1.33E-05
6	31851469	rs2844458	-0.045104199	5.24E-06
6	30932309	rs2844697	0.078738455	3.20E-08
6	32209262	rs2849016	-0.048279195	5.26E-06
6	43753895	rs3025054	-0.13474846	1.27E-09
6	31093485	rs3094197	-0.094897963	3.13E-16
6	31362341	rs3094588	0.054427999	2.26E-05
6	30932532	rs3095150	0.054931173	1.37E-08
6	33020696	rs3097661	-0.060513616	3.72E-05
6	32685652	rs3104396	-0.062026644	5.57E-07
6	33098797	rs3116994	-0.119620683	3.23E-09
6	32582627	rs3129752	0.04445343	3.45E-06
6	32395835	rs3129844	0.07664129	1.10E-10
6	32409530	rs3129882	0.052627873	3.65E-08
6	30773522	rs3129989	-0.045414092	1.89E-05
6	32215472	rs3130309	-0.075265268	1.82E-10
6	31097301	rs3130559	-0.050078782	1.34E-07
6	30800326	rs3130648	-0.108269713	1.38E-14
6	28924530	rs3131074	0.043914995	5.10E-06
6	31487954	rs3132455	0.051380269	1.59E-07
6	30905313	rs3132571	0.044058147	3.87E-05
6	30340145	rs3132643	-0.040965085	4.76E-05
6	32190620	rs3134931	-0.049335308	5.26E-07
6	31324499	rs3190923	0.195488003	4.30E-17
6	30080036	rs3734837	-0.042225009	1.48E-05
6	26200752	rs3757136	-0.08816388	6.88E-06
6	28381896	rs3757181	-0.085618976	2.55E-06
6	32376176	rs3763311	0.04827259	6.93E-06
6	32413557	rs3763326	0.09307939	5.30E-09
6	32979150	rs3763340	0.046368671	2.62E-05
6	31322133	rs3819306	-0.047454563	6.61E-07
6	32804570	rs3819720	0.054115037	1.04E-06
6	32636062	rs3828799	-0.059408197	1.04E-07
6	28641957	rs3864294	-0.082101389	1.35E-06
6	31831159	rs3869144	0.156827261	1.28E-16
6	32683010	rs3873445	0.053978887	2.45E-06
6	31001421	rs3909113	-0.042890192	4.89E-05
6	33793760	rs3998109	0.080137384	3.90E-06
6	161121715	rs4252049	0.056201028	2.68E-05
6	25684405	rs4711092	0.052012151	5.80E-08
6	32965889	rs4713602	0.086128816	8.34E-08
6	32979609	rs4713603	-0.040028853	4.78E-05
6	33648690	rs4713655	-0.050128152	9.41E-06
6	12944118	rs4715000	-0.059595158	1.14E-05
6	134150561	rs4895388	-0.071949562	4.78E-14
6	33547249	rs5745577	0.09119298	1.47E-05
6	160980330	rs6415084	-0.088697595	4.49E-09
6	27558669	rs6907861	0.098847035	1.68E-09
6	23455539	rs6908976	-0.05737975	4.57E-05
6	25686033	rs6911522	-0.065653674	4.40E-06
6	33847919	rs6912350	0.042182135	1.55E-05
6	32339840	rs6913309	0.114393042	7.78E-16
6	16758002	rs6915310	-0.040928368	4.61E-05
6	31302927	rs6919086	-0.040146874	2.78E-05
6	90299879	rs6933010	-0.043284305	2.13E-05
6	25742529	rs7738984	0.139996772	2.89E-12
6	28837192	rs7747802	0.148953722	1.52E-14
6	22591154	rs7757111	0.045837098	4.41E-05
6	30434566	rs7764934	-0.041126508	1.65E-05
6	30073776	rs7767188	0.061301942	5.36E-09
6	29984769	rs9261144	0.075255464	2.80E-10
6	30134330	rs9261537	-0.046542413	3.66E-05
6	31020685	rs9262613	0.062471037	6.22E-07
6	31022195	rs9262616	0.057374082	4.10E-06
6	31315109	rs9265944	-0.058340302	2.49E-09
6	31321087	rs9266093	0.139622545	9.94E-16
6	31325151	rs9266221	-0.078429714	2.60E-13
6	31341672	rs9266527	-0.066989187	7.85E-11
6	31673436	rs9267546	0.151678787	9.60E-17
6	32341353	rs9268402	-0.039032698	4.91E-05
6	32352616	rs9268465	0.055479459	4.14E-08
6	32429303	rs9268848	-0.058920489	2.06E-09
6	32437996	rs9269038	0.060030958	1.35E-05
6	32592556	rs9271653	0.062150792	9.44E-08
6	32595596	rs9271880	0.059864305	1.21E-05
6	32636040	rs9274626	-0.117086868	7.93E-14
6	32677912	rs9275563	-0.052315286	6.35E-08
6	29603579	rs9278218	0.068273362	1.15E-07
6	33821122	rs9296099	0.074552926	1.42E-05
6	32358549	rs9348883	0.110092942	1.81E-11
6	12886313	rs9349371	0.119209832	2.11E-10
6	166209678	rs9356390	0.040537283	3.80E-05
6	27582795	rs9357042	0.038828665	4.35E-05
6	33509476	rs9357160	-0.045638099	2.39E-05
6	27133479	rs9368489	0.044953732	4.80E-05
6	31305761	rs9378158	-0.054892848	4.85E-06
6	31326289	rs9378248	-0.041853936	9.56E-06
6	5548558	rs9378428	0.047483751	5.94E-06
6	12911569	rs9381488	0.073049395	4.36E-07
6	31319489	rs9405083	-0.039602078	3.40E-05
6	27297830	rs9461358	0.09773722	2.43E-09
6	31143241	rs9461650	-0.050032679	6.52E-06
6	26332605	rs9467711	0.123599837	1.93E-12
6	26824970	rs9467920	0.134929243	4.65E-12
6	28417385	rs9468378	0.05005286	8.90E-06
6	29241555	rs9468504	-0.074326648	2.40E-05
6	33828178	rs9469619	0.087884113	4.64E-09
6	30799399	rs9501030	-0.050845409	3.07E-07
6	31140445	rs9501064	0.048734572	4.51E-06
6	33817796	rs10081055	0.101892261	1.72E-10
6	134184221	rs10434886	0.091917787	2.98E-06
6	25172912	rs10807000	-0.04761518	2.32E-05
6	26899077	rs10946878	-0.06272428	8.97E-07
6	30997824	rs12110785	0.060175038	2.02E-08
6	29536462	rs12174271	-0.056411609	8.59E-08
6	32674240	rs12192514	-0.06740291	1.69E-05
6	12974653	rs12203322	-0.049150244	5.99E-07
6	32968412	rs12204338	-0.04720322	2.12E-06
6	134098184	rs12204363	-0.06285633	3.03E-10
6	33860194	rs12206636	0.092821845	1.71E-08
6	25415117	rs12206709	0.124649051	4.71E-10
6	39136651	rs12214118	-0.05292029	2.54E-05
6	30980747	rs12528082	0.067720043	8.17E-08
6	30074791	rs12530114	-0.042415683	2.11E-05
6	29910586	rs12721672	0.064156619	2.39E-05
6	25045385	rs13200401	0.060828964	3.16E-05
6	12883524	rs13208248	-0.157097086	5.67E-08
6	32910877	rs16871169	0.107585371	8.61E-11
6	28040581	rs16893638	-0.068665688	2.30E-05
6	32650587	rs17205696	-0.050501155	1.62E-07
6	32665115	rs17206126	0.165561686	1.34E-15
6	31001781	rs28360042	0.041940966	1.20E-05
6	12957480	rs28385616	-0.114347258	1.53E-07
6	31730751	rs28399987	-0.066170228	2.07E-05
6	32582485	rs28507026	0.088055842	2.70E-12
6	33084086	rs28624333	0.092916706	9.97E-10
6	31572634	rs28732147	-0.06144878	5.28E-07
6	29547764	rs28986297	-0.05201949	3.47E-05
6	33571302	rs35020498	0.081074741	4.36E-09
6	151551517	rs35977392	0.053993967	4.75E-05
6	28672897	rs56092796	0.046462149	1.38E-06
6	33591103	rs56386174	-0.114164836	1.95E-06
6	25787650	rs56932539	0.063547691	1.40E-06
6	32061339	rs57079996	-0.066074563	2.24E-05
6	27198428	rs57961452	-0.096609856	1.35E-06
6	31390751	rs61556292	-0.077362241	3.23E-05
6	25705935	rs62392668	0.108411946	6.19E-10
6	31436330	rs62395310	-0.063963246	2.32E-06
6	26180634	rs62396185	-0.072775482	2.56E-08
6	26866085	rs62400840	-0.049392798	3.53E-05
6	30142674	rs66548051	-0.06780854	2.98E-07
6	31321479	rs72502570	-0.067368204	6.65E-11
6	30339864	rs72849712	0.050530879	5.76E-06
6	33609174	rs72882038	0.14181258	3.30E-10
6	31326131	rs73390208	-0.059838233	3.82E-10
6	27745608	rs73741624	0.066224062	9.11E-06
6	32566501	rs74729707	0.063792455	6.72E-07
6	25852354	rs74852087	-0.085104326	1.21E-05
6	27815102	rs75526434	0.136737821	4.52E-13
6	29411823	rs75561942	0.133707532	4.69E-14
6	31309265	rs76241262	0.046904502	3.76E-05
6	26569079	rs76382497	0.137130291	2.74E-12
6	134216879	rs76713704	-0.096531434	1.74E-07
6	25584831	rs78341453	0.058990212	7.47E-06
6	25338069	rs78857371	-0.103538347	4.42E-07
6	30798277	rs78868683	-0.062670052	1.75E-05
6	28321836	rs79144650	0.135541589	4.22E-13
6	29152053	rs79245089	0.1401748	2.03E-14
6	136569874	rs79282471	0.07933153	2.89E-05
6	31573382	rs79589473	0.168241002	2.62E-19
6	25494118	rs79663265	0.104319143	5.19E-09
6	74404771	rs79717953	0.105890593	2.40E-07
6	30603931	rs80005626	-0.108597666	2.78E-06
6	25486099	rs80159966	0.140169004	7.09E-12
6	13132952	rs80217829	0.051885321	2.85E-06
6	27492671	rs80292863	-0.095719147	1.26E-06
6	25996818	rs80331257	0.140846875	1.85E-12
6	32187213	rs111394117	0.164309915	2.59E-17
6	26175832	rs112250267	0.100567518	7.63E-11
6	29396725	rs113431375	-0.064795089	2.74E-05
6	26317785	rs113707579	0.099171453	2.84E-09
6	33351451	rs114972028	0.095927067	1.19E-05
6	32989338	rs115401064	0.148553297	2.25E-11
6	33110459	rs115798482	0.061877553	4.55E-05
6	29768661	rs116501414	0.112550447	5.25E-09
6	30617389	rs117013517	0.162200013	1.36E-18
6	31671969	rs117029785	-0.086260189	8.43E-06
6	25588376	rs117204387	-0.087712399	1.04E-05
6	25269525	rs117356146	0.12035374	7.75E-08
6	27078001	rs117357929	0.134603977	3.75E-12
6	26262418	rs117434367	0.141875024	3.11E-12
6	27439449	rs117506524	0.13704141	1.02E-12
6	56154481	rs117514842	0.097407045	2.40E-05
6	30354721	rs117569516	0.161174134	2.23E-18
6	30063073	rs117662730	-0.118140349	1.68E-05
6	32401706	rs117820904	-0.0659966	2.72E-05
6	29762340	rs137861925	0.112311282	2.12E-11
6	33573907	rs138507244	0.142026286	7.10E-10
6	29602522	rs138928071	0.15945171	1.83E-17
6	30989021	rs139141104	0.164354221	4.69E-20
6	30479914	rs140668832	-0.075119413	1.05E-05
6	161030461	rs141033257	0.292646444	1.02E-08
6	30351047	rs141061208	-0.106455665	2.59E-05
6	66523806	rs142209941	-0.142365391	1.96E-05
6	31151871	rs142858529	0.166440515	1.59E-19
6	30102507	rs143887638	-0.066583143	2.52E-05
6	27779658	rs144335201	-0.089905444	1.87E-06
6	160623086	rs144559652	0.131109689	3.64E-05
6	29797043	rs145023077	-0.068583455	1.24E-05
6	32263873	rs146346485	0.112141634	1.83E-13
6	28584986	rs146893824	0.144654825	5.51E-14
6	28988470	rs146980245	-0.080318397	1.02E-05
6	31897911	rs147906938	0.09901484	1.47E-13
6	26607954	rs148088981	-0.1103919	7.14E-07
6	28070189	rs148688688	0.129417628	1.90E-12
6	74421901	rs148806797	0.131978112	4.47E-05
6	28225296	rs149204020	-0.114188217	3.63E-05
6	44048051	rs149372871	-0.11844858	2.12E-05
6	119178035	rs150141688	-0.046109992	4.29E-05
6	26939676	rs151053285	-0.09837304	1.30E-06
6	31322217	rs151341409	-0.054908149	4.16E-06
6	31976228	rs182239097	0.088795335	5.65E-12
6	33285498	rs184714444	0.151772214	4.96E-11
6	31208292	rs200764629	-0.045371584	7.03E-06
6	31423465	rs368333960	0.054944918	3.53E-07
6	30424736	rs370889745	-0.045575261	3.86E-06
6	32583610	rs377284193	0.047649175	1.02E-06
6	27316509	rs538042494	0.122415664	3.50E-07
6	31422242	rs553169727	0.079649052	4.85E-12
6	26050815	rs554448175	0.184621804	4.38E-12
6	32368767	rs566701406	-0.057456143	5.83E-06
7	2960484	rs1636174	-0.04847927	4.33E-05
7	50258234	rs1870027	-0.043125012	1.74E-05
7	19035920	rs2074633	0.051781948	1.06E-07
7	1139513	rs4720468	0.040716834	3.37E-05
7	23794029	rs4722266	0.041214228	2.52E-05
7	155086439	rs9720071	-0.066741794	2.03E-08
7	80570142	rs10262428	-0.042255771	9.97E-06
7	94574220	rs10499917	-0.048006891	3.50E-05
7	1221528	rs10951969	0.054722084	4.19E-05
7	129663496	rs11556924	-0.125723891	4.69E-05
7	19041194	rs62448131	-0.052609229	4.89E-06
7	94159992	rs117471773	0.073055235	4.34E-05
7	94568979	rs143590530	0.181368384	1.06E-05
8	19815556	rs287	-0.052147158	2.29E-05
8	106512481	rs302953	0.040254029	3.16E-05
8	73820775	rs1482016	0.048379872	3.06E-05
8	105228513	rs2034304	0.041770311	1.71E-05
8	95250558	rs2607068	0.098636335	2.02E-07
8	69417343	rs7820314	-0.055946484	2.26E-05
8	95091144	rs7845175	-0.041378086	3.50E-05
8	71255957	rs13266875	0.043743834	5.89E-06
8	71004987	rs13278052	0.039245743	3.54E-05
8	30287906	rs17625964	-0.044040803	8.79E-06
8	10558078	rs59747969	0.041670656	4.50E-05
8	19960889	rs62498192	0.042736816	3.30E-05
8	9721394	rs75655731	-0.093792317	1.21E-06
8	20146244	rs79875126	-0.15752776	9.78E-06
9	136149581	rs630510	0.040145002	4.20E-05
9	21949527	rs2106117	-0.084565622	1.13E-06
9	21950446	rs2157716	0.051522592	5.13E-06
9	96095613	rs2991378	0.040697947	2.26E-05
9	21974218	rs3731239	-0.110778516	5.30E-17
9	107585016	rs3818689	0.04932963	7.90E-07
9	22746017	rs7039906	-0.064362605	1.75E-05
9	123494062	rs7044106	-0.039823408	4.24E-05
9	136117048	rs7466988	0.066518287	9.24E-10
9	22072638	rs9632885	0.134289812	6.46E-46
9	22133984	rs10757282	0.040568961	4.18E-05
9	80151487	rs10781446	0.081604695	3.84E-05
9	139302900	rs10870136	-0.046239558	3.12E-05
9	124411497	rs10985342	0.055613473	1.91E-06
9	136065526	rs12378537	0.050371968	1.63E-05
9	22089295	rs76958626	-0.113650581	1.50E-06
9	107585213	rs112853430	-0.101404747	4.58E-07
9	136337740	rs117706705	0.069002421	1.19E-05
9	21950739	rs199821448	-0.091107114	3.67E-08
9	22078164	rs571971172	-0.186871025	3.91E-09
