chr  pos  rsid  allele  p-value  OR  beta
11	2858546	rs2237897	C	2.00E-245	1.28	0.246860078
6	20683164	rs9350271	A	5.00E-183	1.21	0.19062036
9	22132878	rs10965248	T	4.00E-164	1.2	0.182321557
7	127253550	rs2233580	T	3.00E-132	1.34	0.292669614
7	127761917	rs61342118	A	5.00E-105	1.34	0.292669614
10	94435673	rs35906730	G	1.00E-71	1.15	0.139761942
8	118184783	rs13266634	C	4.00E-67	1.12	0.113328685
3	185495320	rs13092876	A	2.00E-66	1.13	0.122217633
10	114754088	rs7901695	C	8.00E-62	1.32	0.277631737
10	12309139	rs11257657	G	1.00E-61	1.12	0.113328685
16	53800954	rs1421085	C	2.00E-48	1.14	0.131028262
4	1254535	rs7656416	C	9.00E-42	1.11	0.104360015
3	23258614	rs11926494	G	3.00E-37	1.12	0.113328685
15	62394264	rs8037894	G	7.00E-33	1.08	0.076961041
12	31441179	rs80234489	C	4.00E-32	1.11	0.104360015
13	80707429	rs1215468	A	1.00E-31	1.09	0.086177696
7	126526991	rs117737118	G	3.00E-31	1.18	0.165514438
5	55810305	rs256904	T	4.00E-29	1.08	0.076961041
9	84308948	rs2796441	G	1.00E-28	1.08	0.076961041
4	153520279	rs10011838	G	1.00E-27	1.08	0.076961041
9	4290085	rs4237150	C	4.00E-27	1.07	0.067658648
18	57852587	rs476828	C	5.00E-27	1.09	0.086177696
15	77776562	rs952472	C	2.00E-26	1.07	0.067658648
11	17415190	rs4148646	C	2.00E-26	1.08	0.076961041
9	139246588	rs376993806	G	5.00E-26	1.14	0.131028262
17	6953781	rs186568031	T	9.00E-24	1.12	0.113328685
19	22100706	rs142395395	A	7.00E-23	1.24	0.21511138
15	91522253	rs8026714	A	1.00E-22	1.07	0.067658648
6	39046644	rs742762	A	2.00E-22	1.08	0.076961041
7	69696905	rs12698877	G	7.00E-22	1.07	0.067658648
7	14898282	rs17168486	T	8.00E-22	1.07	0.067658648
2	27730940	rs1260326	C	1.00E-21	1.07	0.067658648
20	42994812	rs12625671	C	2.00E-21	1.07	0.067658648
11	72463435	rs7109575	G	5.00E-21	1.15	0.139761942
12	27963402	rs3751236	G	7.00E-21	1.07	0.067658648
15	40615872	rs12907887	C	2.00E-20	1.08	0.076961041
12	121363506	rs118074491	G	9.00E-20	1.21	0.19062036
7	69189726	rs610930	A	1.00E-19	1.07	0.067658648
13	33557173	rs7983505	T	3.00E-18	1.08	0.076961041
13	91949562	rs9515905	A	7.00E-18	1.08	0.076961041
6	31026236	rs76541615	T	1.00E-17	1.08	0.076961041
22	50356302	rs28691713	C	2.00E-17	1.07	0.067658648
10	122929493	rs10886863	C	5.00E-17	1.06	0.058268908
16	20323168	rs117267808	A	5.00E-17	1.11	0.104360015
6	34214670	rs4711389	A	7.00E-17	1.1	0.09531018
11	2203154	rs11043003	C	1.00E-16	1.11	0.104360015
4	85339618	rs117624659	T	2.00E-16	1.23	0.207014169
19	33894846	rs10422861	C	2.00E-16	1.06	0.058268908
4	1784605	rs6831006	G	3.00E-16	1.07	0.067658648
4	71844118	rs28599782	A	5.00E-16	1.07	0.067658648
12	66232810	rs2583934	T	5.00E-16	1.06	0.058268908
2	165381518	rs75536691	A	1.00E-15	1.2	0.182321557
18	60845884	rs12454712	T	1.00E-15	1.06	0.058268908
12	118400856	rs111246699	A	2.00E-15	1.06	0.058268908
7	13886654	rs7787720	T	2.00E-15	1.06	0.058268908
2	234191103	rs117809958	A	2.00E-15	1.25	0.223143551
7	89752238	rs62469016	C	2.00E-15	1.07	0.067658648
2	60586707	rs243018	G	2.00E-15	1.06	0.058268908
1	51191935	rs11205766	T	7.00E-15	1.09	0.086177696
6	7231843	rs9379084	G	2.00E-14	1.07	0.067658648
15	38828140	rs8043085	T	2.00E-14	1.05	0.048790164
20	48830772	rs13040225	A	2.00E-14	1.05	0.048790164
2	45192080	rs12712928	C	2.00E-14	1.06	0.058268908
19	21529576	rs145389767	G	2.00E-13	1.22	0.198850859
15	90428894	rs10852123	A	8.00E-13	1.06	0.058268908
6	117996631	rs80196932	T	8.00E-13	1.06	0.058268908
12	4381981	rs7304270	C	1.00E-12	1.07	0.067658648
7	157024510	rs1182444	G	2.00E-12	1.05	0.048790164
5	176513896	rs3135911	A	2.00E-12	1.05	0.048790164
16	73100308	rs6416749	C	3.00E-12	1.05	0.048790164
6	126964510	rs4273712	G	3.00E-12	1.05	0.048790164
7	28219310	rs3735567	G	3.00E-12	1.06	0.058268908
10	77323643	rs34907385	C	5.00E-12	1.05	0.048790164
3	123174832	rs60054445	C	6.00E-12	1.05	0.048790164
1	214155398	rs12403994	C	6.00E-12	1.05	0.048790164
1	177878933	rs532504	A	7.00E-12	1.06	0.058268908
12	108629780	rs1426371	G	8.00E-12	1.05	0.048790164
4	6303731	rs147834269	G	9.00E-12	1.23	0.207014169
15	93825384	rs61021634	A	1.00E-11	1.05	0.048790164
10	112678657	rs7895872	T	1.00E-11	1.05	0.048790164
3	170643788	rs201018682	T	1.00E-11	1.06	0.058268908
15	75742095	rs8038760	A	2.00E-11	1.05	0.048790164
8	37391203	rs4739515	G	2.00E-11	1.05	0.048790164
3	114968018	rs6806156	T	2.00E-11	1.05	0.048790164
10	71273357	rs1955163	G	2.00E-11	1.05	0.048790164
6	131954797	rs7739842	G	2.00E-11	1.05	0.048790164
3	12385357	rs3963364	C	3.00E-11	1.12	0.113328685
7	102336979	rs75990271	T	3.00E-11	1.07	0.067658648
17	29642430	rs7502556	T	4.00E-11	1.05	0.048790164
1	229642499	rs238763	T	5.00E-11	1.05	0.048790164
12	71449521	rs7313668	T	5.00E-11	1.05	0.048790164
9	81917127	rs1328412	T	6.00E-11	1.1	0.09531018
14	101255172	rs73347525	A	7.00E-11	1.06	0.058268908
14	77382503	rs58524310	G	8.00E-11	1.05	0.048790164
7	44174857	rs2908279	G	8.00E-11	1.05	0.048790164
10	99056921	rs10736116	C	9.00E-11	1.05	0.048790164
12	112736118	rs77768175	A	1.00E-10	1.07	0.067658648
9	136149500	rs529565	C	2.00E-10	1.04	0.039220713
8	36832310	rs56687477	A	2.00E-10	1.05	0.048790164
11	27729505	rs4922793	A	2.00E-10	1.04	0.039220713
13	51088809	rs123378	G	2.00E-10	1.05	0.048790164
1	20688352	rs60573766	C	4.00E-10	1.04	0.039220713
10	89684214	rs1236816	A	4.00E-10	1.04	0.039220713
4	45186139	rs10938398	A	4.00E-10	1.05	0.048790164
1	64107893	rs2269245	G	5.00E-10	1.06	0.058268908
2	213687103	rs75179644	T	5.00E-10	1.08	0.076961041
8	75214398	rs149265787	G	6.00E-10	1.14	0.131028262
20	50155386	rs6021276	T	7.00E-10	1.04	0.039220713
18	7076836	rs9948462	T	9.00E-10	1.05	0.048790164
19	7986638	rs475002	G	1.00E-09	1.04	0.039220713
3	152382352	rs1850421	A	1.00E-09	1.05	0.048790164
14	24878370	rs12437434	C	1.00E-09	1.05	0.048790164
14	38809661	rs61975988	A	2.00E-09	1.04	0.039220713
16	81534790	rs2925979	T	2.00E-09	1.04	0.039220713
3	195830310	rs9866168	T	2.00E-09	1.05	0.048790164
20	22430241	rs73085586	G	2.00E-09	1.04	0.039220713
15	52587740	rs149336329	G	2.00E-09	1.11	0.104360015
8	17927609	rs34642578	T	2.00E-09	1.09	0.086177696
8	126471274	rs60089934	A	3.00E-09	1.04	0.039220713
13	22589883	rs9316706	A	3.00E-09	1.04	0.039220713
16	3647098	rs2240885	A	3.00E-09	1.04	0.039220713
5	14768092	rs6885132	C	3.00E-09	1.04	0.039220713
5	36257018	rs16902871	G	3.00E-09	1.06	0.058268908
5	95848503	rs6556925	C	3.00E-09	1.04	0.039220713
3	121965199	rs9859381	G	3.00E-09	1.04	0.039220713
6	50787459	rs62405419	T	4.00E-09	1.05	0.048790164
22	46313618	rs28637892	T	4.00E-09	1.05	0.048790164
11	69462642	rs602652	A	5.00E-09	1.06	0.058268908
8	95960886	rs896852	G	6.00E-09	1.04	0.039220713
12	50269863	rs77978149	T	6.00E-09	1.08	0.076961041
12	97850215	rs10860209	C	6.00E-09	1.04	0.039220713
16	72022534	rs12600132	T	6.00E-09	1.04	0.039220713
6	143056556	rs9390022	T	6.00E-09	1.05	0.048790164
2	120231070	rs3731600	C	7.00E-09	1.13	0.122217633
1	184014593	rs1327123	C	7.00E-09	1.04	0.039220713
3	187698333	rs13086331	T	7.00E-09	1.05	0.048790164
7	93107093	rs2074120	A	8.00E-09	1.04	0.039220713
5	51751574	rs12109081	T	1.00E-08	1.04	0.039220713
3	124921920	rs12497133	A	1.00E-08	1.04	0.039220713
5	74574984	rs2126736	A	2.00E-08	1.04	0.039220713
5	133864599	rs329122	A	2.00E-08	1.04	0.039220713
6	139205386	rs9376382	C	2.00E-08	1.04	0.039220713
14	103237952	rs55700915	A	2.00E-08	1.04	0.039220713
10	23487778	rs77065181	A	2.00E-08	1.09	0.086177696
17	65641651	rs2706710	T	2.00E-08	1.07	0.067658648
9	1032567	rs1016565	A	2.00E-08	1.04	0.039220713
19	12509536	rs4804181	A	2.00E-08	1.04	0.039220713
15	28546173	rs76704029	T	3.00E-08	1.06	0.058268908
8	73503743	rs349359	C	3.00E-08	1.04	0.039220713
15	99366409	rs79826452	A	3.00E-08	1.07	0.067658648
15	68080886	rs4776970	A	3.00E-08	1.04	0.039220713
8	38343012	rs328301	T	4.00E-08	1.04	0.039220713
19	7293119	rs8101064	T	4.00E-08	1.07	0.067658648
11	92708710	rs10830963	G	4.00E-08	1.04	0.039220713
9	98278413	rs113154802	C	4.00E-08	1.06	0.058268908
5	50079603	rs74334916	C	4.00E-08	1.07	0.067658648
8	132879795	rs73708054	C	4.00E-08	1.04	0.039220713
12	114123722	rs7307263	G	4.00E-08	1.04	0.039220713
