chr	pos	bstat
1	20688352	782
1	51191935	309
1	64107893	905
1	177878933	738
1	184014593	842
1	214155398	875
1	229642499	504
2	27730940	92
2	45192080	946
2	60586707	739
2	120231070	798
2	165381518	635
2	213687103	890
2	234191103	658
3	12385357	712
3	23258614	892
3	114968018	656
3	121965199	644
3	123174832	838
3	124921920	889
3	152382352	845
3	170643788	669
3	185495320	767
3	187698333	861
3	195830310	773
4	1254535	845
4	1784605	819
4	6303731	970
4	45186139	900
4	71844118	421
4	85339618	786
4	153520279	805
5	14768092	934
5	36257018	608
5	50079603	419
5	51751574	853
5	55810305	900
5	74574984	555
5	95848503	854
5	133864599	557
5	176513896	553
6	7231843	720
6	20683164	894
6	31026236	929
6	34214670	785
6	39046644	745
6	50787459	536
6	117996631	627
6	126964510	0
6	131954797	455
6	139205386	724
6	143056556	774
7	13886654	927
7	14898282	967
7	28219310	860
7	44174857	754
7	69189726	0
7	69696905	588
7	89752238	647
7	93107093	797
7	102336979	759
7	126526991	838
7	127253550	372
7	127761917	594
7	157024510	814
8	17927609	638
8	36832310	810
8	37391203	946
8	38343012	632
8	73503743	915
8	75214398	816
8	95960886	480
8	118184783	907
8	126471274	922
8	132879795	872
9	1032567	947
9	4290085	874
9	22132878	969
9	81917127	888
9	84308948	882
9	98278413	840
9	136149500	900
9	139246588	650
10	12309139	839
10	23487778	724
10	71273357	878
10	77323643	624
10	89684214	502
10	94435673	451
10	99056921	621
10	112678657	626
10	114754088	909
10	122929493	930
11	2203154	988
11	2858546	982
11	17415190	594
11	27729505	420
11	69462642	917
11	72463435	606
11	92708710	915
12	4381981	946
12	27963402	878
12	31441179	944
12	50269863	608
12	66232810	691
12	71449521	829
12	97850215	901
12	108629780	855
12	112736118	46
12	114123722	960
12	118400856	929
12	121363506	590
13	22589883	993
13	33557173	878
13	51088809	875
13	80707429	925
13	91949562	972
14	24878370	510
14	38809661	876
14	77382503	922
14	101255172	979
14	103237952	763
15	28546173	542
15	38828140	897
15	40615872	483
15	52587740	584
15	62394264	724
15	68080886	482
15	75742095	168
15	77776562	206
15	90428894	833
15	91522253	527
15	93825384	988
15	99366409	910
16	3647098	592
16	20323168	816
16	53800954	837
16	72022534	177
16	73100308	818
16	81534790	968
17	6953781	698
17	29642430	91
17	65641651	883
18	7076836	917
18	57852587	972
18	60845884	941
19	7293119	970
19	7986638	862
19	12509536	884
19	21529576	988
19	22100706	988
19	33894846	815
20	22430241	858
20	42994812	823
20	48830772	933
20	50155386	946
22	46313618	964
22	50356302	804
