chr	pos	RSNUM	ESN	GWD	LWK	MSL	YRI	ACB	ASW	CLM	MXL	PEL	PUR	CDX	CHB	CHS	JPT	KHV	CEU	FIN	GBR	IBS	TSI	BEB	GIH	ITU	PJL	STU
1	51191935	rs11205766	0.940	1.278	1.310	0.960	0.743	1.214	1.285	0.802	-0.088	1.929	-0.348	NA	-0.882	0.074	-1.150	0.470	-0.598	-0.163	-0.151	-0.740	-0.562	-1.606	-0.663	-1.570	-0.458	-0.546
1	64107893	rs2269245	0.237	-0.358	-0.373	-0.415	-0.051	-0.187	-1.644	-0.023	-0.283	-0.103	-0.665	-0.201	-0.518	-0.766	-0.544	-0.724	0.607	-0.158	0.523	0.846	0.387	-0.387	0.671	-0.086	-0.469	-0.302
1	177878933	rs532504	1.505	0.596	-0.043	1.147	0.912	1.413	0.738	-2.196	-0.584	-0.821	-0.857	-0.105	-0.772	-1.223	-1.051	-0.906	-1.500	-1.546	-1.466	-0.945	-0.894	-1.261	-1.347	-0.863	-2.067	-1.331
1	184014593	rs1327123	-0.020	0.814	0.641	0.680	0.572	-0.217	1.465	0.938	0.886	0.105	1.077	0.351	1.491	0.106	1.695	0.338	0.839	1.147	0.925	0.207	0.098	0.590	0.028	0.124	0.475	0.642
1	229642499	rs238763	0.411	0.458	1.016	0.678	0.876	-0.148	-0.463	-0.619	1.043	2.004	-0.609	0.008	-0.557	0.064	0.286	0.002	0.574	-0.386	-0.598	-0.356	0.236	0.022	0.029	-0.324	-0.644	-0.515
2	27730940	rs1260326	0.861	1.073	0.892	0.832	0.459	0.805	0.726	-0.329	0.057	-0.223	0.006	0.072	-0.522	-0.052	-1.032	-0.241	-0.312	0.312	-0.451	-0.617	-0.558	0.374	-0.435	-0.025	-0.258	0.259
2	45192080	rs12712928	-0.703	-0.498	0.094	-3.030	-1.064	-1.459	-0.019	1.209	1.391	1.279	1.033	-0.084	0.073	-0.152	-0.451	-0.123	0.167	0.691	0.340	1.230	0.643	0.871	1.205	0.965	0.086	1.088
2	60586707	rs243018	0.817	0.323	-0.570	0.658	0.589	0.209	0.604	0.364	0.410	0.003	0.528	0.015	-0.177	0.104	0.089	0.372	0.158	1.579	0.285	0.440	-0.095	0.595	-0.083	1.082	0.105	0.212
2	120231070	rs3731600	NA	NA	NA	NA	NA	NA	NA	NA	NA	NA	NA	NA	NA	NA	0.256	NA	NA	NA	NA	NA	NA	NA	NA	NA	NA	NA
2	165381518	rs75536691	NA	NA	NA	NA	NA	NA	NA	NA	NA	NA	NA	0.449	0.269	0.823	NA	NA	NA	NA	NA	NA	NA	NA	NA	NA	NA	NA
2	213687103	rs75179644	NA	NA	NA	NA	NA	NA	NA	NA	NA	NA	NA	-0.269	0.144	-0.193	-1.517	0.583	NA	NA	NA	NA	NA	NA	NA	NA	NA	NA
2	234191103	rs117809958	NA	NA	NA	NA	NA	NA	NA	NA	NA	NA	NA	NA	-1.186	-2.184	NA	-1.672	NA	-0.429	NA	NA	NA	NA	NA	NA	NA	NA
3	12385357	rs3963364	2.059	1.046	0.593	1.434	1.916	1.814	0.752	-1.633	0.223	1.318	-0.572	-1.927	-0.379	0.958	-0.006	0.763	0.258	1.101	0.349	0.270	0.172	0.202	-0.268	0.540	0.208	0.795
3	23258614	rs11926494	-0.483	-0.849	0.009	0.243	0.015	-0.695	0.281	0.992	0.815	0.268	0.414	-1.123	-1.508	-1.761	-0.580	-0.852	NA	-1.024	-0.488	0.191	-0.138	-0.521	-0.556	-0.957	-1.075	-0.318
3	114968018	rs6806156	0.814	1.018	0.011	0.745	0.526	0.405	0.501	1.207	0.690	-0.809	1.033	0.027	-0.231	-0.110	-0.828	0.179	0.410	1.339	2.311	1.778	1.765	-0.601	0.661	-0.307	0.451	-0.035
3	121965199	rs9859381	0.274	2.588	1.325	1.360	0.414	0.562	1.904	0.880	1.109	0.416	0.782	0.271	0.418	0.395	0.470	0.480	0.953	0.866	0.336	0.762	0.312	0.056	-0.267	-0.111	-0.005	-0.567
3	123174832	rs60054445	-0.632	0.346	-0.467	NA	-0.356	-0.216	-0.291	0.690	1.005	0.560	-0.020	0.012	-0.242	0.321	-0.527	-0.396	NA	1.503	NA	NA	0.680	-0.109	-0.467	-0.259	-0.385	-0.102
3	124921920	rs12497133	-0.275	-0.170	-0.309	-0.864	-0.549	-0.980	-0.763	-0.873	-0.547	-0.182	-0.589	-0.040	0.072	0.418	-0.210	0.611	-1.027	-1.003	-0.243	-0.353	-0.132	-0.653	-0.808	-0.449	-1.191	-0.843
3	152382352	rs1850421	0.704	0.907	0.441	0.136	0.984	0.692	0.980	0.959	0.876	0.290	1.035	0.623	0.007	0.476	-0.293	0.626	0.980	0.959	1.348	1.121	0.830	0.891	0.406	0.488	0.482	0.016
3	185495320	rs13092876	-0.126	0.738	-0.366	-0.568	-0.081	-0.438	-1.132	-2.016	-2.446	-1.058	-1.001	-2.135	-2.774	-2.723	-1.286	-2.375	-0.489	-0.880	-0.962	-0.390	-0.940	-0.598	-1.171	-0.760	-1.771	-0.550
3	187698333	rs13086331	1.424	2.346	0.447	1.590	1.891	1.200	2.334	0.028	-0.705	0.444	1.548	-0.872	-0.532	-0.246	0.001	-0.841	0.365	0.490	0.312	-0.344	-0.082	-0.634	-0.470	0.085	0.666	-0.652
4	1254535	rs7656416	-0.219	0.068	-0.710	-0.251	-1.026	-0.053	0.233	1.705	2.064	1.665	1.074	0.735	1.170	1.179	1.139	1.357	0.414	-0.941	0.180	-0.126	-0.625	1.525	0.790	0.981	1.160	1.185
4	6303731	rs147834269	NA	NA	NA	NA	NA	NA	NA	NA	NA	NA	NA	NA	NA	NA	-0.084	NA	NA	NA	NA	NA	NA	NA	NA	NA	NA	NA
4	45186139	rs10938398	0.193	0.329	-0.174	-0.090	-0.055	0.069	0.300	-0.283	-0.246	-0.122	-0.532	0.028	-0.618	-0.475	-0.099	-0.130	-0.114	-0.644	-0.606	-0.142	-0.362	-0.564	-1.255	-1.071	-0.589	-0.920
4	71844118	rs28599782	-0.780	-1.018	-0.827	0.475	-0.721	-1.116	-1.356	-1.070	-1.083	-1.422	-0.660	-0.277	-0.252	-0.972	0.346	-0.634	-0.577	1.929	-1.499	-1.734	1.680	-0.922	-1.414	-1.591	-1.226	-0.663
4	85339618	rs117624659	NA	NA	NA	NA	NA	NA	NA	NA	NA	NA	NA	NA	NA	NA	-0.460	NA	NA	-0.104	NA	NA	NA	NA	NA	NA	NA	NA
4	153520279	rs10011838	0.951	1.504	0.911	1.856	1.233	0.160	0.369	-0.080	0.745	0.695	0.424	0.349	NA	NA	NA	0.474	-0.041	-0.476	-0.384	-0.377	-0.100	-0.100	-0.427	-0.439	-0.109	-0.255
5	14768092	rs6885132	-0.398	0.236	0.422	0.268	-0.312	0.785	-0.099	0.058	-0.939	-1.177	0.182	-1.076	-1.465	-1.270	-0.800	-1.451	-0.936	0.196	-0.559	-0.331	-0.946	-1.615	-2.051	-1.384	-1.040	-1.411
5	36257018	rs16902871	NA	NA	NA	NA	NA	NA	NA	-0.758	-1.170	-1.170	NA	-1.318	-0.454	-0.534	0.554	-0.519	NA	NA	NA	NA	NA	-0.313	NA	NA	NA	NA
5	50079603	rs74334916	NA	NA	NA	NA	NA	NA	NA	NA	NA	NA	NA	1.244	-1.871	-2.237	-2.466	-0.516	NA	NA	NA	NA	NA	-0.356	NA	NA	-2.026	NA
5	51751574	rs12109081	-0.473	0.501	0.117	0.313	-0.147	-0.018	0.314	-0.251	-0.085	-0.107	0.182	0.516	1.164	1.445	1.647	0.116	0.171	-1.136	0.394	0.355	-0.326	0.339	-0.204	-0.148	-0.532	-0.033
5	55810305	rs256904	-1.424	-0.636	-0.729	-0.748	-1.324	-1.023	-1.057	-0.601	-0.901	-0.178	-1.143	0.497	-0.730	-0.180	-0.190	0.234	-0.945	-0.026	-1.059	-1.352	-1.769	-0.537	-0.865	-0.775	-0.796	-1.032
5	74574984	rs2126736	0.715	0.289	0.848	-0.462	0.125	-0.136	0.659	-1.662	-1.563	-0.696	-1.280	-1.320	-1.130	-0.879	-0.994	-1.208	-1.594	-0.978	-1.646	-1.636	-1.711	-1.135	-0.332	-0.899	-1.329	-1.099
5	95848503	rs6556925	-0.869	-0.871	-1.621	-0.551	-1.490	-1.025	-1.133	-0.492	-0.409	-0.185	-0.408	-0.713	-0.904	-1.410	-1.161	-0.624	0.065	-0.596	-0.121	-0.341	-0.472	-1.853	-2.373	-2.184	-1.775	-2.055
5	133864599	rs329122	0.399	0.362	0.130	0.356	0.375	0.048	0.068	-0.229	0.335	-0.266	0.151	-0.241	-0.412	-0.567	-0.405	-0.428	-0.086	-0.089	-0.923	0.367	-0.269	-0.654	0.610	-0.605	-0.326	-0.999
5	176513896	rs3135911	-0.432	0.781	-0.102	0.680	0.018	0.049	-1.145	-0.081	-0.529	-0.115	-0.648	0.013	-0.459	-0.709	0.410	-0.168	-0.243	-0.241	-0.385	-0.417	0.181	-1.183	-1.183	-0.994	-0.994	-0.937
6	7231843	rs9379084	NA	NA	NA	NA	NA	NA	-1.143	-1.651	-0.484	0.319	-1.420	-0.080	-0.494	-0.503	-0.526	-0.809	-1.074	-0.085	-0.831	0.045	-1.012	0.123	0.513	-0.277	0.457	0.874
6	20683164	rs9350271	-0.794	-0.351	-1.203	0.212	-0.985	-0.694	-1.361	-1.480	-0.690	-0.318	-0.702	1.356	1.743	1.981	1.435	1.973	-0.344	0.233	-0.864	-0.815	-1.059	-0.341	-0.831	-0.611	-0.741	-1.019
6	34214670	rs4711389	NA	-0.607	0.040	-1.003	0.397	-0.465	-0.627	-1.224	-1.497	-1.594	-0.516	0.067	0.550	0.594	-0.302	0.128	-0.853	NA	-0.325	-0.455	0.583	0.740	NA	0.099	0.979	0.280
6	39046644	rs742762	1.249	1.811	1.680	1.551	1.365	0.932	1.222	0.182	0.317	-0.403	-0.094	0.339	-0.607	-0.469	0.033	-0.209	-0.751	-0.688	-0.627	-0.991	-0.514	0.333	-0.547	-0.733	-0.364	-0.219
6	50787459	rs62405419	NA	NA	NA	NA	NA	NA	0.333	-0.881	-1.489	-1.425	-0.350	-0.028	0.079	-0.145	0.097	-0.464	1.029	0.948	0.926	0.283	0.649	0.326	-0.191	-0.296	-0.374	-0.085
6	117996631	rs80196932	NA	NA	NA	-0.082	NA	1.347	0.789	0.759	0.455	0.288	0.515	0.824	0.999	0.604	0.727	0.427	0.706	0.338	0.537	0.675	0.071	-0.354	-0.688	-0.587	-0.530	-0.260
6	126964510	rs4273712	0.022	NA	NA	NA	0.127	-0.899	-0.415	0.016	-2.958	0.423	-0.570	NA	-1.186	-0.146	NA	NA	-0.599	0.797	-0.004	-0.545	-0.764	-0.076	0.360	0.175	-0.213	0.124
6	131954797	rs7739842	1.121	1.284	0.032	0.583	1.125	0.958	0.301	0.127	0.074	0.440	0.325	0.423	0.307	0.667	-0.363	-0.212	0.739	1.512	1.023	0.053	0.697	-0.369	-0.120	-0.503	-0.189	-0.629
6	143056556	rs9390022	-0.664	-0.335	-0.184	-0.481	-0.458	-0.420	-1.135	-2.086	-1.008	-0.971	-2.866	-1.283	-1.484	-1.024	-0.716	-0.870	-2.004	-1.203	-1.793	-1.931	-1.692	-0.557	-0.142	-0.755	-0.474	-0.068
7	13886654	rs7787720	-1.647	-1.265	-1.049	-1.896	-1.426	-1.045	-1.359	-1.001	-0.130	0.539	-0.711	0.789	0.040	0.485	-0.043	0.537	-0.697	-0.257	-0.389	-0.765	-0.732	0.949	0.293	0.095	0.157	1.032
7	14898282	rs17168486	-0.754	-0.150	-0.995	-1.051	-1.198	-1.193	0.215	-1.073	-1.067	-0.950	-0.025	0.330	-0.035	0.110	0.721	0.260	1.058	-0.680	0.788	1.084	0.654	-2.003	-1.573	-0.841	-0.206	-1.140
7	28219310	rs3735567	-1.657	NA	NA	0.279	NA	0.575	NA	NA	NA	-0.584	NA	0.607	1.095	0.966	1.179	1.542	NA	-0.809	NA	NA	NA	0.520	0.437	NA	-0.309	-0.108
7	44174857	rs2908279	-1.245	-0.407	-0.360	-1.033	-0.690	-1.112	-1.208	-0.806	-0.177	0.683	-0.258	-2.015	-0.901	-1.107	-1.111	-1.878	-1.390	-1.207	-0.702	-0.089	-1.019	-2.106	-2.107	-1.098	-1.696	-1.057
7	69189726	rs610930	-1.754	-0.059	-1.075	-0.920	-1.399	-0.949	-0.691	0.092	-0.284	-0.447	0.261	NA	0.139	0.180	0.124	-1.184	-0.559	-0.723	-0.819	-0.490	-0.629	-0.725	-1.072	-1.270	-0.549	-0.986
7	93107093	rs2074120	0.049	-0.592	-1.191	-0.972	-0.330	-0.673	-1.657	-0.574	-0.710	-1.145	-0.747	0.466	0.327	NA	0.687	-0.386	-0.594	-0.077	-0.281	-0.249	-0.091	0.010	0.681	0.106	-0.103	0.284
7	102336979	rs75990271	NA	NA	1.422	NA	NA	NA	2.077	1.032	0.886	0.469	1.480	1.418	0.563	0.670	0.422	0.714	1.971	1.237	1.583	1.859	1.671	1.262	1.746	1.593	1.637	1.737
7	126526991	rs117737118	NA	NA	NA	NA	NA	NA	NA	NA	NA	NA	NA	-1.274	-1.001	-1.491	NA	-1.243	NA	NA	NA	NA	NA	-0.262	NA	NA	NA	NA
7	127253550	rs2233580	NA	NA	NA	NA	NA	NA	NA	NA	NA	NA	NA	NA	-1.675	-2.025	-1.652	-2.417	NA	NA	NA	NA	NA	NA	NA	NA	NA	NA
7	127761917	rs61342118	NA	NA	NA	NA	NA	NA	NA	NA	NA	NA	NA	-1.318	-0.746	-1.311	-1.425	-1.399	NA	NA	NA	NA	NA	NA	NA	NA	NA	NA
7	157024510	rs1182444	0.427	-0.253	-0.901	0.084	0.452	0.616	-0.775	-1.407	-1.042	-0.682	-1.060	-1.411	-0.779	-0.769	-0.585	-2.109	-1.041	-1.908	-1.028	-0.535	-1.008	-1.757	-0.296	-1.508	-1.314	-1.496
8	17927609	rs34642578	NA	NA	NA	NA	NA	NA	NA	0.096	-0.088	-0.858	0.906	0.042	-0.149	-0.003	0.482	-0.225	1.511	1.218	1.389	2.629	1.462	1.478	NA	0.765	1.568	NA
8	36832310	rs56687477	NA	NA	-1.741	NA	NA	-0.071	NA	-1.399	-1.096	-0.401	-1.847	-1.108	-1.428	-1.576	-1.205	-1.703	-1.018	-1.044	-0.599	-1.274	-1.397	-1.129	-1.239	-1.714	-1.655	-1.248
8	37391203	rs4739515	-1.733	-1.308	-1.840	-1.530	-1.690	-2.140	-1.101	-0.567	0.771	0.773	0.214	0.880	0.566	0.700	0.553	1.062	-1.691	-0.066	-1.366	-1.439	-2.495	-0.240	-0.009	0.211	-1.132	0.091
8	38343012	rs328301	-0.885	-0.530	-0.836	-0.876	-0.177	-0.669	-0.627	0.345	0.557	0.754	0.440	0.376	0.730	0.388	0.470	0.381	0.389	0.885	0.582	0.596	0.814	-0.287	0.156	0.036	-0.458	0.141
8	73503743	rs349359	-0.281	0.083	-0.375	-0.052	-0.509	0.546	-0.357	1.689	0.436	0.146	1.072	0.568	-0.877	0.107	-0.513	0.210	1.055	1.509	1.180	0.356	0.733	0.398	0.335	0.882	0.452	0.477
8	75214398	rs149265787	NA	0.611	0.267	NA	NA	0.457	NA	-0.595	-1.399	-1.456	-0.849	-0.300	-0.314	0.174	NA	0.203	NA	-1.256	1.320	1.161	NA	NA	1.200	-0.076	1.111	0.800
8	95960886	rs896852	-0.146	0.417	-0.078	0.482	0.113	-0.018	-0.346	-0.791	-0.655	-0.474	-0.250	-0.573	-0.413	-0.664	-0.520	-0.493	-0.297	-0.583	-0.079	-0.337	-0.186	-0.248	-1.053	-0.868	-0.897	-0.861
8	118184783	rs13266634	-0.995	-1.461	0.108	-1.901	-0.923	-0.574	-1.697	-1.461	-1.188	-1.351	-2.772	-2.068	-1.168	-1.554	-1.046	-2.386	-2.476	-2.012	-2.275	-1.426	-2.662	-1.635	-1.354	-1.388	-1.527	-1.410
8	126471274	rs60089934	-1.108	-0.453	-0.253	-0.644	-0.124	-0.232	0.091	-0.662	0.743	-0.889	1.038	-1.860	-1.584	-2.104	-1.733	-2.056	0.427	0.141	-0.478	0.104	-0.440	-0.247	-0.528	-1.041	-1.466	-0.825
8	132879795	rs73708054	0.225	0.381	0.115	0.057	0.087	0.081	0.646	1.488	0.250	0.538	1.026	0.413	0.534	-0.019	0.634	0.285	1.296	1.446	1.539	2.242	1.580	1.510	0.995	1.594	1.021	1.208
9	1032567	rs1016565	0.855	0.285	0.440	0.649	0.085	-0.912	-0.166	-0.454	0.523	0.822	-0.794	-0.373	-0.385	-0.523	-0.487	-0.337	-1.263	-0.545	-0.882	-0.834	-1.468	-1.264	-1.493	-1.421	-1.763	-1.426
9	4290085	rs4237150	0.805	1.267	0.940	0.794	1.177	0.730	0.428	0.412	0.037	-0.529	0.043	-0.033	-0.035	0.004	0.090	-0.078	-0.892	-0.430	-1.097	-0.571	-0.316	-0.964	-1.681	-0.808	-1.095	-0.474
9	22132878	rs10965248	1.251	1.417	2.343	0.989	1.671	0.665	1.138	2.620	2.497	1.859	1.566	0.757	0.527	1.056	0.503	0.892	2.062	1.463	2.393	1.794	2.140	1.587	2.228	1.882	3.053	2.812
9	81917127	rs1328412	-0.567	-0.309	-0.724	0.066	0.086	-0.533	1.184	-1.391	-2.172	-2.619	-0.772	0.244	-1.124	0.329	-0.667	-0.697	0.209	-0.363	-0.026	-0.402	-1.479	-1.472	-0.740	-1.222	-1.347	-1.066
9	84308948	rs2796441	1.005	0.443	0.670	0.577	0.921	0.739	0.266	-0.067	-0.115	-0.710	-0.303	-0.661	-0.953	-1.107	-1.185	-0.950	-0.230	-0.033	-0.160	-0.035	0.692	-0.142	0.381	-0.086	0.133	-0.135
9	98278413	rs113154802	0.814	1.308	0.309	0.903	0.284	0.927	1.362	1.291	-0.105	-0.344	1.072	-0.298	0.873	0.903	0.167	1.341	0.759	0.688	0.507	1.050	0.538	0.926	2.934	1.793	1.642	1.613
10	12309139	rs11257657	-0.252	0.161	0.504	-0.135	-0.202	-0.080	0.889	0.640	0.823	0.191	1.817	-0.189	0.390	1.294	1.330	0.772	-0.324	-0.825	-0.260	0.629	0.303	0.236	0.036	0.470	1.088	0.549
10	23487778	rs77065181	NA	NA	NA	NA	NA	NA	NA	NA	NA	NA	NA	1.416	1.348	1.890	-0.555	1.293	NA	NA	NA	NA	NA	-0.322	0.060	0.029	0.263	0.049
10	77323643	rs191200116	-0.816	0.381	-0.428	-0.913	-0.447	-0.232	-0.699	-0.221	0.408	0.579	-0.227	0.400	0.032	-0.723	0.473	0.765	0.000	0.580	0.481	-0.063	0.402	0.304	0.138	0.875	0.782	0.562
10	89684214	rs1236816	1.005	1.908	1.982	1.584	1.908	1.879	1.814	2.604	-1.177	0.935	2.075	-0.182	0.155	0.937	0.654	0.033	1.001	1.209	0.777	1.274	1.364	1.348	2.327	2.608	1.939	1.548
10	99056921	rs10736116	1.075	0.099	0.361	0.461	0.702	0.337	-0.189	-0.614	-0.051	1.522	-0.663	-0.741	-0.784	-0.600	0.813	0.226	-0.447	-0.620	-0.439	-0.800	-0.468	-1.257	-1.622	-1.369	-1.247	-1.295
10	112678657	rs7895872	-0.247	0.109	0.073	-0.337	-0.478	-0.305	-0.202	1.191	0.267	1.728	-0.194	1.206	1.473	1.348	1.370	0.624	-1.955	0.017	-2.245	-0.850	-0.914	-0.094	-0.191	-0.284	-0.445	-0.028
10	114754088	rs7901695	-0.689	-0.708	-0.367	-0.626	-0.537	-0.678	-0.237	-1.086	-1.170	-1.961	-0.435	-0.520	-0.051	-0.439	-2.043	-0.727	-0.307	-0.449	-0.195	-0.193	0.019	-0.639	-0.521	-1.299	-0.562	-0.690
10	122929493	rs10886863	0.609	-0.157	-1.195	0.317	0.271	0.090	0.283	0.354	-0.306	0.152	-1.308	-0.052	-0.635	-0.212	0.018	0.170	-1.937	0.426	0.294	-2.056	0.005	-2.187	-1.404	-3.419	-1.979	-1.622
11	2203154	rs11043003	-0.026	0.201	-0.382	-0.195	-0.230	-0.091	0.104	0.892	0.274	-0.215	-0.143	1.433	0.833	1.158	0.845	0.939	0.511	1.343	0.533	1.099	0.862	0.935	0.703	0.982	0.805	1.059
11	2858546	rs2237897	1.458	0.469	-0.059	0.607	-0.238	0.894	-0.729	-1.234	-0.402	-0.614	-1.512	-0.821	-0.759	-1.645	-1.279	-1.013	-0.469	-1.831	0.464	-0.726	0.818	-0.484	NA	NA	1.187	NA
11	17415190	rs4148646	NA	1.124	1.584	NA	2.194	2.068	0.676	-0.494	-0.982	-0.219	-0.505	1.618	0.810	0.272	0.701	1.560	-0.211	-0.033	0.459	0.175	-0.155	-0.538	-0.544	-0.416	-0.309	-0.646
11	27729505	rs4922793	NA	0.264	-0.368	NA	NA	0.495	0.016	0.153	0.185	0.507	-0.340	-0.559	-0.400	-0.739	-0.131	-0.563	0.132	0.092	0.493	0.121	-0.003	-0.076	0.546	0.894	0.211	0.213
11	72463435	rs7109575	0.411	1.262	NA	2.163	0.741	0.926	1.079	0.117	0.215	0.034	0.885	-0.235	1.027	0.156	-0.119	0.745	0.944	-0.775	0.209	0.655	1.024	0.446	0.610	0.594	0.436	0.444
11	92708710	rs10830963	0.080	1.042	NA	-0.291	-0.728	0.124	0.372	0.286	0.568	0.942	-0.336	-1.239	-1.178	-1.599	-1.151	-1.392	-0.088	-0.028	-0.539	-0.274	-0.307	-0.958	-1.028	-1.057	-0.920	-0.720
12	4381981	rs7304270	0.203	0.516	1.279	0.553	0.541	1.215	0.806	0.878	0.689	0.001	0.802	-0.166	0.265	0.086	0.183	0.076	1.442	0.682	0.511	0.966	-0.484	1.008	1.152	1.025	1.120	1.247
12	27963402	rs3751236	NA	NA	NA	NA	NA	2.376	0.537	-1.586	1.897	0.363	-0.746	-0.454	-0.624	-0.008	-0.415	0.226	-0.209	0.936	-0.868	-0.276	-0.537	0.478	-0.168	-0.457	-0.726	0.026
12	31441179	rs80234489	NA	NA	NA	NA	NA	NA	NA	NA	NA	NA	NA	-0.665	-0.990	0.175	-0.480	0.708	NA	-0.387	NA	NA	NA	-0.356	0.012	-0.030	-1.143	-0.192
12	50269863	rs77978149	NA	NA	NA	NA	NA	NA	NA	NA	NA	NA	NA	-0.832	-1.302	-1.561	-2.457	0.443	NA	-0.911	NA	NA	NA	NA	NA	NA	NA	NA
12	66232810	rs2583934	1.097	0.788	0.966	0.442	0.898	0.584	-0.708	-1.561	-0.600	-1.968	-1.726	-0.043	-1.639	-1.088	-1.615	-0.810	-0.761	-1.453	-0.899	0.567	-0.931	0.514	0.753	0.269	-0.448	0.767
12	71449521	rs7313668	NA	0.930	0.285	NA	0.913	0.425	0.138	0.895	-0.091	-0.134	1.261	0.578	1.120	0.907	0.925	0.778	-0.710	0.106	-0.396	0.016	-0.452	1.487	0.530	1.571	1.383	1.298
12	97850215	rs10860209	0.873	0.733	1.304	-0.216	0.371	0.550	0.824	-1.887	-1.421	-0.941	-0.881	-2.087	-2.126	-1.778	-1.567	-1.609	-1.732	-0.561	-1.836	-1.453	-1.209	-1.585	-1.489	-1.620	-1.247	-1.173
12	108629780	rs1426371	NA	NA	NA	NA	NA	-0.039	0.558	-0.513	-0.157	0.809	-0.958	-1.046	-1.005	-0.709	-0.901	-0.956	-1.639	-1.360	-0.849	-2.240	-1.647	-1.828	-1.829	-1.705	-2.213	-1.320
12	112736118	rs77768175	NA	NA	NA	NA	NA	NA	NA	NA	NA	NA	NA	NA	-1.835	NA	NA	NA	NA	NA	NA	NA	NA	NA	NA	NA	NA	NA
12	114123722	rs7307263	0.558	0.809	0.333	0.695	0.542	0.074	-0.489	0.776	0.078	1.709	-0.382	1.122	0.520	0.586	0.156	0.805	-0.476	0.054	-0.242	-0.187	-0.150	-0.565	-0.105	-0.152	-0.695	-0.524
12	118400856	rs111246699	0.387	-0.000	0.568	0.467	0.205	0.397	0.464	0.572	0.818	0.786	0.286	-0.578	-0.337	-0.874	-0.567	-0.322	0.377	-0.685	0.594	0.664	0.733	0.283	0.799	0.031	-0.104	-0.335
13	22589883	rs9316706	0.909	-1.112	-0.499	0.206	0.607	NA	NA	1.588	1.867	0.635	0.580	-0.147	-0.613	-0.629	-0.954	0.176	-0.170	0.826	0.787	NA	NA	0.805	1.226	1.115	1.077	0.340
13	33557173	rs7983505	-1.583	-1.327	-0.891	-0.746	-1.566	-1.442	-1.631	-0.519	-0.841	-0.811	-0.029	0.875	0.417	0.193	0.877	0.092	0.555	-0.260	0.567	0.766	0.849	-0.328	0.227	-0.058	0.538	-0.363
13	51088809	rs123378	-1.220	-0.941	-1.657	-0.919	-1.044	-1.270	-1.500	-1.518	-1.718	-1.497	-0.844	-0.027	1.700	1.442	1.352	0.979	-0.165	-0.387	-0.479	-0.611	-0.302	-1.090	-1.070	-1.075	-1.123	-1.072
13	80707429	rs1215468	-0.825	-0.347	-0.995	0.694	-0.274	0.126	0.045	0.531	0.887	1.187	0.509	1.672	1.454	1.917	1.190	1.637	0.971	0.328	0.948	1.671	1.735	0.362	0.327	0.574	-0.275	0.814
13	91949562	rs9515905	-0.030	0.762	0.351	0.430	0.020	0.648	0.557	1.275	1.305	1.247	1.383	0.814	0.893	0.703	0.938	0.545	0.588	1.582	1.092	1.098	0.485	2.233	2.717	2.490	2.578	2.216
14	24878370	rs12437434	NA	NA	NA	NA	NA	NA	NA	-0.210	-0.120	0.580	NA	-0.802	-1.802	-1.104	-0.994	-1.830	NA	-0.292	NA	NA	NA	-1.740	-1.084	-1.063	-0.582	-1.489
14	38809661	rs61975988	0.201	1.957	0.007	1.610	0.303	1.593	0.192	-1.250	-2.200	0.673	-1.265	-0.520	-0.194	-0.151	-0.570	-1.137	-0.378	-0.575	-0.533	-0.931	-0.552	0.058	-0.395	-0.322	-0.305	-0.324
14	77382503	rs58524310	-0.941	-0.474	-0.600	-0.272	NA	-0.975	-0.211	0.461	1.032	0.709	0.917	1.761	2.376	1.793	1.930	2.475	0.028	-0.695	0.082	0.307	0.590	0.845	0.059	0.640	0.991	0.586
14	101255172	rs73347525	-0.300	-0.344	-0.098	-0.465	-0.030	-0.145	0.167	0.367	-1.164	-1.214	0.611	-0.563	0.188	0.462	-0.229	-0.074	-0.003	0.589	-0.454	0.078	0.529	1.078	0.210	0.873	0.704	1.228
14	103237952	rs55700915	-0.856	-0.344	-1.230	-0.696	-0.649	-1.133	-0.851	0.150	-0.450	-0.996	-0.101	-1.392	-0.086	-0.432	0.973	-0.517	1.584	0.326	1.611	0.629	0.578	0.506	1.185	0.648	0.663	0.202
15	28546173	rs76704029	NA	NA	NA	NA	NA	NA	2.063	0.787	NA	0.549	0.779	NA	NA	NA	NA	NA	NA	NA	NA	NA	NA	NA	NA	NA	NA	NA
15	38828140	rs8043085	0.355	0.594	0.066	0.391	0.381	0.247	0.576	1.084	1.112	0.437	0.843	0.319	0.235	0.985	0.265	0.450	1.215	2.437	1.591	0.545	2.106	0.932	1.271	1.211	1.653	0.865
15	40615872	rs12907887	0.618	0.428	0.407	-0.163	-0.334	-0.323	1.350	0.348	0.962	1.116	0.688	-0.404	1.617	0.503	1.485	1.101	1.263	0.925	1.016	0.950	1.374	0.247	0.233	0.289	0.342	0.886
15	62394264	rs8037894	-0.712	-1.014	-1.454	-1.095	-1.086	-1.325	-0.404	-0.762	-0.361	1.467	-1.206	-1.116	-1.049	-1.562	0.184	-0.961	-1.434	-1.414	-1.030	-1.307	-1.424	-1.110	-0.782	-0.960	-1.137	-0.462
15	68080886	rs4776970	0.251	-0.897	0.736	-0.672	-0.172	-0.703	-0.765	1.328	2.018	0.609	0.537	1.913	2.267	2.029	2.296	1.659	0.933	0.509	0.589	1.328	0.841	1.536	1.602	1.498	1.064	1.086
15	75742095	rs8038760	-0.948	-1.087	-0.957	-0.951	-0.961	-0.264	0.136	0.449	1.454	2.006	0.387	1.021	0.878	0.710	-1.476	0.530	0.674	-0.396	0.706	0.417	0.119	2.850	2.530	2.140	2.071	1.628
15	77776562	rs952472	-2.045	-3.039	-2.185	-2.619	-3.033	-2.716	-2.331	-0.322	-0.364	-1.920	-0.811	-0.911	-0.902	-1.205	-0.672	-1.664	-0.212	-0.563	-0.359	-0.296	-0.135	-0.408	-0.608	-0.809	-0.227	-0.516
15	90428894	rs10852123	1.210	0.979	0.524	0.941	0.612	0.836	-2.300	-0.958	-0.679	-0.297	-1.463	0.157	0.064	-0.363	0.291	0.270	-1.673	-1.097	-0.395	-1.225	-1.175	-1.532	-0.581	-0.887	-1.329	0.270
15	91522253	rs8026714	-0.917	-0.447	-0.781	-0.192	-0.576	-0.932	-1.200	0.411	-0.099	-0.198	1.122	-0.436	-0.925	-0.137	0.217	-0.573	0.930	0.594	0.672	1.593	0.816	-0.274	-0.254	-0.970	-0.803	-0.960
15	93825384	rs61021634	-0.705	-0.883	-1.415	-0.512	-1.953	-0.383	-1.713	-0.667	-1.203	-0.446	-0.147	-3.005	-2.775	-2.865	-3.466	-2.760	-0.897	-0.722	-0.270	-0.018	0.287	-1.363	0.222	-0.985	-0.573	-1.088
15	99366409	rs79826452	NA	NA	NA	NA	NA	NA	NA	NA	NA	0.084	NA	-0.654	-1.953	-1.654	-1.422	-1.040	NA	NA	NA	NA	NA	0.171	NA	NA	NA	NA
16	3647098	rs2240885	-1.360	0.294	-1.385	-1.157	-1.120	-0.129	0.640	1.501	1.311	2.210	2.531	2.227	1.813	1.979	1.466	1.589	1.093	0.814	1.359	1.504	1.178	1.631	0.496	1.192	1.441	1.269
16	20323168	rs117267808	0.057	NA	NA	0.075	NA	1.302	0.272	NA	-1.147	NA	-1.420	0.574	0.372	0.813	0.380	0.670	0.499	0.127	2.215	-0.277	-0.860	-0.575	0.003	-0.169	0.068	0.065
16	53800954	rs1421085	-0.658	-0.480	0.003	-0.845	-0.715	-0.761	-0.834	-0.127	-0.073	0.309	-1.190	-0.160	-0.297	-0.185	-0.721	-0.701	-0.707	0.024	-0.371	-0.926	-1.587	-0.218	0.164	-0.471	-0.092	-0.445
16	72022534	rs12600132	-0.027	0.231	-0.319	0.941	0.130	0.590	-0.245	0.599	-0.288	-0.060	0.211	-0.315	-0.419	-0.596	-0.306	-0.380	0.372	0.429	0.142	-0.224	0.283	-0.858	-0.532	-0.958	-0.589	-1.224
16	73100308	rs6416749	-0.348	-0.094	-0.997	-0.265	-0.936	-0.397	-0.834	-0.606	-0.642	-1.205	-0.058	-1.641	-1.440	-1.464	-0.737	-0.659	0.398	0.976	0.196	0.449	0.196	-0.410	-0.090	-0.361	-0.527	-0.362
16	81534790	rs2925979	1.497	1.992	1.289	2.015	1.251	1.470	2.038	-0.702	0.503	0.156	-1.745	-0.077	-0.022	-0.521	-0.474	0.003	-2.091	-2.435	-2.357	-1.396	-1.657	-0.841	-0.833	-0.774	-0.457	-0.523
17	6953781	rs186568031	-0.393	-0.005	0.262	-0.596	-0.047	1.622	0.952	-0.150	-1.722	-1.726	0.130	-0.053	-0.988	-0.826	-1.171	-1.171	NA	0.911	NA	NA	NA	-0.729	NA	NA	NA	NA
17	29642430	rs7502556	2.274	0.492	0.873	NA	-0.053	1.355	0.866	0.012	0.522	1.031	0.038	0.485	1.748	1.382	1.564	0.546	0.755	-0.450	0.219	0.310	0.216	0.262	0.876	-0.199	-0.095	0.310
17	65641651	rs2706710	0.371	1.363	0.136	1.707	1.022	0.694	0.564	-1.282	-1.335	-0.688	-1.269	0.174	-0.571	-0.761	1.238	-1.333	-1.724	-1.058	-1.770	-1.386	-1.335	-0.735	-0.410	-0.576	-0.814	-1.131
18	57852587	rs476828	0.154	-0.204	-0.206	-0.011	0.073	0.343	0.385	0.575	0.429	0.778	0.230	2.133	1.392	1.719	1.375	2.596	0.722	1.134	-0.010	0.702	0.825	1.904	2.482	2.367	2.781	1.143
18	60845884	rs12454712	0.894	1.479	1.492	0.974	0.691	0.958	1.380	0.299	0.568	0.880	0.310	-0.121	0.043	-0.578	1.115	0.032	0.539	0.821	0.778	0.407	0.541	0.419	0.361	0.763	0.593	0.544
19	7293119	rs8101064	NA	NA	NA	NA	NA	1.884	NA	1.189	NA	NA	NA	NA	NA	NA	NA	NA	NA	1.222	NA	NA	NA	NA	NA	NA	NA	NA
19	22100706	rs142395395	NA	NA	NA	NA	NA	NA	NA	NA	NA	NA	NA	0.187	0.293	0.100	-0.063	-0.495	NA	NA	NA	NA	NA	NA	NA	NA	NA	NA
19	33894846	rs10422861	0.008	0.544	-0.346	0.394	0.036	-0.167	-0.718	-0.901	-0.439	1.048	-0.854	-0.670	0.201	0.082	-0.184	-0.509	-1.150	-0.816	-1.027	-0.803	-1.383	-1.884	-2.300	-1.689	-2.018	-1.580
20	22430241	rs73085586	-0.750	-0.619	0.214	-0.442	-0.576	-0.610	0.132	0.715	0.865	0.305	0.663	-0.434	-0.809	-0.826	-0.904	-0.516	0.975	1.789	1.228	0.965	0.688	1.361	1.295	1.490	0.640	1.106
20	42994812	rs12625671	0.169	0.461	-0.221	NA	-0.522	0.495	0.364	-1.186	-1.504	-1.864	-0.559	-0.189	-0.601	0.096	-0.472	-0.120	-0.009	0.104	0.537	-0.677	-0.368	-0.397	-0.383	-0.833	-0.574	-0.231
20	50155386	rs6021276	-0.876	NA	-2.094	0.595	-0.857	-0.343	-0.936	-0.604	-1.573	-1.606	-0.800	-0.183	-0.323	-0.697	-0.890	-0.568	0.233	-0.504	-0.553	-0.607	-0.695	-1.191	-1.170	-1.285	-1.703	-1.544
22	46313618	rs28637892	-0.712	-0.344	-0.330	-0.477	-0.418	-0.802	-1.064	-0.613	-0.285	-0.368	-1.236	0.381	-0.365	0.424	0.025	-0.367	0.269	0.631	0.185	0.532	0.324	0.119	-0.609	0.368	1.098	0.186
