chr	pos	RSNUM	ESN	GWD	LWK	MSL	YRI	ACB	ASW	CLM	MXL	PEL	PUR	CDX	CHB	CHS	JPT	KHV	CEU	FIN	GBR	IBS	TSI	BEB	GIH	ITU	PJL	STU
1	77944732	rs11162351	-0.335	-0.957	-0.059	0.477	0.535	-0.576	-0.205	0.730	1.556	2.036	0.340	-0.167	-0.420	-0.347	0.448	0.021	0.846	1.547	0.647	0.116	-0.313	0.310	-0.000	0.276	0.278	0.349
1	77945635	rs6695572	1.009	-0.671	-0.242	0.622	NA	-0.032	-0.602	-0.736	0.127	-0.131	-0.975	0.264	0.380	0.071	-0.372	-0.126	-1.680	-1.830	-1.218	-0.061	0.226	-0.743	-0.188	-0.785	-0.440	-0.820
4	46881489	rs62303661	1.543	1.720	2.030	2.607	2.453	2.412	2.441	-0.320	-0.439	-0.751	0.248	0.137	-0.759	-0.542	-0.750	-0.219	-0.321	0.310	-0.158	0.405	0.122	-0.419	-0.770	-0.567	0.098	0.011
4	46974572	rs28588984	2.064	1.095	2.491	1.432	2.704	2.096	1.812	0.571	0.237	-0.109	0.631	1.144	0.801	0.646	0.437	0.380	1.277	1.420	1.381	0.950	1.856	0.742	0.857	0.626	1.132	0.496
4	47133372	rs62305317	0.796	0.318	-0.066	0.085	1.085	-0.401	-0.144	-0.097	-0.137	0.566	0.151	-0.959	0.108	-0.415	-1.307	-1.405	-1.214	-0.673	-0.338	0.005	0.138	-0.635	-0.569	-0.758	0.043	-0.219
4	58371172	rs1441075	0.327	-0.859	0.106	-0.622	0.187	0.041	0.124	0.663	0.269	0.291	0.574	0.682	0.641	1.357	1.750	0.143	0.837	1.244	0.877	0.549	0.759	0.628	0.222	0.238	0.324	0.238
5	1271524	rs11133719	-0.246	0.629	1.553	0.659	0.547	0.170	0.979	0.681	0.309	0.473	1.169	-0.048	-0.212	-0.244	0.116	-0.204	0.970	0.495	0.631	1.091	0.941	0.927	0.869	0.752	1.100	1.089
5	1271661	rs13172201	-1.429	-0.946	-1.188	-0.899	-1.542	-1.019	-1.107	1.002	1.751	1.780	1.208	1.654	1.636	1.664	1.286	1.865	0.690	1.227	0.727	0.358	0.680	1.285	1.191	1.400	1.178	1.166
5	1279964	rs10054203	0.010	-0.259	-0.452	0.969	-0.462	0.251	-0.501	-0.940	-1.371	-1.396	-0.707	-0.268	-0.405	-0.154	-1.007	-0.264	-0.804	-0.882	-1.097	-0.951	-0.703	-0.184	-0.171	-0.664	-0.377	-0.254
5	1287194	rs2853677	1.612	1.663	1.204	1.901	1.710	1.869	1.726	1.689	1.353	2.283	1.188	-0.206	0.530	0.282	1.206	0.006	1.924	1.553	1.900	1.371	1.744	1.439	1.384	1.703	1.685	1.464
5	1287340	rs2736099	0.977	1.193	0.601	1.428	1.014	1.273	1.536	1.493	1.434	1.899	0.947	0.851	0.842	1.367	1.612	0.636	1.770	1.277	1.932	1.087	1.208	1.644	0.868	1.356	1.035	1.034
5	1288547	rs2853676	2.478	2.035	1.167	2.060	2.020	2.048	1.836	1.740	2.088	2.772	1.167	-0.279	0.680	0.744	1.554	0.975	1.490	0.718	2.253	1.559	2.281	1.866	1.589	1.904	2.037	1.592
5	1294086	rs2736098	1.298	1.294	1.801	0.716	2.154	1.088	1.387	1.045	0.636	1.511	0.455	0.499	0.768	0.943	1.422	0.293	0.329	1.046	0.938	0.775	0.940	0.140	-0.373	0.040	-0.144	-0.291
5	1298782	rs2736106	1.172	2.286	1.882	0.371	2.202	0.859	1.532	0.919	0.708	1.802	0.205	0.246	0.348	0.821	1.306	0.028	1.263	0.704	0.772	1.499	1.727	0.250	0.069	0.183	0.380	-0.136
5	1299213	rs2735948	-0.479	-0.806	-0.698	-0.922	-0.881	-0.170	-0.732	-0.044	0.575	1.123	-0.027	-0.463	0.005	-0.596	0.453	0.120	-0.483	-0.279	-0.438	-0.529	-0.944	0.268	0.896	0.430	0.279	0.134
5	1299379	rs2735846	-0.193	-0.755	-0.511	-0.792	-0.450	-0.006	-0.376	0.403	0.279	-0.460	0.148	0.861	0.632	0.095	-0.433	0.580	0.310	-0.418	0.152	0.185	0.288	0.671	0.610	0.030	0.401	0.652
5	1300025	rs2853668	1.902	2.284	1.931	2.258	1.925	1.518	1.788	1.385	1.673	1.418	1.105	2.198	1.654	1.290	0.551	1.644	1.311	1.261	1.084	1.261	1.763	2.277	1.416	1.814	1.841	1.757
5	1300401	rs2736103	2.120	1.679	1.771	1.659	2.303	2.153	1.680	-0.271	-0.033	0.716	-0.343	-0.190	0.980	1.325	1.305	0.550	0.320	-0.299	0.232	0.097	-0.025	0.207	0.580	0.567	0.336	0.363
5	1300429	rs2735946	0.081	-0.084	-0.263	-0.905	-0.131	-0.209	0.060	1.387	0.696	0.457	1.707	0.667	0.761	0.562	1.135	0.735	2.742	1.988	2.094	2.428	2.426	0.616	1.979	0.809	1.221	1.605
5	1300584	rs2735845	0.542	-0.315	0.189	0.639	0.332	1.554	0.346	-1.933	-0.877	-0.750	-2.111	-0.541	0.106	0.658	0.902	-0.275	-1.859	-0.528	-1.890	-1.950	-2.367	-1.212	-0.654	-1.356	-0.860	-1.227
5	1306521	rs7446461	NA	-0.333	NA	0.687	NA	0.253	NA	0.047	0.854	0.081	-0.342	0.123	-0.100	0.172	1.049	0.517	-1.110	-0.108	-0.734	-0.568	-1.156	1.622	1.121	1.049	0.121	1.172
5	1320722	rs402710	0.665	0.264	0.834	0.699	0.298	0.290	0.380	1.122	0.773	-0.748	1.259	1.476	1.161	0.580	0.581	1.044	0.573	0.105	0.490	0.873	0.337	2.166	0.852	2.357	2.034	1.204
5	1349130	rs71575565	NA	NA	-0.986	NA	0.056	0.016	-0.005	0.909	0.542	0.874	0.448	0.858	0.898	1.428	1.161	1.104	0.611	0.522	0.282	0.911	0.785	1.137	1.231	1.370	1.779	1.177
5	1358822	rs6889886	-0.155	-0.381	0.413	-0.696	-0.871	-0.470	0.239	0.772	1.512	1.366	0.511	-0.323	0.670	0.305	0.984	0.450	0.817	0.259	0.517	0.544	0.697	1.630	1.816	1.508	1.759	0.836
5	1359133	rs27066	-0.019	-0.599	-0.815	-1.215	-0.317	0.127	-1.513	-0.950	-0.976	-0.230	-1.462	0.013	-0.520	-0.478	0.390	-0.792	-1.763	-1.155	-1.593	-1.984	-1.976	-0.443	-0.927	-0.680	-0.801	-0.674
5	1360487	rs10050865	0.262	0.062	0.073	-0.212	-0.411	-0.461	-0.107	0.493	1.673	2.118	0.129	1.412	1.065	1.281	1.560	1.098	0.357	0.386	0.367	-0.082	-0.107	1.001	1.128	1.121	1.599	0.738
5	1370832	rs2963265	-1.407	-1.997	0.139	-1.668	-0.641	-0.924	-1.118	-0.208	-0.980	-1.578	0.184	1.110	0.049	-0.023	-0.619	0.748	0.670	1.102	0.742	0.579	0.484	-0.259	-0.825	-0.946	0.143	-0.540
5	53132813	rs62370330	-0.261	-0.686	0.323	-0.327	0.246	0.203	-1.093	-2.010	-0.509	-0.644	-1.340	-1.315	-0.917	-0.275	-0.553	-0.967	-1.738	-1.496	-1.067	-1.653	-1.593	-0.746	-0.551	-0.910	-0.716	-1.257
6	410848	rs2316515	0.209	-0.313	-0.661	-0.118	0.155	-0.035	-0.525	-0.488	0.135	0.932	-0.579	0.321	1.066	0.467	0.787	0.136	-1.013	-0.388	-0.856	-0.769	-0.841	-0.235	0.058	-0.193	-0.530	-0.506
6	109652236	rs13220304	0.708	1.563	1.381	1.506	1.397	1.014	1.067	0.503	0.434	0.768	0.368	1.023	1.026	0.953	0.473	1.200	0.574	0.145	0.462	0.254	0.361	1.331	1.222	1.313	1.555	1.342
6	109661541	rs12528822	0.498	1.493	1.573	1.207	0.922	1.297	1.799	0.697	1.055	-0.042	1.166	2.013	1.333	0.898	0.818	1.517	1.645	0.930	1.546	1.433	1.394	1.769	2.101	1.849	2.033	1.405
6	109673480	rs34292461	-0.736	-0.509	-0.877	NA	-0.660	0.157	-0.708	0.447	0.559	0.283	0.654	1.300	-0.295	NA	-0.854	0.203	0.951	0.948	1.222	0.681	0.246	0.434	1.378	0.246	1.508	-0.496
6	110015093	rs11153213	-0.239	0.878	1.231	-0.059	0.579	1.288	0.655	1.172	0.717	2.330	0.876	1.120	0.390	0.501	0.149	0.981	0.688	0.201	-0.261	0.120	1.436	NA	NA	NA	NA	NA
6	117725578	rs2243378	NA	0.530	-0.467	0.791	0.458	0.533	-0.987	-1.161	-1.501	-0.657	-0.958	-1.083	-1.694	-1.553	-1.412	-1.200	-0.775	-0.387	-1.013	-0.855	-0.385	-0.487	-0.260	-0.727	-0.682	-0.256
6	117768448	rs6941337	-2.603	-1.492	-1.322	-1.858	-2.161	-1.617	-0.761	0.629	0.704	0.849	0.909	0.676	1.473	0.997	0.583	0.709	0.700	0.856	1.854	0.658	1.117	0.117	-0.064	-0.264	0.190	-0.147
6	117810822	rs9387481	2.259	1.517	1.110	1.737	1.574	1.632	0.631	-1.029	-0.679	-0.578	-0.654	-0.707	-0.722	-0.505	-0.018	-0.837	-0.531	-0.520	-1.124	-0.974	-1.326	0.861	0.937	0.993	0.646	0.978
6	117816093	rs4946259	NA	0.181	-0.889	0.524	-0.051	0.062	-1.287	-2.089	-1.290	-0.876	-1.213	-1.404	-1.198	-1.085	-0.791	-1.641	-0.932	-0.748	-1.287	-1.356	-1.334	-0.324	-0.116	-0.012	0.007	-0.156
6	117833361	rs210609	2.690	1.852	0.990	2.530	3.204	1.420	0.852	-0.393	-0.175	-0.357	0.323	-0.813	-0.737	-1.238	-0.336	-1.137	0.278	0.629	0.373	0.065	-0.044	0.318	0.586	0.407	0.700	0.280
6	167366394	rs2769345	0.368	0.438	0.603	0.652	0.707	-0.443	-1.167	-0.747	-0.467	0.127	-1.130	-0.327	-0.955	-0.759	-0.161	-0.362	-1.822	-2.598	-2.282	-2.265	-1.276	-1.332	-1.143	-1.118	-1.192	-0.249
6	167411616	rs239936	0.757	0.693	1.341	2.523	0.802	1.512	1.023	1.261	1.182	2.172	0.910	1.352	0.536	1.597	2.829	2.269	0.756	0.584	0.498	0.556	0.565	0.478	0.124	0.902	1.371	2.444
6	167526096	rs968334	-0.295	-0.665	-0.360	-0.291	-0.046	-0.434	-0.779	0.907	0.343	1.091	0.397	-0.201	-0.164	-0.749	-0.314	0.158	0.402	1.093	0.568	0.303	0.374	0.274	-0.017	-0.058	-0.109	0.053
7	20807770	rs1990164	-1.947	-0.801	-0.920	-0.574	-0.902	-1.110	-0.619	0.043	-0.502	-0.360	-0.217	0.295	0.508	0.891	-0.022	0.370	0.697	-0.048	1.073	1.090	0.996	-0.437	-0.393	-0.493	-0.520	-0.508
7	130720805	rs10265693	0.812	1.126	0.715	0.887	1.137	0.023	0.037	-1.684	-0.778	0.590	-1.062	-0.760	NA	0.361	NA	-2.985	-1.431	-0.578	-1.331	-1.760	-1.473	-0.410	-0.497	-1.065	-0.840	-0.705
8	27337896	rs12548501	-1.846	-1.659	-1.341	-2.264	-2.122	-2.596	-1.489	0.249	0.413	0.773	-0.395	-0.161	-0.930	-1.023	-1.053	-0.727	0.325	0.789	0.087	0.507	0.185	-0.591	-0.841	-0.318	-0.473	-0.342
8	27351738	rs10091679	NA	-1.478	NA	NA	-1.380	-0.720	0.105	0.763	0.500	0.377	0.999	-0.416	0.057	-0.591	-0.755	-1.006	-0.116	0.427	-0.332	1.017	0.341	0.156	0.336	0.339	0.228	-0.007
8	27397087	rs4149254	-1.284	-0.918	-1.447	-1.304	-1.160	-1.724	0.973	0.891	0.703	0.710	0.884	0.326	0.587	0.026	0.252	-0.319	0.779	0.614	0.625	1.093	1.108	0.731	0.304	0.432	0.700	0.301
8	27405809	rs2640726	0.331	0.567	0.167	0.759	0.059	0.135	0.788	1.224	1.117	0.907	0.734	-0.419	-0.566	-0.537	-0.267	-0.521	0.564	0.756	0.586	0.517	0.058	0.754	0.663	1.037	1.065	0.860
8	27406353	rs55986679	-0.965	-1.141	-0.699	-1.050	-0.885	0.366	-0.175	0.883	0.368	0.107	0.023	-1.288	-0.547	-0.781	-1.714	-0.749	0.367	0.015	-0.045	-0.246	-0.635	0.162	-0.088	-0.319	0.253	-0.274
8	27423062	rs4732724	0.672	0.448	0.956	0.559	0.849	1.071	0.866	2.055	1.499	1.075	1.599	1.003	-0.382	0.128	-0.079	0.780	1.708	1.615	1.745	1.434	1.363	1.471	0.792	1.033	1.491	1.336
8	27438306	rs6558008	0.113	-0.023	-0.451	-0.231	-0.423	0.237	1.145	0.996	0.323	0.441	0.663	0.286	-1.366	-1.272	-0.675	-0.187	1.164	0.965	0.854	0.300	0.456	0.354	-0.471	0.460	0.421	0.366
8	32403573	rs7823498	-1.706	-0.004	-0.894	-0.329	-0.998	-1.272	-1.418	-1.561	-1.154	0.396	-1.513	0.155	1.482	1.489	2.565	0.644	-1.725	-0.703	-1.416	-1.338	-2.531	-1.245	-1.403	-1.282	-1.121	-0.759
9	11075271	rs6474620	-0.909	0.190	-0.386	-0.069	-0.621	-0.115	-0.947	-1.992	-2.135	-1.126	-0.280	0.183	-0.335	-0.191	-0.290	-0.109	0.279	-0.923	-0.242	0.022	-0.551	-2.127	-1.559	-1.150	-1.088	-1.950
9	11150966	rs1889340	0.066	-0.545	-0.132	0.199	-0.067	-0.296	-0.989	-2.211	-1.301	-0.678	-0.769	0.534	0.185	0.388	0.611	0.109	0.210	0.494	0.187	-0.246	-0.207	-1.457	-1.324	-1.275	-1.364	-1.711
9	21691988	rs71504802	NA	0.018	0.876	1.295	NA	0.926	-0.021	0.061	NA	NA	NA	-0.264	0.966	0.688	NA	NA	-0.726	1.226	-0.314	-0.479	-0.310	0.167	0.705	NA	-1.136	0.376
9	21715557	rs10811593	-1.450	-1.081	-1.025	-1.163	-1.063	-1.216	-0.261	0.414	0.799	0.611	1.030	-0.950	-2.391	-2.522	-1.025	-1.105	0.851	-0.857	1.185	0.520	-0.226	0.620	0.065	-1.556	1.317	0.861
9	21851838	rs7022408	-0.201	0.979	0.804	0.556	-0.297	0.676	0.997	0.788	0.104	0.309	1.470	1.063	-0.427	-1.209	-1.066	1.203	1.418	1.281	1.273	1.370	1.669	0.708	0.824	0.192	1.195	0.176
9	22052068	rs62560775	-0.450	-0.812	0.075	-0.177	-0.999	-1.609	-1.700	-3.432	-1.296	-1.407	-1.066	-0.103	-0.648	-1.813	-0.802	0.839	-1.702	-1.674	-1.858	-0.780	-2.259	-1.103	0.139	0.152	-1.166	-0.878
9	22151465	rs10965256	-1.745	-1.548	-0.469	-1.174	-2.101	-1.826	0.022	0.146	-0.862	0.587	-0.776	0.385	1.686	1.537	1.344	1.815	0.160	0.551	-0.805	-0.951	-0.184	-0.533	-1.122	-0.483	-0.559	0.155
9	110012990	rs56091145	-0.536	0.679	-0.060	-0.088	0.053	0.035	0.422	-0.318	0.763	-0.577	-0.885	0.133	NA	NA	0.097	1.422	-0.566	-0.657	-1.498	-1.118	-0.767	-0.697	-1.103	-0.287	-1.253	-1.367
9	115457856	rs786981	2.252	1.306	1.570	1.376	1.932	2.695	1.351	1.869	0.170	-0.929	0.904	-1.221	-0.184	-0.267	0.156	-1.075	0.260	0.601	0.471	0.877	-0.854	0.525	0.029	-0.421	1.598	-0.121
11	118068949	rs1617182	-1.801	-2.752	-0.370	-2.214	-1.082	-1.381	-1.856	-0.983	-0.973	-1.008	-0.933	-0.153	-0.523	-0.354	-0.919	-0.079	-0.442	-0.495	-0.288	-0.471	-0.599	-0.687	-1.013	-0.519	-0.499	-0.671
11	118084728	rs12286604	1.085	2.384	-0.605	1.305	1.085	0.738	1.210	1.043	0.065	0.602	1.379	0.428	0.784	-0.111	0.829	0.594	1.433	-0.679	1.705	1.707	1.031	2.423	1.978	2.085	1.916	1.824
11	129568492	rs10894117	-0.203	-0.063	-0.055	0.370	-0.142	0.305	0.274	-0.492	-0.610	-0.996	-0.074	-0.134	0.729	0.833	0.243	-0.028	0.062	-0.269	0.009	0.216	0.378	0.425	1.429	0.964	0.648	0.686
12	979721	rs12305739	1.623	1.692	1.453	2.176	2.059	1.316	2.153	-0.559	-1.026	-1.989	0.643	-0.405	0.163	0.006	-0.284	-0.122	NA	0.551	0.103	0.613	NA	-0.219	-0.505	-0.417	-0.215	-0.809
12	998819	rs7953330	-0.677	-0.632	-0.473	-1.163	-0.943	-0.091	-1.155	0.152	0.878	1.719	0.467	-0.040	0.119	-0.218	0.304	-0.360	-0.018	0.278	0.343	0.518	0.913	0.173	0.492	0.508	0.558	0.499
12	1044758	rs7302558	-0.182	0.209	-0.392	0.284	0.026	-0.088	-0.719	-0.511	-0.488	0.108	-0.207	0.612	0.884	0.774	0.493	0.552	-0.185	-0.161	-0.599	-0.359	-0.021	-0.983	-0.937	-0.729	-0.768	-0.918
13	32973276	rs7334543	0.532	0.574	-0.363	-0.185	-0.096	0.406	-0.342	-2.034	-0.735	-1.120	-1.301	-0.439	-0.080	-0.471	-0.225	-0.387	-0.985	-1.303	-1.581	-0.590	-2.213	-0.696	0.511	-0.387	-0.898	0.327
14	35248467	rs11625876	-1.943	-0.979	-1.066	-0.930	-1.368	-2.359	-0.900	-0.643	-0.769	0.034	-0.511	-0.875	-1.268	-1.020	-0.774	-1.074	0.230	-0.078	-1.402	-1.041	-0.654	-0.843	-0.377	-0.618	-0.591	-0.978
15	49285001	rs34895054	NA	0.828	0.835	NA	1.815	0.042	0.273	-1.013	0.214	0.200	-1.212	-0.647	-0.821	-1.226	-0.353	-1.161	-1.541	-1.503	-1.302	-1.820	-2.739	-0.805	-2.674	-1.355	-1.446	-0.857
15	49750407	rs10048065	0.208	-0.038	-0.180	0.435	0.270	0.256	0.088	0.626	0.407	0.451	-0.249	0.085	-1.291	0.355	-0.818	0.646	-0.248	-0.428	-0.097	-0.098	-1.315	-0.139	-0.248	-0.361	0.119	-0.731
15	74905756	rs74925675	0.918	0.188	0.965	0.433	1.294	0.769	1.635	-1.680	-1.272	-2.733	-0.073	0.845	0.485	0.634	0.588	1.075	1.199	2.159	1.263	1.399	0.721	-0.084	0.635	-0.173	0.062	0.327
15	78711803	rs2869030	0.940	0.184	1.005	0.153	0.243	0.875	0.446	0.936	1.407	2.523	1.223	0.789	0.950	0.789	1.296	0.906	-0.227	0.340	0.079	0.119	0.377	0.404	0.839	0.349	0.357	0.646
15	78714561	rs2869032	-0.513	-1.732	-1.382	-1.469	-0.761	-1.435	-1.579	-1.122	-1.379	-2.600	-1.163	-0.918	-1.786	-0.887	-1.881	-1.376	-0.860	-1.010	-0.962	-0.835	-1.594	-0.553	-2.207	-1.346	-1.233	-1.946
15	78719501	rs72736802	-0.126	0.673	0.793	0.232	0.065	0.790	0.597	-0.250	0.563	2.124	-0.019	2.059	0.505	0.646	-0.009	1.116	-1.307	-0.569	-0.473	-1.025	-0.634	0.958	0.526	0.309	0.198	0.580
15	78724469	rs1394371	1.739	1.656	-0.125	0.665	1.097	-0.499	0.262	-1.270	-0.986	0.717	-1.961	1.505	-0.560	-0.332	-1.032	0.979	-3.084	-1.788	-1.844	-2.076	-2.394	-0.882	-0.028	-0.852	-1.630	-0.894
15	78751962	rs12442456	-1.065	-1.051	-1.238	-1.672	-1.156	-2.128	-1.698	-1.197	-2.315	-2.389	-0.978	-2.043	-2.379	-2.000	-2.184	-2.479	0.866	-1.513	-0.522	0.950	0.552	-1.249	-1.118	-1.069	-0.605	-0.766
15	78808235	rs5022780	1.391	0.750	1.128	1.159	1.230	1.668	0.562	0.488	-0.364	1.471	-0.224	0.172	-0.879	-1.013	-1.019	-0.711	0.315	-0.294	0.028	0.769	0.235	0.767	0.804	0.621	0.868	0.428
15	78849918	rs7173514	0.277	-0.994	-0.158	-0.161	0.403	-0.467	-0.678	0.436	-0.848	-1.455	0.039	-0.537	-0.751	-0.460	-0.612	-0.482	0.702	0.539	0.083	1.910	0.555	-1.083	-0.961	-0.615	-0.834	-0.910
15	78865425	rs588765	0.054	0.257	1.234	1.240	0.831	0.480	0.844	1.187	0.481	1.660	-0.056	0.405	0.300	0.111	0.409	-0.518	0.174	-0.104	0.052	1.111	0.629	0.312	0.728	0.349	0.525	0.576
15	78884553	rs76474922	-0.205	0.097	0.091	-0.716	-0.634	-0.389	-0.750	0.947	-0.158	1.313	0.038	0.237	-1.392	-1.547	-0.118	-0.715	0.749	-0.336	-0.007	1.090	0.522	0.657	1.326	NA	1.455	-0.380
15	78896129	rs1317286	0.217	0.840	-0.535	0.149	0.073	0.228	0.527	-0.519	0.286	0.488	-0.285	0.329	0.547	0.547	0.450	0.229	-0.587	-0.574	-0.449	-1.125	-1.096	0.626	0.369	0.333	0.310	0.819
15	78907736	rs12443170	0.055	NA	-0.600	NA	0.400	0.046	0.149	0.230	0.122	1.124	-0.174	-0.498	-0.372	-0.602	-0.923	-1.198	0.917	0.728	0.823	0.962	0.552	-1.352	-0.790	-0.785	-0.909	-0.968
15	78914734	rs8023462	0.636	-0.738	0.663	1.171	0.876	0.282	0.312	0.956	0.693	1.407	0.022	0.796	0.608	0.853	0.455	0.664	0.169	-0.013	-0.213	0.776	0.263	0.283	0.704	0.356	0.493	0.470
15	78920935	rs12593950	0.562	-0.059	-0.092	0.072	0.253	-0.302	-0.059	0.033	-0.697	-1.242	-0.540	-0.763	-0.852	-0.694	-0.677	-0.767	0.889	0.387	0.459	1.458	0.906	-0.779	-0.567	-0.263	-0.456	-0.478
15	78921077	rs7178270	1.396	0.537	1.332	1.247	1.415	0.732	1.139	-0.424	-0.268	-0.733	0.104	0.141	-0.058	0.366	0.081	0.170	0.298	0.605	0.856	-0.291	0.376	0.085	0.086	0.461	0.287	0.349
15	78931057	rs9920506	0.897	0.521	0.433	0.392	0.412	-0.145	-0.081	-0.128	-0.393	-1.113	-0.314	-0.496	-0.756	-0.201	-0.548	-0.961	0.801	0.413	0.748	1.009	0.780	-0.832	-0.729	-0.298	-0.773	-0.660
15	78942159	rs12901971	0.648	1.125	-0.362	0.139	-0.139	0.436	0.575	0.364	0.044	-0.901	0.580	0.213	0.268	0.077	-0.202	0.692	1.323	1.063	0.969	1.605	1.378	-0.225	-0.436	0.332	-0.452	-0.209
15	78944538	rs11633178	0.621	0.502	0.752	-0.204	-0.214	0.706	1.076	1.482	1.014	0.207	1.303	1.459	NA	1.436	NA	1.879	1.259	0.622	0.943	1.989	1.430	0.223	0.402	0.444	-0.082	0.166
15	78946633	rs12594247	NA	0.966	0.545	1.248	NA	NA	0.393	-0.561	-0.580	-1.912	-0.218	-0.462	-1.052	-0.465	-0.841	-1.478	0.793	0.384	0.338	0.973	0.420	-1.060	-1.158	-0.417	-0.862	-0.643
15	78964464	rs76912891	1.045	1.522	-0.259	1.199	0.130	-0.767	0.566	-0.147	0.509	-0.738	0.590	1.168	1.261	1.019	0.591	1.198	-0.492	-0.044	0.304	-0.804	-1.146	-0.862	-1.518	-0.706	-0.288	-0.593
15	78985317	rs28661610	-0.030	-0.613	-0.434	-0.666	-0.406	-0.772	-0.561	0.671	0.263	1.810	0.717	0.095	0.120	0.405	0.183	0.009	1.715	1.052	1.349	1.993	1.337	-0.555	-0.947	-0.052	-0.452	-0.364
15	78987225	rs12593207	-0.551	-1.368	-0.513	-1.674	-1.000	-1.370	-0.806	0.446	-0.157	1.212	0.360	-0.471	-0.897	-0.294	-0.365	-0.699	1.165	0.605	0.960	1.655	0.937	-0.862	-1.111	-0.528	-0.633	-0.725
15	78997922	rs12907178	1.570	2.479	2.012	2.371	2.251	1.399	0.862	0.002	0.684	-1.412	-0.176	-0.164	-0.112	0.041	-0.527	0.276	-0.230	-0.470	0.172	-1.243	-0.411	1.042	1.188	0.263	1.032	0.780
15	79070438	rs12907764	-0.888	-1.882	-0.227	-1.617	-0.632	-0.959	-0.158	1.628	-0.250	-1.354	2.445	0.017	0.006	-0.014	0.634	-0.310	1.497	1.339	1.284	1.588	1.665	-0.042	0.577	0.018	0.547	0.020
15	79105106	rs7182809	1.168	1.722	0.119	1.224	1.209	1.169	0.506	0.427	0.002	0.399	-0.328	0.193	0.014	-0.364	-0.571	1.118	-0.106	-0.754	-0.512	0.200	-0.076	-0.264	0.260	0.049	0.351	-0.381
15	79107355	rs12907065	-0.604	0.111	0.439	-0.050	-0.205	0.058	0.309	-0.738	0.224	-0.021	-0.442	0.012	-0.235	-0.674	1.377	0.901	-0.609	-0.373	-0.160	-0.502	-0.572	0.457	0.493	0.677	0.122	0.894
15	79114453	rs28455815	-0.513	-0.369	-0.188	-0.469	-0.356	-0.171	-0.703	0.611	-0.107	1.295	0.494	0.161	0.086	0.417	0.084	0.340	1.045	-0.059	0.345	0.797	0.626	-0.439	-0.172	-0.319	0.139	-0.407
15	79136110	rs62011028	-0.876	-1.004	-0.569	-1.091	-0.658	-0.794	-1.546	-0.495	-0.598	0.526	-0.498	NA	0.491	-0.067	0.523	-0.174	-0.013	-0.645	-0.377	0.235	-0.174	-0.726	-0.753	-0.234	-0.203	-0.741
15	79167603	rs8029659	-0.288	-0.844	-0.044	-0.645	-0.546	-0.257	-1.058	0.473	-0.042	1.643	-0.009	0.765	-0.389	0.732	-1.015	0.559	0.425	-0.120	0.553	0.910	-0.206	0.181	-0.402	1.162	1.080	-0.009
16	82203758	rs2303262	-1.152	-0.578	-1.878	NA	NA	-1.245	-2.094	0.465	0.150	1.075	-0.663	0.024	0.122	0.029	-0.960	-0.530	0.600	1.109	0.547	0.596	0.827	-0.879	-0.435	-0.193	-0.300	-0.824
17	15376062	rs2954786	-0.400	-1.062	-0.332	-1.238	-0.565	-0.743	-1.166	-0.526	-1.591	-1.348	-1.263	-0.601	0.099	-0.995	-0.025	-0.887	-1.085	0.316	NA	-0.332	1.014	-1.226	-0.786	-1.364	-0.107	-1.106
18	45545720	rs7242462	-0.362	-0.228	0.112	-0.713	0.232	-0.199	-0.137	0.377	0.169	0.012	0.524	0.139	-0.170	NA	NA	NA	1.319	0.807	1.022	1.075	0.332	0.194	0.744	0.543	0.408	0.182
19	41332832	rs73048932	3.756	0.090	2.484	NA	2.313	1.067	-0.081	-1.105	-1.584	-1.173	-1.142	-0.294	-0.417	-0.237	-1.257	-1.358	-1.076	-0.802	-0.739	-1.317	-0.760	-0.406	-0.633	-0.229	-0.245	-0.558
19	41339896	rs12459249	2.109	1.106	1.810	1.634	1.417	1.545	1.138	0.538	0.740	1.170	0.101	0.453	1.288	0.982	1.939	1.477	0.452	0.503	0.036	0.283	-0.300	0.753	0.682	0.569	0.300	0.860
20	61986949	rs2273500	-0.506	-0.594	-0.445	-0.963	-0.219	-0.654	-0.703	-0.332	-0.746	NA	0.475	-0.571	-0.121	-0.171	-0.271	-0.594	-1.702	-0.588	-0.878	-0.947	-0.306	-0.632	-0.212	-0.639	-0.165	-0.347
20	62527305	rs61541144	0.010	0.376	0.313	1.562	-0.124	0.206	1.620	-0.243	0.022	0.141	-0.287	-0.251	-0.670	-0.043	0.050	-0.597	1.458	-0.547	1.344	0.041	0.468	2.468	0.122	-0.516	0.701	0.766
