chr	pos	bstat
1	77944732	720
1	77945635	719
2	65474539	654
4	46881489	621
4	46974572	716
4	47133372	805
4	58371172	894
5	1271524	970
5	1271661	970
5	1276873	976
5	1277577	976
5	1279964	976
5	1284976	976
5	1287194	976
5	1287340	976
5	1288547	976
5	1294086	970
5	1298782	964
5	1299213	964
5	1299379	964
5	1300025	964
5	1300401	964
5	1300429	964
5	1300584	964
5	1306521	958
5	1320722	952
5	1349130	958
5	1358822	976
5	1359133	976
5	1360487	982
5	1370832	982
5	53132813	835
6	410848	894
6	109652236	612
6	109661541	320
6	109673480	305
6	110015093	336
6	117725578	707
6	117768448	715
6	117771530	714
6	117810822	711
6	117816093	706
6	117833361	671
6	167366394	958
6	167411616	940
6	167526096	970
7	20807770	772
7	130720805	939
8	27337896	782
8	27351738	762
8	27397087	778
8	27405809	867
8	27406353	867
8	27423062	875
8	27438306	880
8	32403573	907
9	11075271	993
9	11150966	991
9	21691988	944
9	21715557	932
9	21851838	927
9	21951902	934
9	22052068	879
9	22151465	965
9	110012990	802
9	115457856	746
11	118068949	438
11	118084728	411
11	129568492	939
12	979721	356
12	998819	332
12	1044758	473
13	32973276	451
14	35248467	429
15	49285001	427
15	49750407	404
15	74905756	287
15	78711803	769
15	78714561	627
15	78719501	623
15	78724469	619
15	78751962	544
15	78808235	602
15	78849918	637
15	78865425	612
15	78884553	608
15	78896129	610
15	78907736	613
15	78914734	631
15	78920935	649
15	78921077	649
15	78928264	711
15	78928399	711
15	78931057	729
15	78942159	764
15	78944538	764
15	78946633	768
15	78964464	774
15	78968268	775
15	78985317	783
15	78987225	783
15	78997922	789
15	79043393	779
15	79052135	769
15	79052227	769
15	79058951	754
15	79070182	779
15	79070438	779
15	79105106	804
15	79107355	814
15	79114453	819
15	79136110	819
15	79167603	798
16	82153538	946
16	82203758	939
17	15376062	911
18	45545720	940
19	41332832	794
19	41333284	794
19	41339896	804
19	41353107	830
19	41376777	851
20	61986949	900
20	62527305	804
