chr	pos	bstat
1	1999006	946
1	2326812	929
1	11856378	575
1	15912987	395
1	18774783	928
1	18809916	829
1	23698120	293
1	23699340	301
1	28567101	505
1	43704656	643
1	43734257	619
1	46037394	79
1	47984438	794
1	48050570	881
1	54222571	835
1	56657036	902
1	110076444	424
1	113251461	415
1	150464603	96
1	150618632	88
1	172098794	656
1	172134469	756
1	176064989	788
1	184802062	651
1	205545450	789
1	214732144	878
1	226246663	608
2	15781195	635
2	15782471	637
2	15820492	889
2	20224887	724
2	25755848	705
2	27859351	141
2	40763574	908
2	54507214	696
2	54749228	519
2	54932516	504
2	55031928	617
2	61872634	398
2	67838694	873
2	67864783	871
2	98557575	243
2	103149210	656
2	121940001	952
2	122046743	895
2	135727188	455
2	137062061	880
2	144258900	778
2	152259269	248
2	152479986	173
2	159969339	642
2	164454611	811
2	170208975	845
2	170210277	845
2	176640340	817
2	178121524	532
2	182988448	744
2	208440724	443
2	211132415	485
2	211540507	763
2	211723745	787
2	211765062	819
2	211803160	776
2	211841581	827
2	217573408	943
2	217665788	912
2	226800914	956
2	227006471	937
2	227201709	954
2	227241844	933
2	238687640	835
3	12215656	677
3	38421792	671
3	38527215	377
3	39212907	631
3	48712367	2
3	50525154	10
3	53085280	199
3	121657593	334
3	121835908	669
3	122406140	495
3	124125093	712
3	124247878	617
3	124350073	681
3	126275729	889
3	132438719	554
3	135625498	489
3	135784877	484
3	141136727	496
3	141650645	697
3	141750810	681
3	169158261	742
3	171530481	882
3	171781535	938
3	183318640	675
3	185354216	593
3	185820283	635
4	2852438	657
4	3027321	633
4	3323767	698
4	5785697	970
4	77068016	517
4	77186596	719
4	77198986	717
4	77344665	571
4	77354030	603
4	77362445	719
4	77364126	731
4	77412140	744
4	77418383	759
4	77440267	824
4	77440333	824
4	77458220	840
4	81157098	858
4	81158221	854
4	81182554	797
4	103235640	900
4	103698786	514
4	106043027	851
4	109737253	824
4	115498457	868
4	127890943	841
4	128193674	860
5	528609	952
5	676962	958
5	677776	958
5	1184840	976
5	1188285	970
5	39231954	770
5	39324300	750
5	39377418	578
5	39378115	577
5	39436829	773
5	39456043	802
5	39625116	875
5	40187831	849
5	52661197	871
5	65013192	463
5	67750213	931
5	67815013	907
5	68029078	901
5	68043894	906
5	126641654	637
5	139522328	286
5	142709986	546
5	143087656	820
5	176734855	381
5	176755841	519
5	176813404	583
6	7258523	773
6	16288615	733
6	18868439	870
6	24320571	854
6	24348117	848
6	25867566	554
6	26907831	666
6	27261324	643
6	27314650	620
6	28580121	684
6	28689672	726
6	28792477	740
6	29751231	856
6	29832846	862
6	30451904	846
6	31177776	929
6	31190898	934
6	31222056	934
6	31244520	934
6	31312059	934
6	31315501	934
6	31540556	934
6	31595487	873
6	31722780	889
6	31835164	900
6	32340236	934
6	32342537	934
6	32434349	934
6	32664458	940
6	41629726	911
6	41670769	878
6	43354431	201
6	43412865	278
6	43789681	888
6	43806609	898
6	43806921	899
6	43810021	903
6	43813586	905
6	43821720	905
6	44735285	763
6	45253085	561
6	45587350	844
6	51351128	738
6	51636321	689
6	52740798	917
6	82559127	796
6	108034407	832
6	108951655	689
6	109008158	723
6	118967316	604
6	126245845	648
6	127260497	795
6	131724950	878
6	131882078	829
6	132076328	796
6	149913584	351
6	150164378	450
6	158399002	912
6	159979989	884
6	160568896	809
6	160575985	819
6	160633107	878
6	160669081	809
6	160683146	850
6	160697762	856
6	160700325	856
6	160756435	854
7	1066297	912
7	1271744	964
7	1286567	964
7	1299127	972
7	1325227	975
7	17458747	867
7	32930876	669
7	32946363	711
7	32999601	783
7	46753684	976
7	50739610	893
7	55352841	929
7	65072811	637
7	75612803	666
7	77168277	576
7	77242138	446
7	77422583	334
7	77512098	343
7	77606013	759
7	77607127	783
7	101907824	763
7	128576086	565
7	128701916	537
7	128712868	662
7	129417730	766
7	129454817	748
7	150798980	754
7	151396253	964
7	151396971	964
7	151402790	970
7	151403809	970
7	151412273	970
7	151415536	970
7	151425449	970
7	156139883	988
7	156252939	988
8	6392298	931
8	8142575	907
8	8317615	930
8	8326012	936
8	8432208	936
8	8515752	927
8	8712895	878
8	8983403	893
8	9139828	937
8	9154065	938
8	9259568	905
8	9828939	840
8	10197718	936
8	10239612	935
8	11332026	946
8	11385118	946
8	11490411	957
8	11592717	914
8	23637962	812
8	23734849	758
8	23748420	747
8	23797763	893
8	25935636	910
8	30280065	820
8	32466409	838
8	32525041	823
8	72648090	963
8	86351997	447
8	87305136	639
8	87332552	601
8	95749023	576
8	102667498	845
8	108675074	920
8	110105146	508
8	124556291	899
8	126476873	926
8	132350983	963
8	142205308	835
8	142215982	830
8	142239318	862
8	144517475	893
8	145813457	457
9	1526939	992
9	1699501	981
9	3865097	931
9	4138877	875
9	16878493	868
9	17135115	772
9	22133284	973
9	34095717	401
9	36184897	455
9	71105722	837
9	71152074	815
9	71189353	903
9	71357270	871
9	71365463	828
9	71407550	767
9	71432174	780
9	71443698	787
9	71501151	768
9	71506372	766
9	71513268	769
9	71536579	781
9	71558377	853
9	71584214	857
9	71595523	869
9	71604123	889
9	71613947	894
9	71638671	889
9	77646969	744
9	85071173	874
9	92230747	905
9	92263349	946
9	92269038	946
9	92285323	946
9	95886051	809
9	98940507	881
9	112241370	817
9	119171790	504
9	119192174	595
9	119266695	710
9	119324929	630
9	119350102	614
9	123359549	431
9	125623626	108
9	125874636	213
9	128137418	304
9	132257783	958
9	133504909	701
9	136128467	906
9	136925663	845
9	137360240	994
9	140073294	900
9	140101687	906
10	833755	835
10	1071701	688
10	52646093	878
10	54726056	988
10	63814914	607
10	65314711	489
10	69846367	465
10	69965177	619
10	70982532	747
10	79343778	922
10	93801982	198
10	94143848	351
10	126650186	605
11	983966	867
11	2178330	988
11	2767189	982
11	2787061	982
11	2789062	982
11	2798804	982
11	2892955	976
11	5578558	780
11	5583551	804
11	7877479	777
11	15868595	823
11	30241701	666
11	30577257	754
11	30749090	848
11	30752157	811
11	30804996	674
11	49570587	217
11	66290064	91
11	67474489	735
11	68935552	917
11	69188078	934
11	69391327	946
11	77250912	435
11	77976475	536
11	78037936	545
11	111283670	732
11	121658959	916
12	364083	558
12	540544	789
12	559365	830
12	3351932	976
12	3425881	969
12	14966165	583
12	15307168	847
12	15325031	880
12	48740855	403
12	50510462	233
12	65983158	775
12	76271183	960
12	112582540	33
12	115735505	970
13	27753936	827
13	41381077	692
13	48654455	661
13	51144765	862
13	51444628	883
13	72348768	905
13	72400259	953
13	91991743	863
13	110383656	976
13	111052898	978
14	69437698	771
14	73244469	768
14	73308836	676
14	73339048	627
14	85995608	843
14	93407248	878
14	93407535	878
14	100966561	891
14	105583264	964
15	26260477	994
15	41399951	136
15	45442687	480
15	45620147	416
15	45683795	337
15	45902779	503
15	45938661	595
15	46092747	779
15	50799016	288
15	53844036	783
15	54003091	699
15	75452332	596
15	75664570	165
15	76264167	569
15	76367695	661
15	81273726	807
15	98255969	968
15	99186488	968
15	99276521	939
16	20360101	748
16	20361441	771
16	20372696	802
16	20390734	808
16	20392332	808
16	20410488	840
16	28857645	284
16	51464595	931
16	53189672	179
16	71595022	120
16	71998736	148
16	75654031	492
16	86417539	994
16	89260984	814
16	89632725	809
16	89784992	612
16	89985222	667
16	90053048	783
17	1625892	537
17	2052504	334
17	7537098	302
17	12122051	925
17	19486592	754
17	37047658	740
17	37371141	499
17	37396679	102
17	37555627	48
17	37670994	47
17	37835755	161
17	57475540	294
17	58981156	463
17	59236155	587
17	59451325	797
17	59456589	772
17	59470842	706
17	59471372	702
17	59485393	603
18	5585158	944
18	5956920	931
18	13493183	970
18	59354616	900
18	77150335	964
18	77156537	976
18	77163422	982
19	1167158	988
19	21757375	988
19	22259782	988
19	33349488	580
19	33402419	611
19	36997147	662
19	37389470	666
19	37595835	658
19	37855488	647
19	38115841	633
19	38157969	628
19	38472344	639
19	39287793	628
19	50097607	663
19	50176686	690
20	1395780	866
20	10620275	611
20	33156742	105
20	39622873	575
20	42738911	900
20	51270980	953
20	52732362	969
20	52779925	934
20	56115725	886
20	56160350	940
20	60796473	840
20	62787754	873
21	27774063	969
21	37800374	819
22	25937821	946
22	28188203	850
22	38599857	744
22	38623313	759
22	42388826	237
22	42548880	259
22	42582394	252
22	43095600	749
22	43112961	804
