chr	pos	RSNUM	ESN	GWD	LWK	MSL	YRI	ACB	ASW	CLM	MXL	PEL	PUR	CDX	CHB	CHS	JPT	KHV	CEU	FIN	GBR	IBS	TSI	BEB	GIH	ITU	PJL	STU
1	11856378	rs1801133	-0.405	0.055	-0.973	-0.653	-0.891	-2.218	-1.468	-1.271	-0.313	0.134	-2.962	0.951	-1.237	0.636	1.116	1.199	-4.215	-0.806	-3.868	-3.706	-3.311	-0.994	-2.580	-1.511	-0.930	-1.787
1	15912987	rs10159261	0.120	0.537	0.868	0.425	0.412	0.316	0.232	0.282	-0.014	0.522	-0.532	0.486	-0.198	-0.187	0.860	-0.070	0.134	-0.178	0.055	0.145	-0.763	0.472	0.153	-0.107	0.572	-0.206
1	18809916	rs12061708	0.176	-0.776	-0.602	0.016	-0.558	-0.291	-1.969	-0.631	-1.088	-2.146	-1.357	-0.239	-0.085	-0.167	-0.321	-0.028	-0.947	-0.831	-0.861	-1.318	-0.680	-0.938	-1.157	-1.059	-0.849	-0.676
1	23698120	rs754984	1.260	2.148	0.082	2.393	1.591	1.355	0.587	0.525	0.381	-0.203	1.251	-0.090	-0.056	-0.312	-0.588	0.394	0.932	0.138	1.493	0.973	1.389	-0.214	0.238	-0.321	0.100	-0.101
1	23699340	rs2749153	0.759	1.918	-0.688	1.581	1.204	0.839	0.296	-1.482	-0.792	-0.004	-0.634	-0.597	-0.805	-0.510	-0.235	-1.204	-0.245	-0.230	-0.205	-1.194	-0.743	0.230	-0.292	0.310	-0.079	0.294
1	28567101	rs529726	0.320	0.601	0.478	0.205	0.333	-0.703	-0.898	-0.548	-2.015	-1.592	-0.730	-0.277	-0.744	-1.122	-1.095	-0.881	-0.502	0.365	-0.002	-0.595	-0.449	-1.354	-1.008	-0.686	-1.103	-0.687
1	43704656	rs1198975	-0.135	0.817	-1.878	0.384	-0.320	-0.722	-0.954	-0.159	-0.011	-1.084	0.502	1.943	0.433	0.364	0.780	0.863	0.356	0.340	0.440	0.040	-0.368	1.193	-0.217	-0.221	-0.159	0.498
1	43734257	rs12569233	-0.923	-1.137	-0.591	-0.021	-1.360	-1.146	-1.857	-0.785	-1.342	-0.187	-1.428	-1.573	-0.810	-0.962	-1.142	-1.394	-0.721	-0.246	-0.532	-0.403	0.316	-1.880	-0.539	-0.626	-0.865	-0.884
1	46037394	rs659437	-0.902	-0.317	0.090	-0.476	-0.795	-0.281	0.052	0.508	-0.369	0.058	0.453	-0.364	-0.393	-0.447	0.021	0.088	-0.115	-0.633	-0.276	-0.409	-0.393	0.091	0.669	0.642	0.038	0.229
1	47984438	rs647932	-0.658	0.205	0.455	-0.221	-0.166	0.242	-1.211	-1.112	-0.805	-0.748	-0.262	-1.080	-0.687	-0.634	-0.398	-0.697	0.312	1.707	0.856	1.379	0.146	-0.738	-0.337	0.157	-0.142	0.581
1	48050570	rs12094838	-0.484	0.852	-0.280	1.253	0.241	-0.151	-0.516	0.222	0.624	1.004	-0.393	0.468	-1.226	0.009	-0.434	-0.733	-0.493	0.060	-0.442	-0.001	-0.673	0.363	0.267	0.291	-0.152	0.161
1	54222571	rs1183394	0.376	NA	0.267	0.433	-0.197	-0.831	-0.357	-0.416	0.283	0.478	-0.028	-0.047	0.540	0.184	NA	0.098	-0.402	0.237	0.242	0.734	-0.423	-0.983	-0.718	-1.038	-1.013	-1.158
1	56657036	rs6588611	-0.063	-0.530	0.038	-0.217	0.122	-0.069	-0.201	0.221	0.704	-0.567	0.206	-0.139	0.245	0.090	-0.807	-0.007	0.554	-0.432	-0.001	-0.268	0.342	0.261	0.335	0.516	0.156	0.728
1	110076444	rs492557	0.139	-0.582	-0.462	-0.307	-0.471	-0.261	-0.164	2.050	1.639	1.233	1.687	1.104	1.752	1.423	1.566	0.585	2.162	1.932	1.400	2.078	1.897	0.870	1.234	0.989	0.970	1.118
1	150464603	rs7549396	-0.745	-0.882	-0.998	-0.489	-1.005	-0.643	-0.721	-1.936	-2.053	-1.981	-2.055	-0.291	-0.274	0.094	-0.382	0.032	-2.789	-1.278	0.029	-1.584	-1.653	-1.385	-1.663	-1.704	-0.802	-1.188
1	150618632	rs2055975	-0.111	-0.716	0.104	-0.098	0.055	0.385	-0.204	1.166	-0.166	0.473	1.034	0.794	1.004	1.187	-0.691	0.471	0.116	-0.286	0.290	0.656	0.431	1.609	1.442	1.322	0.927	1.390
1	172098794	rs60077625	-0.341	-0.347	0.391	-0.064	0.078	-1.258	-0.670	0.556	0.166	0.216	0.755	2.304	1.370	1.471	0.520	1.441	0.594	0.601	0.582	0.846	1.431	0.946	0.962	0.666	0.016	0.562
1	172134469	rs537444	1.367	2.475	1.079	1.377	1.461	1.846	1.102	0.259	-0.015	-0.328	0.501	-0.869	0.145	-0.344	0.022	-0.405	0.011	1.426	0.666	0.813	0.916	0.799	0.675	-0.103	-0.003	0.780
1	176064989	rs4650934	0.853	0.179	1.018	0.380	0.392	0.541	0.478	0.637	0.055	-2.932	0.804	-1.833	0.150	-0.682	2.425	-1.356	-0.590	-2.396	-3.019	-3.199	-0.134	0.245	0.040	0.440	0.505	1.544
1	184802062	rs603160	1.344	0.367	0.469	0.139	0.579	0.430	0.871	1.606	0.793	0.815	0.331	-0.074	-0.149	-0.075	0.796	-0.184	-0.972	-0.063	-0.526	-0.171	-0.793	1.475	0.564	0.656	0.504	-0.274
1	205545450	rs11240527	0.867	0.429	0.284	1.407	0.783	0.425	-0.197	0.764	0.342	0.888	-0.244	NA	1.251	NA	2.067	0.609	0.261	-0.434	-0.672	-0.079	-0.026	-0.394	0.314	0.118	0.103	-0.003
1	214732144	rs6660643	-0.376	-0.810	-0.463	-0.991	-1.748	-0.910	-1.293	1.100	0.121	0.943	-0.632	-0.672	0.275	0.458	0.210	-1.071	-0.222	-0.838	-0.908	-0.764	-0.631	-0.729	-0.337	-0.532	-1.234	-0.352
1	226246663	rs10915927	-0.333	-0.717	0.592	-0.586	0.143	-0.037	-0.440	-0.018	-0.376	0.402	0.550	0.368	-0.030	0.961	-0.032	0.414	1.155	1.162	1.166	0.988	0.623	0.912	0.795	0.438	0.161	0.627
2	15781195	rs4668951	-0.224	-0.487	0.721	-0.971	-0.181	-0.783	-0.060	-0.207	-0.945	-1.163	-0.406	1.319	0.577	0.181	0.726	0.598	-0.076	-0.560	0.261	-0.474	0.104	0.012	0.514	1.047	0.208	0.167
2	15782471	rs807624	1.719	1.127	2.050	1.239	0.996	0.037	1.273	-0.064	0.587	1.010	-0.020	1.752	0.831	0.851	1.273	1.333	1.012	0.270	1.000	0.254	0.752	0.782	-0.113	0.109	0.266	0.455
2	20224887	rs1191811	0.236	1.627	0.358	0.625	0.595	0.382	0.002	-0.476	-0.161	0.284	-0.152	0.432	0.397	0.261	-0.394	0.596	0.207	0.283	-0.002	-0.398	-1.228	0.690	0.883	1.245	0.984	0.547
2	25755848	rs936012	1.056	-0.044	-0.022	0.513	1.143	1.160	-0.004	0.267	0.360	-0.428	0.324	0.757	0.836	1.092	-0.381	1.120	0.455	1.048	0.649	0.409	-0.024	0.520	-0.063	0.645	0.293	0.591
2	27859351	rs6719175	0.741	1.498	0.030	1.359	0.419	0.631	1.077	0.098	0.885	1.052	0.209	-0.021	0.380	0.506	-0.115	0.527	0.505	0.839	-0.234	0.465	-0.191	0.616	-0.086	0.566	0.197	0.570
2	40763574	rs60625325	-0.835	-0.610	-0.527	-1.316	-0.771	-0.406	-0.074	-0.083	0.253	1.471	-0.053	-0.837	-0.533	-0.754	-0.327	-0.090	-1.931	0.282	-1.553	-0.854	-0.667	0.390	0.361	0.815	-0.017	0.342
2	54507214	rs843716	0.462	0.056	0.741	0.289	0.350	0.873	0.730	1.123	1.402	2.147	1.232	-0.266	1.072	0.456	1.214	0.363	0.998	1.126	1.268	0.662	1.163	0.043	0.076	-0.190	-0.061	-0.040
2	54749228	rs55903525	-0.288	-0.356	-0.284	-0.942	-0.611	-0.605	-0.195	0.533	0.217	0.809	-0.176	0.028	-0.454	-1.185	-0.292	0.145	-0.416	0.535	0.132	-0.619	-0.744	-0.283	-0.878	-0.164	-0.505	-0.670
2	54932516	rs354211	0.647	0.518	1.215	-0.048	1.372	0.755	-0.063	-0.583	-0.620	-1.355	-0.742	-0.153	-1.166	-0.204	-0.299	-0.556	-0.223	-0.157	-0.088	-0.232	-0.043	-0.579	-0.095	-0.735	-0.298	-0.613
2	55031928	rs2567972	-0.102	-0.311	NA	-0.079	0.178	0.205	-0.261	-0.068	-0.777	-0.366	-0.152	-1.172	-1.271	-1.498	-1.222	-0.246	0.230	0.192	-0.262	-0.284	0.283	-0.090	0.419	-0.567	-0.134	-0.088
2	61872634	rs72817439	0.189	1.549	0.063	0.352	0.440	1.167	1.016	0.778	0.513	1.583	0.728	0.549	1.806	1.226	1.131	0.924	0.439	0.645	0.793	0.598	0.264	1.203	1.214	0.969	0.732	0.932
2	67838694	rs2861691	0.152	-1.069	0.345	-0.213	-0.140	1.306	0.827	0.839	1.175	1.952	0.480	0.107	-0.295	0.347	0.076	-0.366	-0.024	0.118	0.362	0.062	0.029	1.018	0.292	0.121	0.091	0.231
2	67864783	rs17034031	0.750	1.996	0.150	1.273	1.041	0.613	0.275	0.596	1.156	1.128	0.881	0.684	0.565	0.946	0.203	1.592	1.594	0.400	0.520	0.393	0.749	1.295	0.772	1.134	1.618	1.164
2	98557575	rs142238274	-2.770	-2.870	-1.738	-2.502	-2.376	-1.273	-1.552	-0.345	0.501	0.191	-1.325	1.644	1.345	0.952	0.750	1.628	-0.981	-1.436	-0.587	-0.529	-0.313	1.800	0.905	0.896	1.078	1.657
2	103149210	rs74560841	NA	NA	0.431	0.477	NA	0.907	0.372	-1.422	0.308	0.789	-0.879	0.200	NA	0.615	0.894	0.468	0.247	-0.661	0.240	0.143	-0.245	0.038	-0.104	-0.290	0.216	0.119
2	121940001	rs4848692	0.318	0.867	0.364	0.185	0.070	-0.521	-0.880	-1.941	-1.107	-0.331	-1.163	-1.151	-0.163	-0.631	-0.943	-0.879	-1.469	-1.877	-1.204	-1.580	-0.953	0.385	0.535	0.680	-0.035	0.489
2	122046743	rs2713245	-0.236	-0.149	-0.140	0.787	-0.672	-0.253	-0.781	-0.373	-0.125	-0.073	-0.827	0.552	-0.457	0.842	0.042	-0.078	-0.828	-1.267	-0.770	-0.789	-0.677	-0.439	-0.908	-0.821	-0.199	-0.157
2	135727188	rs6716446	0.486	-0.790	-0.173	-0.190	0.210	-0.391	-0.554	-1.979	-1.022	-0.966	-0.625	-0.140	0.841	0.548	0.368	0.536	-2.753	-1.984	-2.402	-1.423	0.486	0.675	-0.268	0.508	-1.333	0.346
2	137062061	rs9752385	0.176	0.658	0.611	0.977	0.321	0.702	0.641	0.363	1.107	-1.357	-1.343	-2.054	-2.074	-2.338	-1.150	-1.819	-1.631	-2.227	-1.431	-0.880	-2.401	-0.891	-0.376	-0.792	-0.032	-0.869
2	144258900	rs6430031	1.046	0.259	0.141	0.840	0.891	0.768	-0.146	-0.635	-2.059	-0.067	-0.849	0.200	-0.294	0.285	-0.828	-0.159	-0.227	-0.019	-0.450	0.483	0.233	-0.955	-1.067	-1.488	-1.089	-0.859
2	152479986	rs4664491	1.002	1.362	0.249	1.124	1.248	0.792	1.036	0.146	-0.124	0.133	0.181	-0.205	-0.535	-0.511	-0.678	-0.513	-0.074	0.067	0.332	-0.225	0.023	-0.091	0.537	-0.036	0.177	0.515
2	164454611	rs4668425	-0.795	-0.185	-0.217	0.129	-0.639	-0.607	-0.666	-0.422	-0.206	0.067	-0.757	1.810	0.459	1.515	0.752	1.502	-0.473	-1.084	-0.884	-0.595	-0.458	0.147	-0.902	-0.140	-0.796	-0.715
2	170208975	rs10199676	-0.598	-0.006	0.126	-0.079	-0.330	0.036	0.141	0.737	0.154	0.318	-0.224	-0.803	-1.485	-1.410	-1.145	-1.138	0.560	-0.163	0.363	-0.358	-0.370	0.159	0.423	0.201	0.210	-0.380
2	170210277	rs6721930	-0.788	-0.810	-1.014	-0.734	-1.421	-1.475	-1.695	-2.088	-1.716	-1.193	-1.311	-0.226	-0.662	-0.635	-0.154	-0.400	-0.646	-1.026	-1.061	-0.992	-0.833	-1.420	-1.722	-1.206	-1.160	-0.453
2	176640340	rs17270735	0.356	1.619	1.393	1.179	1.262	0.560	0.371	-0.413	-0.840	-0.445	-0.320	-0.036	0.721	0.476	-0.373	0.337	0.516	0.205	0.338	0.278	0.336	-0.084	-0.564	-0.718	-0.433	-0.645
2	182988448	rs138805393	-0.407	0.132	0.088	-0.458	-0.388	-0.856	-0.067	0.012	-0.428	0.452	-0.040	0.155	-0.534	-0.331	-0.222	-0.731	-0.564	0.224	-0.993	-0.860	-1.208	-1.181	-0.909	-1.207	-1.600	-0.711
2	208440724	rs2551644	1.008	1.359	0.758	0.900	0.314	0.357	0.849	0.895	1.114	0.048	0.873	NA	NA	NA	NA	-0.076	2.170	1.190	1.363	2.134	0.579	-0.507	-0.277	0.441	0.537	0.066
2	211132415	rs1509569	0.024	-0.149	0.478	-0.275	0.487	0.042	-0.144	0.268	0.117	1.212	-0.183	0.475	0.567	0.430	0.918	0.877	-0.143	0.276	0.268	0.235	0.071	-0.204	0.092	0.383	-0.306	0.141
2	211540507	rs1047891	0.538	0.594	0.470	0.262	1.060	0.881	0.453	0.649	0.290	0.509	0.516	1.180	1.002	1.475	1.111	1.421	1.207	0.529	1.300	1.330	0.976	1.177	1.109	1.365	0.851	0.844
2	211723745	rs67225130	-1.361	-0.999	-1.330	-0.476	-1.039	-0.538	-0.009	0.577	-0.634	0.136	-0.605	0.007	0.713	1.067	0.750	0.003	0.068	0.703	0.838	0.335	0.603	-0.283	0.598	0.304	0.235	0.108
2	211765062	rs6743162	0.945	0.081	-0.223	0.441	0.408	0.173	0.456	-0.045	-2.162	-1.855	-0.669	-0.508	-1.150	-1.552	-1.480	-0.565	-0.454	0.612	-0.158	-0.502	-0.456	0.430	0.793	0.723	0.352	0.463
2	211803160	rs12465522	NA	0.453	NA	NA	NA	-0.582	-1.378	-1.105	-0.152	0.014	-0.727	0.619	1.494	1.979	1.014	0.889	-1.301	-1.836	-0.600	-1.197	-1.207	-1.136	-1.921	-1.316	-1.573	-1.172
2	211841581	rs12993590	1.908	0.732	1.276	1.586	2.432	1.644	1.861	2.245	1.917	0.233	1.843	-0.888	NA	-0.459	0.188	-0.203	1.095	1.207	0.427	1.191	0.545	-0.178	-0.461	-0.447	-0.444	0.072
2	217573408	rs12473011	0.461	0.807	1.052	1.437	0.327	1.300	1.151	1.120	0.138	-0.727	0.264	-0.807	-0.394	-0.473	0.235	-0.285	0.774	1.819	1.103	0.458	1.204	1.187	0.924	1.077	1.864	1.221
2	217665788	rs1548945	-0.930	0.306	0.714	0.424	-0.524	-0.859	-0.287	-0.826	-0.533	-0.142	-0.735	-1.278	-1.638	-0.596	-0.072	-1.221	-0.262	-0.306	-1.064	-0.786	-0.642	-0.652	-0.107	-0.461	-1.194	-0.230
2	226800914	rs10933114	1.278	NA	NA	0.066	0.597	NA	-0.069	0.052	0.266	-0.436	0.222	0.212	-0.100	0.353	0.006	-0.199	0.162	0.852	0.760	0.837	0.730	NA	NA	NA	NA	NA
2	227006471	rs6736674	-0.152	0.875	0.056	0.494	-0.549	-0.388	-1.246	-0.192	-0.627	-0.447	-0.079	-0.224	-0.328	-0.206	-0.389	0.074	0.032	-0.442	0.134	0.226	-0.300	-0.926	-0.481	0.027	-0.107	-0.437
2	227201709	rs10933138	-0.128	-0.441	0.417	-0.001	-0.570	-0.293	0.439	1.034	0.956	1.311	1.181	-0.865	-0.787	-0.539	-0.338	-0.379	0.613	1.077	0.584	0.649	0.938	0.470	0.433	0.734	0.370	0.400
2	227241844	rs10202706	0.307	0.179	-0.178	0.814	0.044	0.183	0.240	-0.582	-0.193	0.962	0.313	1.980	-0.020	1.530	1.432	1.220	-0.435	-0.148	-0.083	-0.296	0.487	-0.533	-0.832	-0.966	-1.194	-1.038
2	238687640	rs9808451	-2.961	-3.394	-2.174	-3.125	-2.765	-2.902	-2.658	-1.732	0.481	0.682	-1.876	-0.597	-0.087	0.835	-0.999	-0.391	0.180	-1.898	-0.214	-0.885	-0.514	-2.286	-0.553	-0.133	-0.242	-0.855
3	12215656	rs9808956	-0.604	-1.198	0.521	-0.961	-0.759	-0.152	1.041	2.885	2.347	0.388	2.991	1.212	0.150	0.245	0.552	1.414	-0.284	0.108	1.236	2.038	0.830	1.560	2.440	1.347	1.480	-0.360
3	38421792	rs196376	0.289	-0.803	-0.144	0.112	-0.093	-0.147	-0.383	0.108	0.562	0.721	0.130	0.281	0.302	0.274	0.051	0.202	0.003	0.234	0.032	0.133	0.255	-0.999	-1.138	-1.325	-1.107	-1.422
3	38527215	rs11914389	1.442	0.266	-0.263	0.362	0.351	0.462	1.232	NA	NA	1.334	2.789	NA	NA	1.681	1.817	0.196	3.207	3.019	NA	1.927	NA	2.971	2.649	2.793	2.762	3.236
3	48712367	rs9873726	0.093	-0.730	-0.744	-1.143	0.029	-0.067	-1.093	-0.985	-1.962	-1.151	-0.579	-0.291	-1.720	-1.448	-1.809	-0.544	-0.119	-0.770	-0.751	-0.110	0.267	-1.233	-0.789	-1.191	-2.009	-1.851
3	50525154	rs41499647	NA	0.939	NA	1.270	NA	0.830	0.756	0.615	0.065	-0.426	-0.383	0.408	-0.244	-0.109	-0.586	0.206	0.323	-0.103	0.049	0.852	0.686	-0.264	-0.093	0.283	0.054	0.287
3	53085280	rs750474	0.798	0.036	0.326	1.025	0.095	0.122	0.358	0.260	0.467	1.096	0.165	-0.288	-0.423	-0.625	-0.753	-0.532	0.380	0.694	NA	2.866	0.822	0.526	1.261	0.805	0.841	0.934
3	121657593	rs9868185	1.043	0.230	0.653	0.523	0.367	0.590	0.455	2.823	2.017	2.795	0.812	-1.268	-1.506	-1.591	-1.390	-1.017	0.914	1.984	0.484	1.622	0.914	-0.331	-0.048	-0.277	0.219	0.383
3	121835908	rs2681399	1.368	0.640	0.822	1.226	1.857	1.434	0.823	1.371	1.529	1.685	1.029	-0.151	-0.231	-0.434	-0.464	-0.420	0.916	1.145	1.304	1.090	0.650	-0.547	-0.327	-0.780	-0.163	-0.982
3	122406140	rs16833393	-0.874	-1.923	NA	-2.117	-0.916	NA	-1.097	-0.973	-0.728	-0.325	-0.558	-0.141	0.234	0.314	-0.079	-0.275	0.534	-0.446	0.418	-0.196	-1.536	-1.079	-0.157	-0.582	-0.223	-0.451
3	124125093	rs4422250	-0.019	-0.205	0.476	0.180	0.489	-0.150	-0.330	0.463	0.528	0.015	-0.147	-0.648	-0.197	-0.258	-0.156	-0.603	0.335	0.283	0.541	0.416	0.107	0.143	0.460	-0.056	0.289	0.052
3	124247878	rs332415	0.085	0.464	1.097	0.566	0.561	0.698	0.406	0.096	0.386	-0.183	-0.090	-0.740	-0.731	-0.171	-0.636	-0.463	1.227	-0.623	0.409	0.054	0.332	-0.355	-0.514	-0.662	-0.076	-0.721
3	126275729	rs4679262	-0.173	-0.369	-0.286	-0.044	-0.239	0.190	1.252	1.416	0.648	0.200	1.370	0.979	0.995	1.075	1.264	0.697	1.157	0.163	0.781	1.078	1.232	1.311	1.042	1.651	1.927	1.169
3	132438719	rs12631786	1.756	1.500	1.629	1.509	2.034	1.692	1.464	0.960	0.917	0.667	0.292	-0.444	-0.283	-0.095	0.046	-0.168	0.606	0.249	1.294	0.583	0.656	1.347	1.245	0.976	1.699	1.046
3	135625498	rs9852406	0.045	0.475	NA	1.451	1.045	0.708	0.965	0.298	0.618	1.196	0.004	1.768	2.093	NA	0.823	2.086	-0.276	0.332	-0.086	-0.542	-0.319	0.782	0.171	1.392	0.761	0.962
3	135784877	rs6439622	2.382	1.881	1.466	1.900	2.367	1.705	0.986	0.159	0.198	-0.194	-0.169	-0.637	-0.194	-0.214	-0.144	-0.134	0.338	0.590	0.374	0.126	0.019	0.069	0.007	-0.214	-0.167	-0.116
3	141650645	rs1976634	NA	-1.211	0.923	1.901	0.954	0.857	0.006	-0.855	-0.583	-1.628	-0.988	-0.693	0.328	0.340	-1.552	0.654	-1.357	-1.194	-1.015	-1.606	-1.273	-0.611	0.116	-0.449	-0.568	-0.048
3	141750810	rs1397764	-0.349	-0.721	-0.293	-0.555	-0.444	-0.823	-1.279	-1.014	-0.717	1.715	-0.622	-0.681	-0.065	-0.758	0.104	-0.053	-0.649	-0.402	-0.610	-0.844	-0.509	-0.246	-1.237	-0.809	-0.741	-1.228
3	169158261	rs56273700	0.198	-1.824	-2.994	-0.470	-1.894	-1.408	-0.644	0.464	0.390	-0.570	0.553	1.309	1.393	1.700	1.292	1.315	0.376	-0.173	0.576	0.404	-0.341	-0.065	0.113	-0.124	0.148	-0.182
3	171530481	rs7635003	-0.690	-1.087	0.139	-1.103	-0.341	-0.553	-0.627	-0.836	-0.983	-0.517	-0.805	0.932	0.808	1.260	1.484	1.269	-0.824	-0.605	-0.600	-0.365	-0.765	1.131	0.114	0.996	0.783	1.258
3	171781535	rs8179884	-0.755	-1.523	-2.467	-1.922	-0.866	-1.494	-1.306	-0.426	0.345	0.154	-1.223	-0.834	-1.186	-0.506	-0.243	-0.046	-1.692	-0.640	-1.517	-1.053	-0.944	-1.020	-1.758	-1.211	-1.132	-1.395
3	183318640	rs1973735	-1.655	-1.725	-1.887	-1.734	-2.126	-1.824	-1.954	-1.158	-0.511	-0.380	-0.806	-0.294	-0.044	0.030	-0.526	0.200	-0.569	-1.164	-0.308	-0.544	-0.793	-0.978	-0.678	-0.320	-0.318	-0.174
3	185354216	rs56065557	0.054	0.027	0.356	-0.111	-0.199	0.352	0.345	1.498	0.768	0.403	0.299	-0.607	-0.692	-0.685	0.379	-0.262	-0.069	0.008	0.820	0.357	0.410	0.535	0.545	0.764	0.713	0.226
3	185820283	rs9844949	0.631	2.385	1.104	1.551	0.271	1.174	1.331	-0.654	0.110	-0.489	-0.090	-1.505	-0.062	-0.506	0.303	-0.898	0.042	0.280	0.060	-0.056	-0.193	0.541	0.423	0.058	0.796	0.681
4	2852438	rs2096760	1.745	1.503	2.030	1.445	1.240	1.455	0.481	0.111	-0.425	-0.499	-0.001	1.170	0.661	-0.613	0.730	1.085	-0.372	-0.639	-0.339	-0.646	-0.906	-0.511	-0.980	0.753	-0.084	1.055
4	3027321	rs60566117	-0.175	0.624	-0.996	-0.573	-0.558	-0.596	-0.612	-1.183	-0.714	-0.820	-0.842	-0.511	-0.585	-0.217	-0.211	-0.285	-0.500	0.233	-0.546	-0.732	-0.888	-1.005	-1.114	-0.892	-1.096	-0.685
4	5785697	rs2878427	-0.455	-0.644	-0.169	-0.292	-0.284	0.369	-0.196	-0.779	-0.064	0.372	-0.317	-0.263	-0.206	-0.193	-0.025	-0.266	-0.702	-1.149	-0.652	-0.925	-0.601	-0.096	0.226	-0.137	0.323	-0.265
4	77068016	rs4288034	1.102	0.208	0.963	0.425	0.705	0.257	-0.031	0.123	-0.073	-0.363	-0.196	-0.077	-1.121	0.360	-0.746	1.125	-1.496	-0.433	-0.786	-0.991	-1.466	-1.055	-0.477	-1.551	-1.549	-1.607
4	77186596	rs17236158	1.380	0.919	1.430	2.035	0.869	0.334	0.045	-0.694	-0.703	-0.483	-0.681	0.191	-0.281	0.091	-0.467	0.011	-1.469	-0.266	-0.644	-0.979	-1.367	-0.172	-0.932	-0.131	-0.261	-0.514
4	77198986	rs6812193	-0.071	0.914	-0.073	0.536	0.851	0.560	0.018	0.892	0.959	1.478	0.653	1.329	0.839	0.238	0.520	1.297	0.535	-0.873	0.016	0.185	0.277	-0.214	0.421	-0.652	-0.263	-0.418
4	77354030	rs59136511	-0.031	0.040	0.053	-0.168	0.175	-0.338	0.356	0.552	-0.001	0.208	-0.409	0.277	-0.364	-0.929	0.628	0.161	0.138	-0.580	0.062	-0.641	-0.545	-0.393	0.059	-0.625	0.004	-0.297
4	77362445	rs9998485	-0.991	-1.429	-0.276	-1.394	-0.757	-0.512	-0.161	1.212	0.989	0.635	0.849	0.058	0.752	0.604	0.623	0.438	1.535	1.457	1.566	1.281	1.170	0.727	0.657	1.056	1.008	0.781
4	77364126	rs7677847	1.013	1.459	0.543	1.281	0.797	0.865	0.445	0.270	0.235	-0.333	0.900	-0.129	0.427	0.958	0.568	0.233	1.866	2.239	1.545	1.368	1.800	0.233	-0.313	0.444	0.323	0.463
4	77412140	rs13146355	1.619	1.298	1.377	1.389	0.914	0.360	0.244	-0.986	-0.806	-0.627	-1.018	-0.311	-1.410	-1.429	-0.868	-0.882	-1.250	-0.651	-1.006	-1.075	-0.462	-0.603	-0.037	-0.155	-0.905	-0.422
4	77418383	rs12503749	-0.847	-0.693	-0.135	-0.741	-0.968	-0.148	0.256	0.563	0.379	0.608	0.062	1.601	1.821	1.409	0.869	1.813	0.130	0.169	0.205	-0.417	0.009	1.109	1.078	0.910	0.861	0.815
4	77440267	rs4371638	1.330	1.460	1.472	0.725	0.969	0.673	0.312	-0.066	0.220	0.291	0.139	0.089	0.410	0.594	0.688	0.082	-0.070	-0.080	0.033	0.220	0.238	0.939	0.966	0.753	0.949	0.965
4	77440333	rs11097396	-1.273	-0.831	-0.747	-1.002	-0.763	-1.011	0.277	1.161	0.790	0.557	0.834	0.043	0.384	0.329	0.797	0.247	0.967	0.525	0.751	0.666	0.503	1.181	1.103	0.946	0.943	1.317
4	77458220	rs4504279	-0.091	-0.617	0.354	0.148	-0.215	-0.483	-0.261	0.170	0.266	-0.120	0.579	-0.413	0.838	0.229	0.398	-0.005	1.142	0.971	1.022	1.176	1.692	0.395	0.477	0.615	0.596	0.769
4	81157098	rs6848130	-0.317	0.363	0.203	0.628	-0.018	0.394	0.018	0.398	0.459	0.000	0.593	0.509	-0.035	0.195	-0.340	-0.684	-0.616	-0.468	0.230	-0.647	0.172	0.266	0.622	-0.092	0.363	-0.029
4	81158221	rs17004846	1.200	1.085	0.729	1.156	1.355	0.861	-0.057	1.321	1.036	0.569	1.145	0.818	0.676	1.001	1.178	0.643	-0.017	0.530	0.423	0.011	1.025	0.972	1.114	0.985	1.322	0.815
4	81182554	rs12509595	-1.233	0.258	-0.838	-0.508	-1.290	-1.112	-1.230	0.601	0.177	0.322	0.562	-0.367	-0.843	-0.574	-0.419	-0.476	0.440	0.542	0.568	-0.085	1.400	0.066	1.125	-0.130	0.194	-0.320
4	103235640	rs13118152	0.984	-0.025	1.428	0.800	0.980	1.389	1.489	1.294	1.164	0.900	0.859	1.106	NA	NA	NA	2.119	-0.084	0.193	-0.326	0.170	-0.109	0.582	2.229	1.480	2.101	0.362
4	103698786	rs223471	-0.958	-1.724	-1.446	-1.125	-1.234	-0.786	-1.172	-0.726	-0.441	-0.852	0.920	-1.129	0.189	-0.685	-0.157	-0.443	-0.400	-0.264	-0.594	-0.585	0.596	0.476	0.112	0.454	0.684	0.704
4	106043027	rs67149069	1.097	1.542	0.601	0.955	0.667	0.915	0.425	-1.249	-0.627	-1.390	-1.304	0.627	0.106	NA	1.130	0.101	-1.636	-1.441	-1.972	-1.968	-1.748	-0.078	-0.149	0.069	-0.209	0.197
4	109737253	rs10030360	1.125	1.892	1.246	1.182	0.333	0.925	0.854	0.556	0.197	0.022	-0.293	NA	-0.049	NA	0.990	-0.193	-0.300	-0.439	0.504	-0.009	-0.092	0.624	0.627	1.376	0.686	1.139
4	115498457	rs71606723	1.138	-0.208	0.128	0.198	0.900	0.768	1.143	1.789	1.779	0.595	1.729	0.717	0.465	0.108	-0.015	0.907	1.810	1.009	1.462	1.191	1.656	1.899	1.026	1.280	1.970	1.486
4	127890943	rs12502193	0.252	0.631	0.653	0.291	0.374	1.135	0.111	-0.587	-0.775	0.191	-0.405	-0.425	-1.094	-0.393	-1.284	-0.891	-0.197	-0.024	0.142	0.175	0.108	-1.857	-1.461	-1.182	-1.296	-1.020
4	128193674	rs34241040	NA	-0.899	-1.078	-0.620	NA	-0.401	-0.604	0.074	0.908	1.090	0.455	-0.726	-0.903	-0.661	-0.466	-0.263	0.691	-0.086	0.833	0.549	0.690	-0.834	-1.137	-0.567	-0.329	-0.105
5	1188285	rs11133665	-0.004	0.599	0.605	0.441	-0.721	-0.673	-1.032	-0.299	0.042	0.480	-0.702	-1.029	-0.663	-1.407	-0.448	-1.277	-0.648	-0.391	-0.593	-0.449	-0.456	-1.270	-1.100	-0.951	-1.240	-1.257
5	39231954	rs10512702	NA	-1.716	NA	NA	NA	-0.922	-1.234	-0.481	-0.536	-0.659	-0.549	-1.195	-1.060	-1.634	-2.215	-0.839	0.331	1.474	-0.039	0.471	0.562	-0.718	-0.529	-0.324	-0.157	-0.080
5	39324300	rs261754	0.931	0.266	0.267	0.276	1.219	0.572	0.718	1.474	0.313	1.991	0.975	0.238	0.134	-0.228	-0.017	-0.410	-0.131	-0.050	0.092	1.295	0.842	0.226	0.948	0.948	0.857	0.843
5	39377418	rs2738238	-1.218	-0.736	-0.588	-0.956	-0.914	-1.648	-1.634	-0.663	-0.186	0.800	-0.385	-0.645	-0.303	0.124	0.518	0.426	-0.434	0.098	-0.277	0.655	-0.096	0.212	1.057	0.476	0.078	0.409
5	39378115	rs1362800	-1.424	-1.158	-1.456	-0.563	-1.236	-0.610	-0.773	0.223	0.389	0.316	-0.367	-1.217	-0.519	-1.103	-0.811	-1.070	0.237	-0.134	0.339	-0.653	-0.103	-1.631	-1.634	-1.736	-0.649	-1.287
5	39436829	rs6874904	0.541	0.337	0.452	-0.034	0.290	0.193	0.755	0.854	0.944	0.962	0.437	0.526	0.282	0.337	0.066	0.336	0.508	0.355	0.483	0.639	0.895	0.924	0.794	0.985	0.974	0.973
5	39456043	rs11950916	-0.335	-0.403	0.679	-1.565	-0.580	-0.416	0.206	0.120	-0.001	0.821	1.145	-0.444	0.339	0.398	0.928	-0.659	0.993	1.077	0.146	-0.423	0.322	-0.303	0.113	-0.354	-0.091	-0.079
5	39625116	rs1566617	0.295	-0.157	-0.665	0.445	0.581	0.410	1.188	1.258	1.206	0.445	1.168	0.389	-0.039	0.225	0.193	-0.193	0.993	1.158	1.316	1.203	1.827	1.663	1.518	1.159	0.627	1.338
5	40187831	rs350032	-0.183	-0.588	-0.474	-0.784	-1.354	-0.491	-0.734	0.555	0.602	0.709	0.742	0.854	0.509	0.631	0.020	1.026	0.315	0.154	0.072	0.094	0.199	0.432	-0.174	0.310	0.240	0.384
5	52661197	rs4409046	-1.080	-1.733	-1.910	-1.754	-1.503	-2.106	-2.750	-0.113	0.026	0.672	-1.024	-0.269	-0.851	-0.630	-1.342	-0.605	-0.647	-0.943	-0.723	-1.086	-0.482	-0.642	-1.161	-0.195	-1.176	-0.555
5	65013192	rs13152884	1.180	1.155	0.397	1.129	0.912	1.668	0.936	1.494	2.000	-0.449	0.760	0.972	0.452	-0.151	0.067	0.713	1.161	1.005	0.928	1.948	0.209	1.446	0.981	0.506	0.934	0.771
5	67750213	rs72759880	0.648	-0.451	-0.207	NA	-0.120	-0.199	-0.684	-0.579	-0.013	-1.195	-1.612	NA	0.749	0.054	0.026	-0.352	-0.151	-0.314	-0.173	0.855	0.288	0.290	0.642	0.972	0.673	1.043
5	67815013	rs17257827	1.448	1.025	0.793	1.206	1.108	1.356	1.193	-0.176	1.649	-0.333	-0.625	1.672	0.093	0.422	NA	0.510	-0.146	-0.543	-1.474	-0.100	0.100	0.668	0.070	NA	1.457	NA
5	68029078	rs35239	0.792	-0.257	0.806	0.667	0.646	0.342	-1.715	-0.747	-0.978	-0.730	-1.975	-1.087	-0.734	-1.104	-0.959	-0.742	-1.769	-1.381	-2.181	-0.649	-1.312	0.085	-0.643	-0.265	-0.378	-0.098
5	68043894	rs78660602	0.638	0.241	0.209	0.863	0.804	0.386	-0.583	-1.640	-0.284	NA	-0.953	0.469	0.472	1.166	1.338	0.775	-2.204	-1.939	-1.821	-1.600	-1.931	-0.471	-0.957	0.562	-1.241	0.384
5	126641654	rs2546082	2.465	2.217	1.223	1.906	2.078	2.290	1.693	0.626	0.822	1.011	0.588	1.014	1.028	1.501	1.007	0.844	0.191	0.658	0.106	0.163	0.374	0.991	1.099	0.713	0.543	1.018
5	139522328	rs156089	1.001	1.116	0.860	0.603	0.643	0.143	0.390	0.081	-0.028	-0.439	0.230	-1.624	-0.795	-0.823	-0.365	-0.745	0.221	0.567	0.363	0.526	-0.204	0.302	-0.129	-0.020	-0.182	-0.082
5	142709986	rs33383	-0.927	-0.645	-0.761	-0.877	-0.874	NA	-0.904	0.318	-0.920	-0.153	0.092	1.858	1.315	0.852	2.270	-0.510	-0.407	-0.331	-0.607	0.314	0.110	-0.513	-0.099	-0.287	0.447	0.671
5	143087656	rs867924	-0.323	-0.516	-1.174	-0.953	-0.607	-0.172	0.217	-0.128	-0.129	-1.014	0.295	0.227	0.582	0.985	0.082	0.383	0.743	0.499	0.370	0.845	-0.759	-0.053	-0.038	1.436	1.090	0.168
5	176734855	rs4568379	0.516	1.329	0.809	1.308	0.278	1.113	0.138	0.251	0.281	0.180	-0.243	1.498	1.428	NA	NA	0.271	-0.095	-0.442	0.077	-0.143	0.053	0.363	0.008	0.552	0.395	-0.416
5	176755841	rs6860069	-1.026	-1.071	-0.704	-0.900	-1.074	-0.173	-0.082	1.535	1.374	0.728	1.389	0.829	0.321	NA	-0.242	0.786	2.215	0.799	2.174	2.055	2.231	1.239	1.209	1.263	1.231	0.693
5	176813404	rs3812036	NA	-0.162	-0.143	0.697	0.848	0.250	1.416	0.572	0.706	0.557	1.167	0.580	0.183	NA	0.207	0.037	0.994	0.229	0.969	1.300	1.463	1.548	1.105	1.335	0.845	0.886
6	7258523	rs11759008	0.457	-0.805	-0.441	-1.188	0.113	-0.491	0.731	0.148	0.156	-0.002	-0.264	0.432	0.363	0.479	0.401	0.560	0.122	0.153	-0.131	-0.387	-0.303	0.972	0.919	0.517	0.781	1.010
6	16288615	rs2327958	1.374	0.495	-0.457	0.527	0.690	1.015	-0.453	-1.251	-0.694	-0.140	-1.530	-2.285	-0.469	-1.282	-0.114	-1.157	-1.378	-1.085	-1.664	-1.603	-2.118	-2.030	-2.351	-2.200	-2.009	-2.027
6	24320571	rs2328818	-0.263	-0.084	-0.282	-0.294	-0.953	-1.231	-1.458	-1.871	-2.419	-1.299	-1.473	0.637	-0.486	-0.373	-0.525	-0.154	-2.128	-1.745	-1.675	-1.532	-1.582	-0.797	-1.735	-1.170	-1.567	-1.019
6	25867566	rs1165206	-0.733	-0.679	-0.009	-0.640	0.489	-0.109	-0.344	0.110	-0.115	0.291	-0.878	1.003	0.953	1.299	1.212	0.483	-0.674	0.408	-0.146	-0.463	-1.047	0.120	0.033	-0.312	-0.237	-0.195
6	26907831	rs9379945	-0.070	0.353	-0.748	0.457	-0.272	0.068	-0.597	0.552	0.577	-0.586	-0.995	-0.171	-0.114	-0.079	-1.349	-0.143	-1.009	0.088	-1.506	-0.056	-0.081	0.011	0.212	0.636	-0.208	0.097
6	27261324	rs7746199	-1.229	-1.095	-0.786	-1.805	-2.055	-1.389	-0.851	0.046	1.080	1.366	0.325	NA	1.295	NA	NA	0.661	-1.456	0.512	-0.510	-0.291	0.506	0.979	0.992	1.721	0.887	1.009
6	27314650	rs9348765	0.400	0.492	0.651	0.880	1.183	0.286	0.473	0.960	0.677	1.193	1.270	1.248	0.772	0.796	0.711	1.063	0.487	-0.546	0.945	0.903	0.563	0.799	1.412	0.723	0.840	0.768
6	28580121	rs9357070	0.718	-0.555	0.172	-0.127	-0.141	-0.427	-0.336	-1.028	-0.116	-0.491	-0.748	1.058	0.609	0.193	0.797	0.417	0.485	-0.579	0.536	-0.828	-1.478	-0.567	-0.237	-0.754	0.436	0.016
6	28689672	rs9468413	0.309	0.285	0.482	-0.086	-0.560	-0.138	0.762	1.456	1.614	0.745	0.425	NA	0.589	NA	NA	-0.023	NA	NA	-0.707	-0.068	0.673	NA	1.332	0.573	NA	0.053
6	28792477	rs209181	-1.167	0.167	-1.114	0.296	-1.434	-0.823	-0.257	0.410	0.698	-0.681	-0.877	NA	NA	NA	NA	-0.983	NA	NA	NA	NA	-0.439	-0.992	NA	-0.512	-1.630	NA
6	31177776	rs28744244	1.584	0.876	0.325	-0.046	0.458	0.673	1.427	0.471	0.752	0.179	0.288	0.764	0.145	0.150	-0.699	0.479	1.380	0.967	0.806	0.082	0.790	1.083	1.079	0.925	-0.282	0.518
6	31540556	rs2229094	-0.559	-0.781	-0.489	0.292	-0.478	-0.572	-0.743	-0.239	0.181	-0.228	-0.274	0.536	-0.117	-0.290	0.290	0.263	-0.177	1.942	0.094	-1.117	0.262	1.945	2.243	1.979	2.320	1.775
6	31595487	rs2736171	0.337	-0.516	0.581	-0.635	-0.367	-1.680	0.378	1.183	1.182	0.671	0.454	NA	1.556	1.556	0.496	0.981	0.595	-0.538	1.113	1.440	1.875	0.381	1.436	1.794	0.500	1.533
6	31722780	rs3130486	1.518	0.990	0.656	2.614	1.766	1.475	0.211	0.380	-0.515	-0.871	0.548	0.597	-0.659	-0.562	-0.106	-2.206	-0.319	-1.210	-0.062	0.346	1.275	0.796	-0.163	-0.059	0.342	-0.416
6	31835164	rs693906	-0.716	-1.628	0.371	-0.987	-0.567	0.901	0.094	-0.162	-0.493	2.721	0.320	0.467	1.582	NA	1.803	1.631	NA	1.331	NA	1.468	2.183	0.867	0.562	0.159	1.067	-0.432
6	32340236	rs9268399	-0.483	-1.422	0.758	-0.613	-0.052	-0.478	-0.024	0.141	-0.368	-0.403	0.009	-0.391	0.673	0.906	0.542	-0.121	0.122	0.774	-0.126	-0.216	0.797	-1.007	0.686	0.434	1.296	0.824
6	32342537	rs3129945	0.136	1.204	0.803	-0.126	0.323	-0.346	0.787	0.844	-0.224	-0.021	0.775	-0.397	-0.406	-0.688	-0.554	-1.141	0.309	-0.036	0.480	0.522	0.912	-0.378	-1.055	-0.322	-0.524	0.400
6	41629726	rs6458232	0.606	-0.794	0.208	-0.435	-0.205	-0.646	-0.464	-1.330	-0.018	0.016	-0.718	-1.051	-2.062	-2.211	-1.754	-1.723	-0.958	-0.567	-1.111	-0.862	-1.166	-0.942	-0.791	0.269	-0.651	-0.330
6	41670769	rs4428488	-0.866	-0.271	-0.469	-0.454	-0.463	0.049	0.082	0.129	1.375	1.019	1.274	-0.896	-0.237	-0.356	-0.286	-0.611	0.660	0.662	0.250	0.484	0.204	0.512	0.567	1.410	0.107	0.577
6	43354431	rs1214761	-0.458	-0.085	-1.748	-0.411	0.305	-0.551	-1.669	1.272	1.171	0.011	1.186	1.212	2.058	1.926	1.784	1.803	1.456	3.436	1.573	1.716	2.297	1.257	1.064	1.560	2.261	1.974
6	43412865	rs2125739	-0.325	0.363	-1.067	-0.451	-0.322	-0.346	-0.786	-0.211	-0.162	-0.423	-0.507	0.771	-0.433	-0.491	0.064	-0.563	-0.199	0.009	-0.403	-0.128	-0.535	-0.839	-0.828	-1.240	-1.341	-1.415
6	43789681	rs10948098	1.963	1.617	1.229	1.336	1.344	1.408	1.196	0.549	0.520	0.177	0.868	0.122	0.475	0.477	0.006	0.589	-0.001	0.488	0.782	-0.120	0.569	1.286	1.175	1.140	0.948	1.073
6	43806609	rs881858	-0.377	-0.711	-0.141	-0.079	0.014	0.050	-0.400	1.196	0.791	-0.029	0.257	1.854	1.243	0.932	1.539	1.322	1.443	1.530	1.186	1.737	0.993	0.166	0.623	0.496	0.488	0.177
6	43806921	rs1317840	-0.681	-0.077	-1.355	-0.542	-1.248	-0.477	-0.853	0.740	0.829	1.699	0.520	-0.280	0.058	-0.226	-0.111	0.285	0.400	0.850	0.607	0.094	0.714	0.136	0.467	0.423	1.052	0.721
6	43810021	rs9472136	0.610	0.213	-1.078	-0.246	0.169	-0.527	-0.561	0.121	-0.235	0.918	-0.155	-0.711	-0.305	-0.661	0.417	-0.661	0.165	-0.001	0.152	-0.109	0.671	1.035	0.345	0.737	0.777	1.198
6	43813586	rs11758441	-1.998	-0.240	-1.074	-0.314	-0.325	-1.155	-1.417	-1.062	-0.607	-0.310	-1.131	0.112	-0.065	0.104	-0.319	-0.032	-0.384	-0.878	-0.168	-0.022	-0.565	-1.075	-0.527	-0.299	-1.089	-0.955
6	43821720	rs7357014	0.746	1.231	1.685	0.401	0.964	0.959	1.414	0.520	0.123	1.042	0.585	1.054	-0.101	-0.758	-0.025	-0.809	1.079	1.135	0.866	1.227	0.819	-0.039	0.743	0.668	0.276	0.416
6	44735285	rs4714819	-0.430	-0.523	0.991	-0.579	-0.668	0.376	-0.799	-0.775	0.202	-1.210	-1.037	-1.223	-1.622	-0.590	-0.951	-1.464	-0.687	-0.663	-0.344	-0.704	-1.073	-1.769	-1.756	-1.993	-2.029	-2.436
6	45253085	rs142343743	-0.075	-0.116	-0.759	-0.054	-0.329	-1.239	0.736	NA	NA	NA	2.797	0.573	1.880	0.803	1.135	0.632	1.340	1.975	1.572	0.812	1.653	0.246	0.927	0.205	0.454	-0.903
6	45587350	rs6941890	-1.252	-0.734	-1.402	-1.171	-0.428	-0.844	-0.612	-0.076	-0.510	-0.121	0.061	0.690	1.421	1.494	1.304	1.588	0.682	-0.384	1.109	1.031	0.152	1.191	1.440	1.623	1.385	2.900
6	51351128	rs1418573	0.728	1.034	-0.411	0.772	0.749	-0.400	0.085	0.355	-1.094	-0.068	0.339	0.993	0.842	0.933	0.808	0.636	0.401	0.297	0.482	0.249	0.726	-0.424	-0.022	0.126	0.716	-0.346
6	51636321	rs4711980	-0.083	0.681	0.429	0.061	-0.077	0.039	-0.014	1.428	1.767	1.578	0.212	0.623	NA	0.709	0.307	0.339	-0.093	0.156	0.762	0.167	-0.472	0.910	0.535	0.461	0.523	0.898
6	52740798	rs13219949	NA	1.250	2.665	0.413	1.160	1.023	1.241	1.045	1.443	1.971	0.194	0.897	0.966	1.405	0.064	1.632	0.851	1.705	1.043	0.007	-0.329	2.184	1.802	1.777	1.568	1.593
6	82559127	rs10455395	1.015	1.347	-0.350	0.578	0.777	-0.007	0.061	-1.155	0.396	0.162	-1.218	-1.381	-2.238	-1.593	-1.652	-1.797	-1.239	-0.430	-0.133	-1.096	-0.737	-0.966	-1.578	-1.710	-1.630	-1.077
6	108034407	rs1728127	1.302	1.400	1.281	0.849	1.825	1.261	1.457	1.584	1.635	1.279	1.830	-0.678	-0.999	-0.002	-0.265	-0.456	2.131	1.426	2.494	2.010	1.960	1.074	1.537	1.206	1.425	1.345
6	108951655	rs9285397	-1.225	-2.010	-0.811	-1.749	-1.120	-0.857	-0.774	-0.502	-2.444	-0.975	-0.116	0.008	1.362	1.172	0.925	0.464	-0.996	-0.344	-0.688	-1.778	-1.026	-0.456	-0.315	-0.510	0.078	-0.531
6	109008158	rs1268168	-1.462	-0.611	-1.130	-1.046	-2.018	-0.657	0.277	1.818	0.039	0.424	2.071	1.897	2.326	2.233	3.054	1.721	1.000	1.662	1.391	0.848	1.294	0.577	0.675	0.215	1.127	0.619
6	118967316	rs6909211	0.584	0.084	0.792	-0.089	0.179	0.658	2.635	1.689	1.902	3.714	1.771	1.433	1.958	1.578	1.681	2.065	0.230	1.559	1.344	1.192	1.129	1.937	2.056	1.246	2.193	1.993
6	126245845	rs73588261	-0.898	-1.001	-1.109	-0.280	-0.696	-0.743	0.418	0.521	0.570	0.680	0.219	0.425	1.342	NA	0.909	0.484	0.462	1.357	0.298	0.403	0.158	0.759	1.139	1.113	0.787	1.192
6	127260497	rs1930955	0.885	0.817	0.641	0.826	0.555	0.456	0.279	-0.044	0.970	0.459	-0.211	0.264	-0.631	-0.121	0.757	-0.289	-0.937	-0.977	-0.411	-0.444	-0.716	-0.939	-0.783	-0.605	-1.026	-0.714
6	131882078	rs9375818	0.019	1.227	0.172	0.782	0.406	0.496	0.916	1.466	0.991	0.644	1.403	1.365	1.285	1.610	0.956	1.743	0.802	-0.148	0.262	0.822	0.637	2.119	1.409	1.956	1.237	1.880
6	132076328	rs9493088	-0.642	-0.052	-0.840	-0.332	-1.319	-0.976	-0.777	-1.272	-0.090	0.294	-1.052	-0.519	0.060	-0.391	-0.257	0.071	-1.614	-1.959	-2.757	-1.468	-2.005	-0.244	-0.258	-0.227	-0.252	-0.646
6	150164378	rs2184370	-0.290	-0.374	-0.119	-0.427	-0.204	-0.501	0.462	-0.282	0.247	0.537	0.297	1.758	1.595	1.488	1.354	1.500	-1.121	-0.569	-0.498	-0.596	-0.439	-0.019	-0.722	-0.012	-0.123	-0.177
6	158399002	rs2025641	-0.262	-0.427	-0.298	0.471	-0.076	-0.061	0.079	1.813	1.779	2.797	1.046	-0.035	0.408	0.121	0.778	-0.125	0.304	1.284	0.787	0.317	0.377	0.096	0.476	-0.011	0.591	0.480
6	159979989	rs240885	-0.281	-0.222	-1.044	-0.222	-1.338	-0.936	-0.332	-0.294	-0.041	0.502	-0.113	-0.981	-0.857	-1.051	-0.967	-1.037	0.334	-0.785	-0.396	-0.157	-1.166	-0.143	-0.031	-0.330	0.144	-0.363
6	160568896	rs654993	1.060	0.562	0.351	0.710	0.410	0.619	0.839	0.064	1.267	0.883	-0.011	1.312	1.946	1.790	1.624	1.269	-1.259	-0.513	-0.909	-0.570	-0.577	-0.359	-0.576	-0.017	-0.631	-0.417
6	160575985	rs2297374	1.102	0.542	0.597	0.967	0.593	1.258	0.926	0.556	1.207	1.306	-0.168	0.368	0.169	0.214	0.347	0.370	-0.319	-0.342	-0.943	-0.454	-0.802	-0.397	-0.428	-0.010	-0.105	-0.240
6	160633107	rs148162804	0.557	0.373	1.159	0.361	0.996	1.465	1.208	-0.015	1.412	0.143	0.999	0.465	0.396	0.722	0.481	0.478	-0.926	-0.502	-1.047	-0.858	0.055	0.966	0.335	1.156	0.692	0.725
6	160669081	rs316020	0.096	0.259	0.226	0.027	0.408	0.842	1.180	0.939	0.432	0.934	0.973	0.751	-0.008	-0.128	0.245	0.002	-0.113	1.091	-0.927	0.436	0.342	-0.204	0.018	0.126	0.380	0.272
6	160683146	rs76182445	0.107	-0.374	0.598	-0.762	-0.703	0.043	-1.144	-1.012	-0.242	-0.786	-0.373	-0.394	-0.283	-0.495	-0.465	-0.412	-0.679	-2.024	-0.811	-0.918	-1.409	-0.421	-0.003	-0.382	-0.433	-0.744
6	160697762	rs533452	-0.501	-0.832	-1.247	-0.977	-1.111	-0.828	-0.690	-0.003	0.295	0.225	0.538	0.497	0.877	0.396	0.576	0.415	0.815	0.956	1.030	0.407	0.557	0.378	1.041	0.484	0.671	0.748
6	160700325	rs3127590	0.801	0.390	0.635	-0.283	0.117	0.820	0.798	0.720	0.457	0.859	-0.748	0.733	1.462	1.361	1.436	0.601	-0.030	-0.510	-0.412	-0.477	-1.185	0.738	0.123	0.283	0.057	0.157
6	160756435	rs2481030	0.575	0.699	-0.120	0.356	-0.065	1.466	1.311	0.265	0.044	-0.338	0.239	-0.176	0.925	0.452	0.481	0.152	-0.186	-0.907	-0.109	-0.144	-0.114	1.028	0.476	0.271	-0.001	0.188
7	1066297	rs3735687	1.123	0.810	0.818	1.293	0.810	0.499	0.045	1.887	0.927	0.140	1.557	2.354	1.819	1.388	0.753	2.251	1.752	1.737	1.670	2.178	1.616	1.575	1.635	2.185	2.267	2.610
7	1271744	rs78148157	-0.174	-0.431	1.076	0.248	-0.477	0.268	0.629	-0.447	-1.263	-0.987	-0.357	-1.097	-0.967	-0.583	-1.049	-1.149	0.274	-0.846	0.293	-0.502	0.244	0.119	0.210	0.838	-0.505	-0.117
7	1286567	rs62435145	-0.706	-0.025	-0.410	0.438	-1.216	-1.087	-0.878	-1.620	-0.792	0.812	-1.380	0.456	-0.497	-0.226	-0.650	0.178	-1.168	-1.447	-1.385	-0.739	-1.116	-1.451	-1.168	-1.297	-1.462	-1.594
7	1299127	rs7800175	-0.333	-0.315	0.499	-0.843	-0.506	-0.874	0.263	1.921	-0.915	-1.672	1.087	-0.373	-0.935	-1.466	-1.154	-0.332	-0.654	1.293	NA	1.044	0.502	0.202	NA	NA	2.146	NA
7	1325227	rs11981539	0.493	0.393	0.454	0.564	0.520	-0.058	0.831	0.559	0.454	0.481	0.564	-0.723	0.023	-0.117	-0.251	-0.510	0.711	0.068	1.452	0.730	0.773	0.113	0.484	0.834	0.769	0.532
7	17458747	rs58221005	0.819	0.518	0.956	0.902	0.892	1.440	1.530	-0.760	-1.291	-1.579	-0.036	-0.617	-0.732	-0.430	-0.939	-0.543	-0.433	-0.550	-0.099	-0.051	-0.124	-0.544	-0.933	-0.659	-0.504	-0.752
7	32930876	rs3750081	2.723	2.140	1.887	1.915	3.042	2.732	2.543	-0.676	-0.720	-0.557	-0.099	-0.132	-0.143	0.044	-0.539	0.314	-0.373	0.122	-0.780	-0.377	-1.013	-0.115	0.017	-0.084	0.024	0.900
7	32999601	rs13311608	1.274	1.849	1.674	2.431	1.466	1.673	1.189	0.527	0.577	0.862	0.068	0.062	0.100	0.673	0.699	0.301	-0.593	0.294	-0.467	-0.166	-0.495	0.665	0.553	0.481	0.728	0.584
7	46753684	rs700753	0.312	0.425	0.051	0.250	-0.138	0.333	0.648	-1.133	-1.443	-1.828	-1.455	-0.789	-0.546	0.290	-0.800	-0.675	-0.368	0.158	-0.563	-0.288	-0.130	-0.982	-0.101	0.303	-0.246	-0.278
7	75612803	rs41301394	0.890	0.518	1.342	0.523	0.712	0.273	0.915	0.502	1.242	1.028	0.491	0.656	1.375	1.305	0.573	1.703	1.419	-0.410	2.006	-0.181	-0.277	0.613	0.095	0.361	0.707	0.375
7	77242138	rs2868787	-0.569	0.013	-0.029	-0.625	-0.413	-0.264	0.372	1.555	0.464	0.766	1.439	0.606	1.277	1.477	0.280	0.800	1.908	3.256	1.969	1.648	1.981	1.135	1.571	1.413	1.125	1.427
7	77422583	rs6973656	-0.261	-0.172	-0.090	0.253	-0.284	0.046	-0.146	0.724	0.708	-0.273	0.650	0.576	0.587	1.634	0.583	0.446	-0.112	0.747	0.468	-0.061	0.104	-0.633	-0.949	-0.999	-0.257	-0.168
7	77512098	rs7796089	1.154	1.212	0.861	0.710	1.133	1.099	0.965	1.101	1.203	0.562	1.143	NA	2.246	1.496	2.066	2.654	-0.306	1.596	0.269	0.158	0.573	-0.171	0.127	-0.410	0.247	0.486
7	77606013	rs1100237	0.757	0.596	0.881	0.457	0.493	0.102	-0.137	-0.658	-1.157	-0.718	-0.704	-0.645	-0.814	-0.541	-0.785	-0.606	-0.779	-0.877	-0.976	-0.709	-0.736	-0.357	-0.144	-0.193	-0.359	-0.249
7	77607127	rs1636681	0.759	0.527	0.878	0.780	0.377	0.839	1.125	1.152	1.177	0.912	1.006	1.059	1.142	0.633	1.116	0.660	0.781	1.176	0.931	0.818	0.973	0.789	0.641	0.678	0.804	0.787
7	101907824	rs2694158	-0.712	0.409	-0.436	-0.387	-0.481	-0.798	-0.927	0.112	-1.488	-0.168	-0.755	-0.345	0.779	0.435	0.434	0.463	-0.334	-0.186	-0.436	-0.196	-0.260	0.265	-0.873	-0.675	-0.695	-0.155
7	128576086	rs3757387	-1.535	-1.900	-0.828	-1.291	-2.004	-0.827	-1.768	-0.931	-0.672	0.219	-1.052	-0.796	0.466	0.122	1.553	-0.496	-1.627	-1.890	-1.518	-1.919	-1.457	-1.703	-1.782	-1.841	-1.987	-1.686
7	128701916	rs73465029	1.938	1.877	1.366	1.445	2.105	1.315	2.305	0.443	0.597	1.878	-0.379	0.972	0.538	-0.246	-0.174	0.890	0.278	0.696	0.009	0.054	0.683	0.640	0.581	0.585	0.302	0.069
7	128712868	rs12537496	0.435	0.948	-0.752	0.947	1.492	0.531	0.084	-0.251	0.385	-0.477	-0.729	0.253	-0.017	-0.008	0.122	-0.199	-1.023	-0.470	-0.808	-0.304	-0.605	-0.505	-0.171	-0.992	0.529	-0.015
7	129417730	rs2693727	-0.303	-1.226	-1.266	-0.378	0.045	-0.043	-0.590	0.920	1.064	-0.381	0.181	0.196	0.426	-0.790	0.454	0.535	0.858	1.249	0.976	1.037	1.027	0.957	1.259	1.389	1.073	NA
7	129454817	rs2631611	0.162	-0.575	-0.562	-0.270	-0.297	-0.024	-0.174	-0.653	-0.543	-0.465	-1.001	-1.094	-1.370	-1.160	-1.392	-0.967	-1.323	0.029	-1.135	-1.055	-0.890	0.004	-0.296	-0.726	-0.425	0.355
7	150798980	rs749319	0.094	-0.727	-0.847	-0.643	0.014	-0.089	-1.009	-0.687	-1.128	-1.653	-0.459	-0.232	-0.244	-0.088	0.135	0.133	0.520	0.611	0.207	0.589	0.524	0.276	0.185	0.004	-0.120	-0.389
7	151396971	rs11983465	-1.540	-1.600	-1.132	-1.850	-1.657	-1.296	-0.835	-0.004	0.043	0.271	0.293	0.890	0.135	0.167	0.096	0.500	-0.108	0.181	0.265	0.381	0.038	-0.788	-0.464	-0.635	-0.925	-0.714
7	151402790	rs2374270	0.108	-0.486	0.092	-0.383	0.145	0.203	0.507	-0.317	-0.338	0.583	0.709	-0.496	-0.191	-0.188	-0.504	-0.474	-0.090	0.015	0.305	0.202	0.108	-0.518	-0.368	-0.302	-0.245	-0.587
7	151403809	rs12534878	1.043	1.209	1.027	0.925	1.121	1.313	1.511	0.458	1.375	1.375	0.046	0.357	0.396	0.325	-0.154	-0.051	0.005	0.181	0.114	-0.127	-0.067	1.403	1.302	1.427	1.267	1.550
7	151412273	rs73484140	0.405	0.862	0.573	0.708	0.459	0.691	0.625	1.647	0.667	-0.644	1.168	0.353	0.169	0.292	0.911	-0.350	0.942	1.463	1.227	0.920	1.462	0.682	0.523	0.225	0.354	0.549
7	151415536	rs10254101	0.354	1.255	0.736	-0.058	0.880	0.661	0.907	1.836	0.496	0.501	1.995	0.314	0.521	1.809	0.327	0.286	0.834	0.626	0.915	1.018	1.324	0.485	0.280	0.360	0.130	0.238
7	151425449	rs2536067	-0.829	-0.335	-0.745	-0.695	-0.278	-0.473	-1.238	-0.648	0.121	0.970	-0.951	0.280	0.189	-0.817	-0.319	0.460	-0.599	-0.569	-0.660	-0.644	-1.283	0.476	0.812	1.120	1.036	1.230
7	156139883	rs28720739	0.982	0.402	1.488	0.868	1.098	0.956	0.851	-0.378	0.046	0.791	-0.043	1.097	1.355	1.597	1.250	1.156	-0.763	-0.302	0.093	-0.535	-0.412	1.095	0.995	0.814	0.916	0.893
7	156252939	rs868822	0.102	-0.419	0.056	-0.181	-0.780	0.016	-0.810	-0.679	-2.348	-0.616	-1.884	-0.112	-0.414	-0.408	-0.475	-0.402	-1.467	-1.684	-1.565	-1.673	-1.433	-2.206	-1.828	-1.669	-2.290	-2.007
8	6392298	rs17623064	0.883	-0.348	1.005	NA	NA	1.014	0.113	-0.946	-1.765	-2.178	-0.851	0.538	-0.632	-1.094	-0.017	-0.866	-0.648	-0.448	-0.772	-0.069	-0.310	-0.408	-0.029	0.016	-0.532	0.239
8	8142575	rs2980423	NA	NA	-0.177	NA	NA	0.128	0.933	NA	0.895	NA	0.263	NA	1.741	NA	NA	NA	NA	-0.386	NA	-0.414	-0.383	NA	NA	NA	NA	NA
8	8317615	rs2921061	-1.697	-0.536	-0.773	-0.962	-1.147	-0.991	-0.850	-0.156	0.193	0.376	-0.882	-0.247	0.202	-0.165	0.201	0.006	-0.149	-0.035	-0.464	-0.432	-0.708	0.744	-0.022	0.602	-0.290	0.201
8	8326012	rs2979183	1.163	1.417	-0.157	0.140	0.449	1.337	0.142	0.047	0.428	0.316	-0.141	0.652	0.444	0.271	0.412	0.446	-0.734	-0.635	-0.225	-0.265	0.141	1.182	0.532	0.960	0.390	0.671
8	8432208	rs7813863	-0.454	0.735	0.398	0.462	0.349	0.256	0.289	-0.229	0.253	-0.043	-0.374	-0.100	-0.156	0.017	0.300	-0.015	0.251	0.445	-0.039	0.274	-0.062	0.416	-0.094	0.006	0.324	0.073
8	8515752	rs1115138	-0.223	0.562	0.694	0.182	0.569	0.322	0.515	-0.054	-0.398	-0.610	0.410	0.523	1.153	0.657	0.729	-0.165	0.680	0.866	0.516	0.526	0.140	-0.312	-0.821	-0.355	-0.680	0.038
8	8712895	rs4348501	1.095	1.676	0.942	-0.286	1.666	0.937	0.331	-0.267	0.482	0.462	-0.497	1.624	0.901	1.193	1.410	1.136	-0.230	0.633	-0.131	-0.373	-0.452	2.175	0.353	0.603	0.968	0.458
8	8983403	rs6601291	-1.810	-0.867	-1.167	-1.246	-1.820	-1.604	-0.848	0.207	0.670	0.477	0.532	1.665	1.302	1.690	1.506	1.559	-0.246	-0.298	-0.299	0.198	0.315	0.934	0.230	0.912	0.778	0.391
8	9139828	rs11998274	-1.794	-1.587	-0.650	0.090	-1.283	-0.925	-1.509	-0.478	-1.020	-0.907	-0.769	0.278	-0.624	-0.149	-0.445	-0.776	0.159	0.093	0.688	0.487	0.422	-0.812	-0.321	-0.561	-0.814	-0.813
8	9154065	rs330081	1.615	1.612	1.187	1.148	1.339	1.352	0.536	-1.134	0.023	0.549	-0.713	0.274	0.405	0.668	-0.196	0.516	-1.262	-0.870	-1.540	-1.515	-2.064	0.223	-0.443	-0.170	-0.046	0.044
8	9828939	rs570903	0.121	0.332	-0.461	0.806	0.417	-0.075	-0.618	-0.802	-0.374	-0.487	-0.340	-0.503	0.182	-0.172	-0.348	-0.810	-1.067	-0.386	-1.070	-1.117	-1.142	-0.262	-0.651	-0.282	-1.037	-0.673
8	10197718	rs7460226	-0.641	-0.990	-1.011	-0.404	-0.699	-0.972	-1.253	-0.674	0.121	0.861	-0.321	2.092	1.651	0.895	0.876	0.894	-0.003	-0.466	-0.315	-0.467	-0.130	0.039	0.880	0.098	0.333	0.313
8	10239612	rs10095190	1.391	0.251	0.472	0.399	1.164	0.518	-0.086	0.012	-1.155	-1.747	-0.607	-0.783	-1.450	-1.598	-1.952	-0.651	-0.694	-1.016	-0.391	-0.707	-0.116	-0.427	-1.499	-0.415	-0.855	-0.363
8	11332026	rs12680762	-1.279	NA	-1.973	-1.062	NA	-0.779	-1.345	-0.724	-0.612	-1.105	-1.407	-0.517	-0.400	0.403	0.434	-0.908	-0.571	-1.009	-0.728	-0.775	-0.795	-0.996	-0.538	-0.859	-0.998	-1.182
8	11385118	rs2736364	-1.717	-0.424	-0.653	-1.004	-1.321	-1.052	-0.331	0.432	2.221	2.091	1.495	0.799	2.815	2.176	1.680	0.793	-0.177	0.238	0.062	0.661	-0.431	1.759	1.088	1.615	2.003	1.496
8	11490411	rs2256785	-0.405	-0.253	-1.870	-2.027	-1.239	-1.178	-0.967	-0.770	-1.416	-0.915	-1.247	-1.413	-1.374	-0.657	-1.415	-1.952	-1.330	-1.474	-1.451	-0.944	-1.444	-1.524	-0.947	-1.399	-0.855	-1.408
8	11592717	rs11250160	-1.280	-0.394	-1.011	-0.740	-0.768	-0.699	-0.673	-0.940	-0.183	0.087	-0.358	1.076	0.401	0.347	1.633	0.184	-0.222	-0.465	-0.702	-0.604	-0.616	0.445	-0.415	-0.004	-0.116	-0.636
8	23637962	rs444480	1.195	0.497	-0.335	0.716	0.132	0.860	1.098	0.703	0.675	0.208	0.614	0.633	1.470	0.957	0.986	0.878	0.900	0.190	0.821	0.975	1.380	0.045	0.270	0.272	0.172	0.615
8	23734849	rs4872203	0.808	-0.166	-0.809	0.482	0.307	0.653	-1.162	-0.525	-0.343	-0.012	-0.817	-1.287	-0.314	0.348	-0.352	NA	0.360	-0.211	-0.241	-0.265	-0.055	-1.183	-1.340	-0.781	-1.547	-1.057
8	23748420	rs34861762	-1.784	-0.544	-0.893	-1.339	-0.764	-1.536	-1.335	-0.787	0.190	0.102	-0.411	-0.496	0.040	0.152	-0.964	NA	-0.810	-0.436	-0.718	-0.588	-0.830	0.444	0.110	-0.300	-0.151	-0.596
8	23797763	rs1731263	-0.673	-0.186	-0.341	-0.355	-1.042	-1.343	-0.632	-0.093	-0.340	0.180	-1.088	0.642	0.993	0.761	1.116	NA	-0.206	-0.375	-0.626	-0.483	-0.131	-0.800	-0.852	-0.605	-0.681	-0.335
8	25935636	rs11135916	0.913	-0.622	0.412	0.372	0.440	0.650	0.458	0.185	-0.081	-0.510	0.644	1.402	0.877	1.077	0.625	1.147	0.145	0.312	0.589	0.534	0.166	0.955	0.973	0.761	0.761	0.296
8	30280065	rs56411466	0.245	0.558	0.780	1.489	1.402	0.288	0.509	-0.946	-0.509	0.280	-0.797	-1.733	-1.778	-1.254	-1.380	-0.864	-0.113	0.132	-0.211	-0.149	-0.121	0.344	0.064	0.450	0.147	0.270
8	32466409	rs2439279	-0.117	0.236	-0.806	0.604	-0.063	-0.146	-1.406	-0.857	-0.043	0.783	-0.917	-0.187	1.245	1.305	0.941	0.792	-0.753	-0.734	-0.619	-1.085	-1.087	-0.849	-1.155	-1.304	-1.245	-1.297
8	32525041	rs2919391	0.181	0.349	0.482	0.974	0.985	1.032	0.131	0.776	1.801	1.612	0.436	1.201	1.524	1.238	1.363	1.699	0.064	0.226	0.407	-0.187	0.607	0.540	0.181	0.367	0.934	0.678
8	72648090	rs13281719	-0.596	-0.452	0.149	-0.356	-0.624	-0.865	-1.070	0.123	0.281	0.580	-0.698	-0.335	-0.233	NA	NA	0.733	-0.824	-1.152	-0.168	-0.366	-0.837	0.539	0.859	-0.389	0.587	0.711
8	86351997	rs20571	1.363	0.689	0.592	0.780	1.455	0.190	0.050	-0.280	0.918	NA	-0.644	NA	NA	NA	NA	NA	-0.992	-1.276	-1.223	-1.254	-0.513	NA	-0.028	0.086	-0.068	0.408
8	87305136	rs4567013	1.328	0.961	NA	NA	2.238	1.001	1.282	0.774	1.175	1.477	0.277	0.081	0.983	1.774	0.920	0.548	1.136	1.095	0.448	0.509	1.389	1.173	0.592	0.353	0.817	0.742
8	87332552	rs2976178	0.980	0.834	0.875	1.680	0.310	1.251	0.567	-0.767	-1.026	-0.856	-0.446	0.124	-0.924	-1.645	-0.905	-0.360	-0.227	0.274	-0.395	0.146	-0.710	-1.546	-0.876	-1.285	-1.156	-1.250
8	102667498	rs11776907	1.744	0.252	0.645	1.254	0.371	0.226	0.590	-0.706	-0.866	0.163	-0.998	-1.345	-1.092	-1.282	-1.266	-1.182	-0.562	-0.897	-1.094	-0.825	-0.684	-0.684	-0.759	-0.455	-0.737	-0.036
8	108675074	rs55782296	-0.269	0.067	0.329	0.142	0.265	0.135	1.036	0.929	0.742	0.143	0.984	-0.834	-0.281	-0.253	-0.052	-0.347	-0.199	0.028	-0.113	-0.139	1.145	1.019	0.212	0.471	0.946	0.689
8	110105146	rs3134113	0.398	0.644	0.137	0.199	0.296	0.558	0.486	0.350	0.008	-0.354	-0.266	-0.430	0.350	0.532	-0.415	-0.256	-0.334	-0.310	-0.557	-0.696	-0.601	-0.225	-0.520	-0.322	0.092	-0.668
8	124556291	rs60841063	0.006	-0.288	-1.732	-0.146	-0.293	1.219	0.502	-0.408	-0.061	-0.200	0.201	0.294	0.636	0.499	1.088	-0.048	0.025	0.430	0.670	-0.203	0.650	0.724	1.775	0.803	0.253	1.701
8	126476873	rs2954017	0.185	-0.472	-0.058	-0.459	-0.636	-0.008	-0.541	0.394	-0.174	-0.082	0.362	2.290	0.797	1.745	0.699	1.860	0.611	0.411	1.306	0.310	0.979	-0.257	-0.039	-0.247	-0.904	-0.178
8	132350983	rs4256577	-1.510	-1.106	-0.325	-0.984	-0.921	-0.534	-0.310	1.602	1.046	1.148	1.905	1.203	0.290	0.339	1.692	0.966	1.750	1.784	1.363	1.761	1.806	1.355	1.541	1.031	1.384	1.596
8	142205308	rs34463965	-0.980	NA	-1.122	0.372	-0.997	-1.013	NA	-0.364	-0.412	1.118	-1.088	-1.123	-1.236	-1.315	-1.157	-0.631	-0.649	-0.772	-1.718	-1.093	-0.592	0.128	0.947	0.321	-0.705	-0.319
8	142239318	rs10087637	-0.221	-0.094	-0.024	-0.066	-0.397	-0.882	-0.520	1.308	0.526	0.157	0.947	0.710	0.363	0.369	0.494	0.319	0.501	-0.240	0.607	0.709	0.406	-0.297	-0.722	0.031	-0.738	0.037
8	144517475	rs1077657	0.097	0.829	-0.418	0.835	0.261	0.353	0.170	-0.622	-0.134	-0.370	0.275	-0.459	-0.418	-0.584	-0.190	-0.536	-0.882	-1.192	-0.501	-0.693	-0.607	0.539	0.841	0.761	0.869	0.198
8	145813457	rs6989368	-0.343	-0.355	-0.403	-0.037	-0.159	-0.940	0.157	0.695	0.251	0.143	0.193	0.835	-0.126	-0.263	-0.079	0.404	-0.388	-0.769	-0.425	-0.065	-0.162	-0.295	0.353	-0.105	-0.341	0.063
9	1526939	rs7031497	2.212	1.359	-0.670	1.841	1.059	1.598	0.934	0.298	0.473	0.427	-0.160	-0.708	-0.858	-1.171	-1.279	-1.156	0.336	-0.227	0.481	0.115	-0.376	0.081	-0.038	-0.354	-0.148	-0.052
9	1699501	rs1407807	NA	0.336	NA	NA	-0.395	0.895	-0.800	-0.742	-1.081	-0.423	-0.542	-2.048	-2.194	-1.976	-1.909	-2.390	-0.077	-0.549	0.125	-0.143	-0.610	-1.309	-0.962	-0.462	-0.856	-0.911
9	3865097	rs10739002	1.834	2.852	3.924	2.930	2.587	3.270	2.591	0.392	0.643	0.167	1.491	1.961	0.703	1.618	1.091	1.658	0.823	0.604	0.850	1.122	0.918	1.093	0.987	0.972	0.927	1.219
9	4138877	rs493989	-1.064	0.891	0.939	0.750	-0.275	-0.126	0.122	-1.223	-0.949	-0.772	-0.675	1.124	1.371	1.840	1.274	0.614	-0.856	-0.602	-1.065	0.055	-0.881	1.967	-0.073	0.820	-0.421	-0.073
9	16878493	rs10122763	0.978	-0.981	0.341	-1.586	0.336	-0.860	-0.822	-2.611	-1.349	-0.162	-2.482	0.432	0.248	-0.443	-0.085	-0.378	-1.732	-2.203	-1.763	-1.691	-1.997	0.193	-0.288	1.107	-0.948	-0.189
9	17135115	rs41306071	-0.352	-0.569	-0.020	-0.189	0.352	-0.857	-1.611	0.751	0.812	0.769	0.904	-0.025	1.291	0.932	0.683	0.310	0.694	0.724	0.919	0.468	0.806	0.375	-0.446	-0.337	0.054	0.367
9	22133284	rs10965250	0.299	0.133	-0.812	0.320	-0.594	0.332	-0.026	-0.982	-0.745	-0.589	0.285	0.346	0.435	-0.073	0.428	-0.044	-0.121	0.173	-0.991	-0.358	-0.690	-0.861	-0.888	-0.157	-1.233	-1.514
9	34095717	rs7853415	-1.089	-0.650	-0.600	-0.967	-1.309	-0.765	-1.046	-0.323	-0.339	-0.521	-1.163	1.751	0.681	0.659	0.242	0.563	-1.331	-0.527	-0.817	0.116	-0.183	0.812	0.954	0.306	0.209	-0.113
9	36184897	rs10972781	0.386	0.938	-0.161	1.463	0.694	0.373	0.150	1.780	1.230	1.389	1.076	-1.112	-0.883	-0.407	-1.664	-0.324	0.702	1.283	0.346	1.115	0.488	-0.007	0.439	-0.178	0.763	0.297
9	71105722	rs10465187	1.169	1.391	1.081	1.194	0.954	1.355	1.209	0.700	NA	NA	0.289	NA	NA	NA	NA	NA	NA	NA	NA	-1.104	NA	NA	NA	NA	NA	NA
9	71152074	rs41305537	0.237	-0.142	0.105	-0.569	0.521	0.562	0.301	0.113	0.288	-0.073	0.387	0.371	0.695	-0.135	0.993	1.001	0.096	-0.037	-0.232	0.275	0.848	0.013	0.690	0.319	0.337	0.427
9	71189353	rs4143074	1.329	0.770	-0.008	0.419	0.798	1.608	0.083	-1.354	-0.867	-1.330	-0.299	0.671	0.960	1.170	0.481	0.843	-0.442	-0.871	-0.214	-0.215	-0.272	-0.017	-0.233	-0.705	-0.388	-0.825
9	71357270	rs45501692	NA	0.385	0.705	NA	NA	0.723	-0.636	-0.567	0.268	-0.296	-0.397	0.316	0.886	0.390	NA	0.116	-0.845	-0.625	-0.922	-1.064	-0.780	-0.155	-0.946	-0.982	0.037	0.046
9	71365463	rs10115871	-0.247	-0.836	-0.739	-0.389	-0.769	-0.368	-0.287	-0.039	-0.074	0.208	0.172	-0.871	-0.410	-0.325	-0.443	-0.832	-0.141	-0.132	0.369	-0.237	0.022	-1.086	-0.368	-0.623	-0.702	-0.756
9	71407550	rs6560361	-0.037	0.069	0.344	-0.980	0.109	-0.462	-0.028	-0.100	NA	-1.291	0.163	0.345	0.983	0.781	-0.124	1.502	0.219	4.416	0.769	-0.627	0.375	NA	NA	NA	NA	0.611
9	71432174	rs2039424	0.406	0.370	0.264	0.379	0.111	0.045	0.019	-0.345	-1.144	-0.664	-0.793	-0.182	1.007	0.006	0.701	0.518	-0.730	-0.509	-0.229	-0.435	-0.521	0.224	0.424	0.569	-0.267	-0.155
9	71443698	rs72717955	0.814	-0.263	0.297	0.327	0.728	-0.594	-0.764	-1.089	-1.285	-0.795	-1.100	0.010	-0.140	-1.370	-0.170	0.657	-0.830	0.012	-0.367	-0.226	0.373	0.337	0.573	0.096	0.224	0.948
9	71501151	rs7045163	-0.367	-0.598	1.040	-0.009	-0.234	0.460	0.179	0.378	0.033	0.053	0.793	-0.616	-1.147	-0.949	-1.390	-0.963	-0.560	-0.133	-0.093	0.177	0.153	-0.448	-0.527	-0.888	-0.001	-0.221
9	71506372	rs11144159	1.469	3.498	2.326	-0.247	2.998	3.744	1.371	0.919	2.692	1.619	1.469	-0.292	-0.283	-0.556	-0.692	-0.893	1.021	1.265	0.681	0.451	0.921	-0.023	0.522	0.147	1.585	1.903
9	71513268	rs10781257	1.373	NA	NA	0.438	NA	-0.574	-0.934	-0.444	0.057	0.006	-0.534	-0.774	-1.682	-1.596	-1.737	-1.090	-0.635	-0.853	-0.898	-2.038	-2.084	-1.076	-1.475	-1.098	-1.137	-1.601
9	71536579	rs11144313	0.211	0.260	-0.377	0.531	-0.368	-0.075	-0.203	-0.854	-1.102	-0.404	-0.656	0.398	0.707	1.000	0.687	0.534	-0.773	0.530	-0.059	0.247	-0.707	-0.370	-0.004	0.384	-0.663	-0.517
9	71558377	rs1056265	1.046	0.055	0.646	-0.282	0.651	0.635	0.446	1.385	2.846	2.109	1.513	0.376	0.286	0.697	0.712	0.068	1.722	1.074	0.547	1.245	1.356	1.223	0.939	0.410	1.209	1.140
9	71584214	rs7037010	0.793	0.266	0.435	0.472	1.307	0.043	-0.080	-0.184	-0.679	-0.421	-0.765	-0.354	-0.700	-0.803	-0.694	-0.062	-0.758	-0.026	-0.430	-0.340	-0.393	0.148	0.278	0.483	-0.451	0.191
9	71595523	rs58952154	-0.927	-0.471	-0.242	-0.999	-0.432	-0.217	-0.542	0.902	1.014	0.412	1.057	1.342	1.191	0.544	0.693	0.890	1.582	0.812	1.818	1.168	0.964	NA	2.382	NA	1.139	1.307
9	71604123	rs4745466	0.335	-0.272	-0.107	-0.479	0.054	-0.259	-0.017	-0.602	0.534	0.174	-0.998	0.416	0.969	0.673	0.635	0.943	-0.917	-0.796	-1.034	-1.305	-1.489	-0.881	-0.499	-0.641	-0.659	-0.523
9	71613947	rs62569223	-0.546	-0.241	0.091	-0.022	-0.157	-0.221	0.250	-0.070	1.504	0.786	0.557	1.399	1.058	1.424	0.923	1.017	0.490	-0.126	0.876	0.906	0.949	0.379	0.264	0.137	0.035	0.265
9	71638671	rs4313219	0.499	0.587	0.810	1.087	-0.004	1.118	0.291	0.428	1.439	1.162	0.326	1.235	0.717	0.730	1.006	0.612	-0.751	-0.763	-0.433	-0.047	-0.508	-0.228	-0.243	0.403	0.040	-0.261
9	77646969	rs773162	-1.155	-0.759	-0.784	-0.880	-1.276	-0.973	-0.710	-0.779	0.841	0.116	-1.159	-0.996	-0.652	-0.779	-0.824	-0.869	-0.415	-1.493	-0.181	-1.625	-0.597	-1.425	-0.851	-1.076	-1.081	-0.873
9	92230747	rs870151	-1.182	-0.633	-0.912	-1.336	-1.017	-1.361	-2.093	-0.859	-0.639	-0.278	-0.616	-0.501	-0.538	-0.223	-0.324	-0.179	-0.036	0.180	-0.040	-0.289	-0.217	-1.176	-0.831	-0.709	-0.925	-1.149
9	92263349	rs11265853	-0.030	0.982	0.993	1.394	1.466	1.107	0.412	0.084	0.990	0.384	-0.344	-0.184	-0.715	-0.395	-0.654	-0.330	-1.087	-1.343	-1.541	0.180	-0.286	-0.541	-0.771	-0.938	-0.995	-0.517
9	92269038	rs78040893	NA	-0.340	1.142	-0.230	NA	0.677	-0.162	0.755	-0.287	-0.726	-0.031	-0.775	0.362	0.399	0.109	-0.550	0.772	1.076	1.655	0.076	0.207	-0.843	-1.118	-0.855	-0.512	-0.782
9	92285323	rs61311941	0.551	0.599	0.212	0.785	0.551	0.751	0.964	1.190	-0.377	-1.072	0.414	NA	NA	NA	NA	NA	1.489	1.504	2.357	1.202	0.781	-1.638	-0.577	NA	-0.623	NA
9	95886051	rs3793662	-1.946	-1.184	-0.823	-0.970	-1.658	-1.511	-2.336	-1.750	-2.025	-1.902	-1.320	-0.124	-1.166	0.197	-0.011	0.031	-1.369	-1.108	-0.960	-0.774	-1.082	-1.044	-1.676	-1.654	-0.812	-1.853
9	98940507	rs13290534	0.621	0.886	2.168	1.009	1.370	0.319	1.688	-0.979	-0.752	0.064	0.442	-1.830	-1.644	-1.693	-1.664	-1.800	-0.366	0.075	0.094	0.312	-0.214	-0.409	-0.041	-0.289	-0.163	-0.946
9	112241370	rs12376215	-0.557	-0.156	-0.695	-0.379	0.059	-0.970	-0.967	0.103	-0.286	-0.115	0.681	-0.375	0.243	0.154	-0.887	-0.844	0.416	-0.999	0.198	0.400	0.493	0.982	0.631	0.788	1.115	1.339
9	119171790	rs12552183	-1.326	-0.781	0.032	-1.000	-0.924	-1.159	-0.817	-1.164	-1.589	-1.602	-0.889	-1.400	-1.488	-1.448	-1.781	-1.808	-0.190	-0.566	-0.643	0.488	-0.487	-1.662	-1.355	-1.553	-1.573	-1.611
9	119192174	rs10817890	NA	NA	0.217	0.090	-1.802	0.224	-1.080	-1.725	-0.210	-0.319	-1.567	-0.345	0.723	-0.426	0.786	-0.813	-2.072	-2.003	-2.220	-2.534	-2.281	-0.740	-1.109	-1.150	-1.375	-1.321
9	119266695	rs4836732	-0.149	0.101	0.719	0.186	0.770	-0.354	-0.580	-0.245	-0.796	-1.375	-0.128	-0.286	-1.053	-0.977	-0.931	-0.605	0.634	1.215	1.078	1.193	1.427	-0.323	-0.818	-0.808	-0.570	-0.411
9	119324929	rs1321917	-0.740	-0.652	0.695	-0.444	-0.833	-0.235	0.358	0.752	1.689	1.774	0.280	0.464	0.865	0.986	0.867	0.636	-0.353	-0.674	-0.603	-0.537	-0.808	0.210	0.031	-0.344	-0.403	0.710
9	119350102	rs72762008	NA	-0.887	0.527	-0.200	-1.328	-0.294	NA	-1.126	-0.576	-1.385	-1.539	-1.404	-0.741	-0.809	-1.873	-1.395	-0.889	-1.753	-0.684	-0.559	-1.369	-0.260	-0.170	-0.381	-1.046	-1.068
9	123359549	rs4397484	-0.525	-0.384	0.772	-0.277	-0.727	-0.614	-0.946	-1.110	-0.835	-0.789	-0.892	-0.271	0.044	-0.263	-0.478	0.292	-0.817	-0.897	-1.203	-1.059	-1.036	-0.828	-0.419	-0.577	-0.154	-0.618
9	125623626	rs10985797	1.723	NA	0.441	2.284	1.023	0.133	0.208	-1.321	-1.387	-0.152	-0.954	0.276	-1.503	NA	NA	NA	0.439	0.805	0.503	1.069	0.815	-0.412	-0.203	0.232	-0.093	0.171
9	125874636	rs700089	1.977	2.140	1.376	1.472	1.804	0.817	0.268	-0.112	0.314	-0.005	-0.436	0.181	1.248	1.100	1.477	0.908	-0.084	-1.598	-1.796	-0.836	0.832	-0.398	-0.291	0.106	-1.166	-0.616
9	128137418	rs5015933	-1.963	-0.897	-1.270	-0.794	-1.447	-1.378	-1.397	0.074	0.806	0.279	-0.165	0.151	0.187	-0.276	-0.089	0.327	0.116	0.449	-0.032	0.164	-0.330	-0.106	-0.032	-0.209	-0.039	-0.186
9	132257783	rs1220789	0.505	0.418	1.476	1.190	1.422	0.648	0.387	0.071	0.340	0.340	0.178	-0.206	0.108	-0.067	0.511	0.055	0.144	-0.452	-0.091	0.401	0.554	0.393	0.537	-0.002	0.420	0.636
9	133504909	rs11791149	0.554	1.209	1.987	1.090	1.294	1.758	2.594	3.361	1.462	1.420	2.881	2.413	1.536	2.060	1.823	2.983	1.950	2.163	2.238	2.386	2.948	1.626	1.888	1.760	2.071	1.839
9	136128467	rs60484807	-0.280	0.457	-0.181	0.679	-0.375	-0.053	0.287	1.201	0.541	1.167	0.783	0.780	0.410	0.678	0.738	0.158	1.091	1.103	0.915	0.228	-0.111	0.143	0.183	0.579	0.277	0.512
9	136925663	rs11789898	0.717	0.788	-1.919	-0.994	NA	0.522	-0.649	-0.346	0.121	-2.351	-0.709	0.850	1.230	-0.098	-0.331	-0.038	-0.738	-1.828	-1.586	-1.728	-1.852	0.883	0.768	0.546	0.210	-0.694
9	137360240	rs3132278	1.286	1.344	1.020	1.880	1.429	1.396	0.272	-0.139	0.310	0.477	-0.211	0.173	0.589	-0.444	-0.018	-0.365	0.515	-0.380	0.095	0.308	0.163	0.566	1.004	0.216	-0.082	0.262
9	140073294	rs28393706	-2.230	-1.676	-1.463	-1.840	-2.659	-2.748	-2.367	-0.954	-0.710	-0.411	-0.592	-0.270	-1.363	-2.224	0.083	-1.584	-0.135	-0.012	0.320	-0.278	0.352	0.041	-0.302	-0.268	0.175	0.198
9	140101687	rs6606564	0.503	0.794	1.681	0.766	0.285	1.173	1.687	0.569	0.808	0.878	1.566	0.059	0.773	0.961	-0.066	0.335	0.384	-0.923	0.941	1.227	0.695	0.935	0.908	1.374	0.742	1.098
10	833755	rs2094236	-0.236	0.542	0.302	0.736	-0.119	-0.584	-0.359	-0.679	-0.126	-0.335	-0.724	0.292	0.797	0.881	0.067	0.449	-0.891	-0.902	-0.880	-0.889	-0.655	-1.403	-1.448	-1.527	-1.468	-1.629
10	1071701	rs17155821	0.211	-0.270	-0.492	-0.692	-0.261	-0.538	-0.115	0.535	0.518	-0.004	0.072	1.247	0.655	0.811	0.660	0.674	0.424	0.748	-0.911	0.214	0.239	0.792	0.757	1.103	1.441	1.096
10	52646093	rs10821905	-0.504	-1.287	-0.814	-1.134	-0.284	-0.915	-0.446	0.817	0.500	0.143	0.395	1.037	1.466	1.071	1.215	1.375	0.938	-0.210	0.852	0.656	0.784	-0.201	0.438	0.532	0.362	0.391
10	54726056	rs6480983	0.059	-0.052	-0.233	0.126	0.022	-0.388	-0.082	1.098	0.966	0.165	1.117	0.858	0.527	0.172	-0.199	0.494	1.600	1.329	1.676	1.156	1.364	1.372	1.092	1.637	0.260	1.102
10	63814914	rs10821951	-0.985	-0.151	0.591	-0.461	-0.811	-1.012	-0.842	1.073	0.736	1.352	-0.094	0.493	0.846	0.283	0.278	0.129	-0.231	-0.392	-0.275	-1.147	-0.515	0.316	-0.463	1.021	0.526	0.452
10	65314711	rs2163188	0.477	1.604	0.612	0.109	0.399	0.910	1.046	1.668	2.696	1.694	2.373	1.343	1.242	0.612	0.463	1.418	2.179	2.668	1.288	1.969	1.984	0.996	0.909	1.435	0.328	0.619
10	69846367	rs10823131	2.453	1.199	1.400	1.345	2.441	1.880	1.763	1.382	0.645	0.455	2.643	-0.324	-0.492	-1.202	-1.733	-1.016	2.427	2.318	2.435	2.382	NA	0.869	0.508	NA	0.841	1.474
10	69965177	rs7475348	0.769	-0.385	0.571	0.261	0.139	0.216	-0.229	-1.198	-0.791	1.344	-0.594	0.711	0.553	-0.043	-0.236	0.737	-1.018	-1.370	-0.939	-0.987	-0.461	-0.495	-0.556	-0.017	-0.544	-0.229
10	70982532	rs7089312	0.943	0.784	1.204	0.454	0.656	-0.459	-0.303	-0.507	0.582	1.866	-0.897	-0.181	0.936	2.138	NA	1.752	-0.286	-0.714	-0.252	-0.256	-0.552	-0.550	-1.223	-0.532	-0.232	0.053
10	79343778	rs2255656	0.460	0.889	-0.273	0.958	0.808	1.224	1.596	2.614	1.279	1.128	0.570	-0.769	-1.469	-1.397	-1.372	-0.720	0.510	0.482	0.826	0.223	0.430	0.083	-0.129	-1.319	-0.716	-1.081
10	93801982	rs1589067	NA	1.306	2.344	NA	1.863	1.500	1.530	0.779	0.394	0.572	-0.155	0.835	0.255	0.478	0.871	0.637	0.129	0.239	0.052	-0.187	-0.102	0.892	1.176	1.063	0.646	1.614
10	94143848	rs11186967	NA	0.195	-0.295	0.410	-0.584	0.689	0.503	1.031	0.640	-0.087	1.852	-0.480	0.007	-1.202	-0.709	-0.903	1.014	0.329	0.694	1.254	1.558	-0.763	-0.621	-1.435	-0.388	-1.347
10	126650186	rs2114834	-0.295	-0.792	0.281	-1.131	-0.689	-0.102	-0.572	0.490	1.496	2.413	-0.696	-0.520	0.648	0.437	0.646	0.235	0.440	1.111	0.237	0.553	-0.201	-0.551	-0.191	-0.741	-0.369	0.078
11	983966	rs6421967	0.192	1.158	0.521	0.376	0.151	0.396	0.242	0.491	-0.307	-0.877	0.965	2.361	2.136	2.133	1.194	0.757	0.484	0.246	0.961	-0.437	-0.525	-0.442	-2.133	-0.484	-1.309	-0.869
11	2178330	rs11564722	-1.183	-1.519	-0.488	-0.236	-0.581	-0.253	-0.126	0.764	0.606	0.467	-0.150	-1.010	-0.967	-1.031	-0.855	-1.174	-0.196	-0.447	-0.034	-0.435	-0.454	-0.978	-1.244	-0.757	-0.726	-0.725
11	2767189	rs231900	0.751	0.723	-0.988	0.519	0.476	1.047	1.192	-0.814	-0.690	-0.709	0.229	0.212	0.363	0.459	0.239	0.039	1.317	0.767	0.754	-0.044	0.452	0.594	1.029	0.600	0.688	-0.341
11	2787061	rs231872	1.578	1.028	1.646	0.773	1.547	1.547	1.447	2.025	1.853	0.193	1.061	1.241	1.236	1.390	1.315	0.954	0.322	1.131	0.851	0.955	0.724	1.150	0.283	0.760	0.482	1.877
11	2789062	rs63934	-0.133	-0.724	-0.013	-0.413	0.584	0.296	-0.241	0.244	-0.154	-0.389	-1.335	-0.511	-0.400	-0.584	-1.021	-1.194	-0.737	-0.684	-0.884	-0.536	-0.539	-1.449	-1.485	-1.128	-1.056	-0.724
11	2798804	rs81205	0.884	0.671	-0.411	0.649	0.430	0.134	0.017	1.789	1.411	0.940	0.478	1.696	1.260	1.774	1.824	1.362	-0.102	1.159	-0.222	0.414	0.288	0.961	0.374	1.147	0.788	2.325
11	2892955	rs2289488	-0.191	-0.550	0.623	0.491	0.441	0.165	0.067	0.498	0.352	0.443	0.147	1.479	1.515	1.533	1.512	1.516	0.306	0.688	0.327	0.433	0.426	0.996	1.195	1.216	0.813	0.941
11	5583551	rs12288243	-0.631	-1.274	0.028	-1.366	-0.520	-0.671	-0.469	-1.575	-0.787	-1.758	-1.226	NA	-0.899	NA	0.362	-0.065	-1.263	-2.387	-1.696	-0.605	-0.680	-0.568	-0.366	-0.742	0.534	-0.183
11	7877479	rs11041608	-2.027	-1.874	-3.130	-0.337	-1.684	-1.196	-0.605	-2.568	-0.047	-0.354	-1.913	-0.801	-1.073	-1.033	-0.868	-0.475	-1.276	-0.284	-0.958	-1.746	-1.623	-1.082	-1.480	-1.155	-1.087	-1.815
11	15769438	rs34869311	0.248	1.399	1.172	1.278	0.366	1.191	1.136	-0.100	-0.677	-0.848	-0.146	0.259	NA	NA	-0.183	-0.003	0.385	0.853	0.032	0.568	-0.051	1.091	1.381	1.363	1.050	0.708
11	15868595	rs4459259	-0.033	0.436	-0.263	0.661	0.564	0.463	-0.921	1.256	2.392	1.374	0.772	0.421	1.156	1.293	0.315	0.137	1.035	0.546	1.033	0.367	1.190	0.473	0.574	0.714	0.539	0.417
11	30241701	rs34234618	1.256	1.080	0.869	0.650	0.925	0.777	0.969	0.042	0.118	-0.426	-0.032	0.620	0.822	0.576	1.237	0.172	-1.245	-0.522	-1.141	-0.540	-0.525	0.075	0.021	-0.132	0.325	0.192
11	30577257	rs58335056	1.324	0.929	1.694	2.015	1.039	0.940	0.525	0.411	0.709	0.670	0.385	0.780	0.674	0.765	0.973	0.625	0.271	-0.272	0.830	1.688	0.882	1.299	0.345	0.425	0.719	1.104
11	30749090	rs963837	-0.002	-0.058	0.198	-0.308	-0.151	-0.530	-1.230	-1.204	-1.224	-1.330	-1.446	0.052	0.311	-0.010	-0.227	-0.041	-1.208	-0.721	-0.960	-0.647	-1.596	-1.097	-1.839	-1.504	-1.039	-1.014
11	30752157	rs10835706	-0.308	0.610	1.217	-0.181	1.183	0.559	-0.336	-0.357	-0.257	-0.386	-0.492	-0.990	-0.948	-1.011	-1.135	-0.851	0.592	0.160	0.299	0.557	0.990	-0.343	0.098	-0.230	-0.517	-0.129
11	30804996	rs4439488	-0.633	0.069	-0.009	-1.020	-0.786	-0.950	-0.516	0.482	-0.141	-0.481	-0.479	-0.418	-0.531	-0.582	-0.310	-0.692	-0.824	-0.453	-0.157	-0.950	-0.064	-0.150	0.115	-0.329	0.600	0.275
11	49570587	rs11040421	-0.043	0.020	-0.614	0.144	-0.324	-0.603	0.105	1.151	0.600	-1.098	0.584	NA	-1.012	-1.217	NA	0.084	0.549	1.324	0.211	0.600	0.091	-0.764	-0.304	-0.320	0.244	-0.275
11	66290064	rs12223478	1.032	1.030	0.384	-0.589	-0.248	-0.023	-0.165	-0.217	-0.369	-1.794	0.627	-0.247	0.371	0.354	-0.464	0.276	0.599	0.432	0.407	NA	0.931	-0.188	0.112	-0.386	-0.103	-1.374
11	69391327	rs7946918	0.126	0.867	0.023	0.050	0.107	0.598	0.076	0.058	1.469	2.136	0.194	0.415	0.370	-0.271	-0.085	0.399	-0.154	-0.360	-0.114	0.067	-0.227	-0.316	-0.496	0.056	-0.304	-0.412
11	77250912	rs7119934	0.760	-0.199	0.774	0.056	0.113	0.296	-0.211	-0.279	-0.674	-0.383	-0.271	-0.334	0.242	0.288	0.357	-0.333	0.798	0.130	-0.082	0.925	1.013	0.355	0.489	0.766	0.812	1.035
11	77976475	rs4415799	0.422	-0.544	-0.312	-0.581	0.316	-0.574	-0.673	-1.584	-0.420	NA	-0.765	-0.266	NA	-0.642	-2.392	-1.170	-1.939	NA	-1.738	-1.959	NA	0.563	0.095	0.714	0.208	0.770
11	78037936	rs4945268	NA	-0.354	1.566	NA	NA	0.567	-0.385	1.214	0.247	-0.680	0.606	NA	-0.567	-0.835	-0.620	-0.672	2.114	NA	2.233	1.397	0.438	0.911	0.841	1.146	0.849	0.728
11	111283670	rs11213881	0.741	0.942	1.636	1.656	1.755	1.168	-0.195	-1.305	-0.865	-1.017	-1.121	-0.419	-0.478	-0.448	-0.243	-0.918	-0.714	-0.497	-0.557	-0.898	-0.989	0.585	1.096	0.417	0.597	0.292
11	121658959	rs949076	0.454	0.339	-0.177	0.606	0.439	0.036	0.749	0.813	1.077	0.705	0.661	1.006	1.031	0.923	0.614	1.321	0.924	1.007	1.084	0.850	0.902	1.024	1.207	1.117	0.833	0.973
12	364083	rs512147	0.670	0.421	0.648	0.251	0.787	0.459	0.688	0.742	-0.998	-2.140	0.827	-0.959	-0.908	-0.778	-0.816	-0.538	1.750	1.783	1.870	1.254	1.537	-0.411	0.347	0.194	0.422	0.075
12	540544	rs11062945	-0.347	NA	NA	NA	-0.189	-0.147	-0.441	-0.342	0.131	0.164	-0.186	-1.192	-0.802	-0.624	-1.825	-0.724	1.025	0.353	1.202	0.403	0.878	-0.819	0.292	-0.683	0.364	-0.106
12	559365	rs6489523	-0.368	-0.250	0.098	0.074	0.145	0.339	0.282	0.795	1.136	1.907	0.806	-0.163	-0.626	-0.199	-0.743	-0.440	0.689	0.693	0.730	1.218	1.162	0.319	0.281	0.273	0.473	0.261
12	3351932	rs2159381	NA	0.471	1.089	0.404	0.492	1.132	0.150	-0.155	-0.493	-0.182	-0.234	-0.326	-0.686	-0.607	-0.189	-0.463	0.155	0.725	0.591	-0.087	-0.630	0.371	0.781	0.518	0.130	0.059
12	3425881	rs11062612	-0.274	-0.893	-0.519	-0.487	-0.334	-1.403	-1.395	0.752	0.683	0.394	0.649	-0.718	-1.367	-0.815	-1.164	-0.755	-0.481	0.041	-0.145	0.254	-0.250	1.409	0.798	1.026	0.817	1.314
12	14966165	rs7963212	1.132	0.823	0.772	0.784	1.097	1.433	0.886	-0.493	0.235	0.109	0.495	-1.060	-0.984	-0.958	-1.043	-1.736	-0.246	-0.177	-0.229	-0.126	0.086	0.307	-0.019	0.379	0.480	0.218
12	15307168	rs10846153	0.534	0.694	0.337	0.230	0.560	NA	0.792	-0.675	-1.593	-1.296	-0.133	NA	-0.591	NA	-0.000	NA	0.138	-0.352	0.223	0.114	0.322	-0.155	-0.677	-0.266	-0.270	0.020
12	15325031	rs10846157	0.131	0.187	-0.011	0.208	0.656	0.190	-0.519	-0.004	-0.566	-0.287	-0.261	-0.477	-0.242	-0.082	0.194	-0.313	-0.164	-0.853	-0.185	-0.062	-0.344	-0.367	-0.258	-0.289	0.266	-0.084
12	48740855	rs2634675	-1.461	-2.827	-2.289	-2.104	-2.278	-1.730	-1.327	0.368	-0.436	-0.681	0.549	-0.415	0.112	0.002	-0.205	-0.000	0.491	0.122	0.468	0.707	0.796	0.412	0.766	0.636	0.544	0.583
12	50510462	rs12369049	0.265	-0.511	-0.166	-0.097	0.215	0.571	-0.015	0.383	1.154	0.220	0.470	0.567	0.298	0.601	0.912	-0.015	1.151	0.180	0.286	1.167	0.440	-0.580	0.048	0.896	0.102	0.249
12	65983158	rs4301828	-1.135	-0.995	0.577	-1.185	-0.670	0.134	-0.386	0.355	0.497	-0.346	-0.294	-1.160	-1.838	-2.055	-2.169	-1.659	-0.235	-1.093	0.318	0.426	-1.359	-2.173	-1.591	-1.435	-1.472	-2.513
12	76271183	rs1275609	1.151	1.291	0.940	1.050	1.169	0.954	-0.219	-1.256	-2.026	-0.802	-1.189	0.100	0.107	-0.452	0.427	0.297	-1.240	-1.390	-1.745	-1.654	-1.713	-0.397	-0.972	-0.391	-0.997	-0.579
12	112582540	rs6489830	1.700	1.401	1.122	1.716	1.530	1.375	1.621	2.037	0.729	1.394	1.606	0.361	0.102	1.250	0.032	NA	0.936	1.200	1.496	2.499	2.568	0.278	1.162	0.323	0.566	0.312
12	115735505	rs10850474	0.609	0.615	0.488	0.796	-0.114	0.708	0.438	0.777	0.672	1.366	0.335	-0.881	-1.111	-0.598	-0.583	-1.009	0.928	0.601	1.159	1.891	1.754	0.366	0.525	0.185	0.310	-0.003
13	27753936	rs4771077	0.525	1.035	0.917	0.391	0.321	0.194	0.302	0.632	-0.376	-0.274	1.284	0.278	1.107	0.857	-0.332	0.900	-0.003	NA	0.915	0.230	0.375	0.066	-0.980	0.970	-0.066	-0.091
13	41381077	rs2282026	0.155	-0.154	0.012	-0.545	0.509	-0.145	0.109	0.438	-0.068	-0.561	0.153	0.287	-0.195	-1.039	-0.983	-0.456	0.350	-0.035	0.209	0.757	0.731	-1.029	-0.653	-0.689	-0.950	-1.010
13	48654455	rs9534949	3.235	1.827	2.508	0.916	2.463	2.044	1.428	0.300	0.192	1.546	-0.242	0.652	-0.836	-0.422	0.337	-0.282	0.433	-0.767	0.065	-0.097	0.163	-1.680	0.899	-0.797	0.391	-1.066
13	51144765	rs770388	-0.744	0.048	0.661	-0.094	-0.618	-0.377	1.186	2.014	1.246	2.361	1.841	-0.484	-1.243	-1.095	-1.295	-0.728	0.682	1.459	0.807	0.555	0.839	-0.046	0.290	0.023	0.172	-0.389
13	51444628	rs9535515	0.668	0.762	0.018	1.062	0.751	0.754	0.747	0.154	0.816	0.972	0.409	0.184	-0.241	-0.283	-0.374	0.079	-0.614	0.055	-0.633	0.274	-0.591	1.847	0.518	0.951	0.948	1.261
13	72348768	rs500830	-0.626	-0.571	0.744	-0.545	-0.329	-0.443	-0.898	-0.359	-0.125	1.429	-1.058	0.014	0.971	0.777	0.841	0.105	-1.100	-0.742	-0.921	-1.108	-0.772	1.024	0.650	0.669	0.792	0.868
13	72400259	rs1408889	-0.804	-0.627	-0.424	-0.004	-0.923	-0.193	-1.412	-0.816	0.239	-0.859	-0.382	0.449	-0.599	-0.023	-0.590	0.086	-0.129	0.054	-0.160	-0.800	-0.277	-1.006	-0.220	-0.707	-0.738	-0.698
13	91991743	rs7995591	NA	-0.842	0.316	-0.727	NA	0.321	-0.048	-0.463	0.021	-0.382	-0.364	-1.103	0.031	0.462	-0.375	0.547	0.074	-0.509	-0.988	0.053	-0.234	0.511	0.960	0.287	0.480	0.723
13	110383656	rs76447295	-1.906	-1.052	-0.249	NA	NA	-0.441	0.528	-0.111	-0.018	1.226	-1.340	-1.541	-0.479	-1.052	0.134	-0.389	-1.151	0.099	-0.854	-1.638	-0.573	-0.889	-0.461	-0.728	-0.168	-0.686
13	111052898	rs9559790	2.489	1.953	1.660	2.176	1.770	1.713	1.827	0.315	-0.219	-0.540	0.419	-0.563	-0.432	-0.153	-0.361	-0.408	0.965	-0.201	0.865	0.354	0.158	-0.688	-1.021	-0.759	-0.962	-0.349
14	69437698	rs77501824	0.673	0.847	0.151	0.560	0.568	-0.089	0.129	1.028	-0.089	-0.611	0.745	-1.078	-0.642	-1.742	-0.884	-0.843	1.289	1.046	1.039	0.916	0.916	-1.060	-0.572	-0.353	0.885	-0.242
14	73244469	rs2079989	1.510	1.577	1.519	0.769	1.965	1.361	1.070	-0.287	-0.148	-0.132	0.084	0.398	0.429	-0.082	-0.076	-0.165	0.209	0.513	0.053	0.199	-0.001	0.155	-0.093	0.310	0.001	0.192
14	73308836	rs11158981	0.719	0.492	0.240	0.120	0.804	0.845	0.748	0.417	0.160	0.073	0.119	-0.794	-0.412	-0.359	-0.114	-0.112	-0.263	-0.078	-0.596	0.181	-0.044	0.168	-0.131	-0.664	-0.184	-0.204
14	73339048	rs61988470	0.224	0.057	0.388	-0.078	0.318	0.455	0.600	0.420	0.891	0.838	0.913	0.699	-0.494	NA	NA	-1.601	0.625	0.133	0.506	0.115	0.210	0.257	-0.411	0.107	-0.085	-0.035
14	85995608	rs12590399	-0.379	-1.028	-1.816	-0.861	-0.711	-1.409	-1.568	-0.147	0.529	0.903	0.619	-0.727	-0.282	-0.592	-0.653	-0.674	-0.469	-0.379	-0.434	-0.447	-0.586	-0.675	-0.735	-0.119	-0.283	-0.914
14	93407248	rs11446	0.056	0.591	-0.817	-1.508	0.601	0.316	1.135	-0.505	-1.566	0.090	-1.441	-0.952	-0.319	-1.193	-2.046	-0.974	0.082	-0.092	-0.161	-0.044	-0.028	-0.882	-1.488	-1.259	-1.306	-1.430
14	93407535	rs3742711	1.031	1.200	0.700	0.885	1.450	0.711	0.448	-0.457	0.467	-1.019	-0.662	-0.971	-1.717	-1.440	-1.609	-2.703	-0.748	-0.138	-0.592	-1.267	-1.119	-0.483	-0.806	-0.512	-0.657	-0.168
14	100966561	rs11160590	-0.941	-0.591	0.042	-0.393	-1.229	0.094	-1.090	0.424	0.545	0.929	0.615	-0.103	0.225	0.356	-0.158	0.531	0.389	-0.526	0.113	0.535	0.701	0.720	0.830	1.105	1.286	1.371
14	105583264	rs28534935	2.386	1.727	0.863	1.795	2.842	2.349	1.934	0.945	0.333	0.259	1.100	-0.473	-0.127	0.121	-0.160	0.693	0.634	1.279	1.646	1.106	0.676	0.017	-0.138	0.078	-0.473	-0.271
15	26260477	rs12437822	2.505	2.145	2.643	2.689	1.723	1.769	1.524	0.334	0.235	0.907	0.177	-1.548	-1.843	-1.626	-0.296	-1.411	0.569	0.468	0.072	-0.034	0.130	-0.372	0.135	-0.271	-0.582	0.030
15	41399951	rs6492982	-0.082	-0.269	-0.390	-0.081	-0.129	-0.740	-1.414	-0.361	0.326	0.700	-0.854	0.567	-0.090	0.790	-0.009	0.883	-1.216	-0.706	-0.457	-0.606	-0.303	-0.391	-0.313	-0.687	-0.324	-0.310
15	45442687	rs1706803	0.595	-0.404	0.512	0.254	-0.175	0.117	0.208	-0.914	-0.173	-0.112	-0.586	0.604	0.548	0.504	0.400	-0.463	-1.652	-1.449	-0.823	-0.735	-1.537	-1.385	-1.369	-0.917	-0.735	-0.944
15	45620147	rs79458803	NA	0.747	1.000	0.996	0.499	0.234	0.822	0.526	-1.252	-1.138	0.272	-0.396	0.176	-0.172	0.079	-0.169	1.271	0.839	1.627	0.983	0.574	-0.284	-0.749	-0.479	-0.022	-0.144
15	45683795	rs1145077	0.494	0.362	0.007	0.172	0.693	-0.133	-0.907	-0.870	-0.313	0.045	-1.267	-0.409	0.444	-0.247	1.278	-0.967	-0.760	-3.259	-1.318	-0.622	-1.075	-1.111	-1.400	-1.072	-1.150	-1.223
15	45902779	rs12909221	-0.995	-0.089	-0.484	-1.051	-0.884	-0.941	-0.680	-0.505	0.760	0.341	-0.667	0.478	-0.492	-0.139	-0.989	-0.107	-0.945	-1.249	-1.100	-1.036	-1.003	-0.907	-0.705	-0.865	-1.021	-0.457
15	45938661	rs2218309	-0.052	0.988	0.841	0.433	-0.461	1.083	0.332	-0.335	-0.725	-0.310	0.898	0.127	-0.610	-0.200	-0.079	-0.613	1.661	0.947	1.263	0.794	1.785	0.464	0.821	0.613	0.791	0.177
15	46092747	rs11629760	-1.422	-0.499	-0.764	-0.592	-0.275	0.143	-0.776	0.157	1.577	1.016	-0.632	0.492	0.200	0.508	NA	NA	0.205	-0.034	-0.492	0.268	0.667	0.230	-0.234	0.453	-0.291	0.169
15	50799016	rs9635336	0.347	0.423	0.550	0.740	0.036	-0.537	0.186	1.092	1.530	1.890	0.507	0.912	0.417	1.658	1.104	0.553	0.837	0.769	0.758	0.915	0.830	0.546	-0.781	-0.255	0.568	-0.433
15	53844036	rs9302171	1.014	0.504	0.470	-0.332	1.242	0.643	0.664	0.822	0.557	0.119	1.315	1.417	1.996	1.234	1.596	1.350	1.102	0.952	1.261	1.106	1.397	-0.289	0.903	0.137	0.462	0.140
15	54003091	rs551225	-0.195	-0.833	0.049	-0.642	-0.674	-1.426	-0.688	-0.066	0.240	0.801	-0.336	0.207	0.419	0.974	-0.023	0.335	-0.983	0.131	-0.398	-0.822	-0.354	-0.712	-0.332	-0.592	-0.914	-0.832
15	75452332	rs12915089	-1.528	-1.475	-1.742	-1.420	-1.668	-0.605	-1.561	-0.266	0.482	-0.330	0.830	-0.022	-0.064	-0.367	-0.541	-0.467	1.387	0.907	1.613	1.015	0.882	0.264	0.164	0.082	0.367	0.947
15	75664570	rs4886696	1.353	1.822	1.339	1.611	1.864	1.309	1.579	0.446	-0.864	-0.820	0.587	-0.761	-0.549	-0.753	-0.042	-0.269	-0.284	-0.226	-0.526	-0.245	0.209	-1.385	-1.687	-1.431	-1.251	-1.025
15	76264167	rs7183815	-1.272	-2.210	-1.495	-1.002	-1.336	-1.940	-1.506	-2.639	-2.233	-1.443	-3.499	0.163	-1.232	-1.143	-0.932	-1.183	-1.879	-3.175	-2.610	-2.350	-3.598	-0.317	0.199	0.347	-0.721	0.294
15	76367695	rs2959842	-0.502	0.193	-0.261	0.283	-0.938	-0.274	0.326	0.394	0.135	0.748	-0.028	0.320	0.064	0.279	-0.428	-0.052	0.055	-0.237	-0.463	-1.092	-0.636	0.265	0.637	1.038	0.582	0.239
15	98255969	rs5007156	1.364	1.044	0.662	1.027	1.144	1.272	0.156	-1.181	-0.559	-0.211	-0.903	0.017	-0.269	-0.994	0.849	-0.819	-0.296	-0.080	-0.262	-0.569	0.085	-0.787	-0.767	-0.671	-0.411	0.147
15	99186488	rs1573891	0.825	0.776	0.692	0.673	0.548	0.417	-0.563	-1.258	-1.127	-1.592	-0.425	-0.252	-1.832	-0.631	-0.266	-0.433	-0.512	-1.998	-0.680	0.108	-0.110	-0.547	-0.858	-0.858	-1.162	-0.886
15	99276521	rs59646751	1.212	0.851	0.805	0.775	0.436	1.453	1.852	0.357	-0.865	-0.705	0.578	-0.519	0.406	-0.328	-0.265	0.654	1.086	1.260	1.626	1.520	0.597	-0.302	0.673	-0.607	0.390	0.335
16	20372696	rs73543320	0.122	0.758	0.391	1.351	0.011	-0.145	0.671	-0.581	-0.029	-0.388	0.219	0.072	0.016	0.022	-0.146	0.467	0.420	0.697	0.593	0.723	-0.060	-1.434	-1.791	-0.313	-1.039	-0.070
16	20390734	rs112709995	0.238	0.500	-1.143	0.290	-0.024	-0.376	-0.839	-0.775	-0.457	-0.382	-0.014	0.597	-0.360	-0.267	0.301	-0.382	-0.138	1.018	0.241	0.403	0.452	-0.654	0.135	-0.558	0.237	-0.029
16	20392332	rs77924615	0.279	-0.272	-0.771	NA	-1.106	-0.068	-0.640	0.006	0.720	-0.800	-0.527	0.541	0.437	0.932	0.603	0.710	0.789	0.452	-0.243	0.045	0.797	-1.219	-0.962	-0.776	-0.937	-0.499
16	20410488	rs7185940	0.640	0.157	0.164	0.740	0.457	0.228	0.503	0.495	0.355	-0.836	0.481	0.419	-0.160	0.258	0.101	0.151	0.734	1.095	0.439	0.717	0.783	0.002	0.069	0.078	0.227	0.094
16	28857645	rs7187776	0.410	-0.433	-0.374	-0.180	-0.233	0.207	0.727	1.109	2.061	2.802	0.686	0.299	0.149	-0.018	0.526	-0.473	0.576	0.518	0.460	-0.098	0.464	0.319	0.303	-0.100	-0.064	-0.073
16	51464595	rs1420994	1.820	1.865	0.942	1.827	1.526	0.684	0.426	-0.694	-1.346	-0.918	-0.521	0.124	-0.137	-0.097	-0.771	-0.318	-0.291	-0.737	-0.564	-0.353	-0.063	-1.059	-1.491	-1.365	-1.158	-0.628
16	53189672	rs7203398	-0.337	-0.408	-0.520	-0.462	-0.715	0.080	0.928	0.735	0.678	0.221	-0.389	-1.602	-1.178	-0.527	-0.407	-1.723	-0.579	-1.108	-0.390	-0.370	-1.132	-1.034	-1.588	-1.275	-1.528	-1.286
16	71595022	rs60232159	0.634	0.705	-0.637	0.828	1.435	1.323	1.016	0.347	0.333	0.131	0.170	0.305	0.871	-0.282	1.858	0.083	-0.183	0.407	-0.250	-1.108	-0.334	-0.914	-0.477	-0.544	-0.919	-0.169
16	75654031	rs11648478	0.810	1.079	0.794	0.216	0.674	0.916	1.206	0.338	0.957	0.272	-0.095	-0.625	0.470	0.463	0.588	0.185	0.316	1.305	1.304	-0.272	-0.406	-0.245	-0.036	0.810	1.244	1.647
16	86417539	rs1687659	0.424	-0.576	0.449	-0.165	0.253	0.342	-0.207	1.085	0.918	0.851	1.548	1.313	1.289	0.105	0.375	0.744	2.196	0.947	2.195	1.447	2.061	0.485	0.583	-1.061	-0.532	-0.028
16	89260984	rs72819370	NA	-0.378	0.009	-1.262	-0.531	-1.242	-1.403	1.189	0.541	0.869	0.530	NA	1.128	0.742	0.364	0.721	1.408	0.946	NA	NA	NA	0.471	0.421	0.417	1.135	NA
16	89985222	rs3212361	0.329	0.776	-0.248	-0.208	-0.187	-0.127	-0.044	1.153	-0.121	-0.261	1.013	-0.210	-0.931	-0.109	-2.275	-0.165	0.973	1.241	1.049	1.698	1.787	0.697	0.411	0.815	0.153	1.196
16	90053048	rs9939542	0.487	0.777	0.508	-0.113	-0.185	-0.293	-0.113	-1.005	-0.794	-1.152	-0.650	-0.481	NA	NA	NA	NA	0.103	0.001	-0.110	-1.374	-1.192	0.536	0.169	-0.746	0.182	0.281
17	1625892	rs57937546	1.282	-0.370	NA	0.911	0.706	0.749	-0.335	-0.267	-0.974	-0.664	-0.075	NA	NA	1.282	NA	1.254	0.224	1.440	0.726	-1.014	-0.581	0.429	0.097	0.095	0.025	0.210
17	2052504	rs11650922	-0.482	-0.953	-1.146	-0.828	-0.720	-0.561	-0.452	-1.475	-2.493	-0.917	-1.077	-0.664	-0.710	-0.472	1.093	-0.140	-0.809	-0.603	-0.748	-1.281	-1.101	-0.167	-0.167	0.245	-0.025	-0.279
17	7537098	rs858516	1.509	2.000	1.200	1.549	1.735	1.124	0.730	-0.667	-0.218	-1.019	-0.484	-0.528	0.555	0.074	0.052	-0.257	-0.653	-0.692	-1.345	-1.374	-1.293	-0.468	-0.641	-0.587	-0.370	-0.337
17	19486592	rs56866369	0.117	0.999	0.611	0.570	-0.082	-0.166	0.764	-0.824	-0.874	-0.579	-0.949	-1.613	-0.070	-0.832	0.008	-1.635	-0.177	0.677	-0.811	-0.753	-0.619	-0.685	-0.698	-0.460	-1.360	-0.635
17	37047658	rs9889726	0.087	0.128	-0.114	0.200	-0.812	-0.474	0.386	2.118	1.417	0.711	1.475	0.391	0.840	0.914	0.393	0.514	1.623	2.139	2.093	1.695	1.907	1.581	1.915	1.413	1.562	1.415
17	37396679	rs11078893	-0.279	-0.304	-0.747	-1.013	-0.422	-0.289	0.070	0.903	0.871	-0.076	0.859	NA	1.258	1.101	1.242	NA	0.969	1.771	1.070	1.049	1.044	1.341	1.585	1.233	1.344	1.364
17	37555627	rs2338796	-1.662	-0.809	-1.727	-0.081	-0.712	-1.544	-0.824	-1.415	-2.108	-0.083	-0.692	NA	-2.224	-2.949	-3.222	-1.280	NA	-0.152	NA	NA	-3.290	0.291	0.283	-0.578	0.660	1.515
17	37670994	rs4794813	-0.345	-0.147	-0.421	-0.697	-0.604	0.528	0.134	1.270	0.680	-1.783	0.824	1.110	1.155	0.341	0.682	1.124	1.559	1.308	NA	NA	0.063	2.028	1.848	1.630	1.484	1.387
17	37835755	rs11078919	1.253	1.055	1.251	1.275	1.435	0.388	0.680	0.755	0.541	1.553	0.444	1.095	0.830	1.121	0.653	1.353	-0.335	-0.003	-0.044	0.092	-0.110	0.452	0.139	0.646	0.233	0.673
17	57475540	rs72839014	-0.651	0.008	-1.912	2.070	-0.091	-0.643	-0.726	-0.114	0.118	-0.565	-0.229	-0.701	0.367	0.623	0.415	-0.569	-0.154	0.234	-0.332	-0.097	-0.768	-0.275	-0.003	-0.535	-0.525	-0.256
17	58981156	rs9897803	0.303	0.150	0.303	0.090	0.096	0.105	0.715	0.607	1.622	-0.770	1.521	0.754	1.351	-0.533	1.779	-0.205	1.228	0.452	1.512	2.185	1.474	0.229	1.826	0.954	1.845	1.265
17	59236155	rs8075455	1.253	1.063	0.549	0.647	1.034	0.998	0.842	-1.073	0.233	-0.018	-0.766	0.374	-0.776	-1.114	-0.738	-0.249	-0.385	-1.217	-0.569	-0.704	-1.396	-2.057	-2.451	-2.399	-1.988	-2.356
17	59456589	rs9895661	-0.070	0.338	NA	0.984	-0.720	0.544	0.985	1.721	0.664	0.089	1.688	-0.177	0.042	0.032	0.079	-0.063	2.359	0.602	2.168	2.882	2.330	1.127	1.209	1.275	1.679	1.435
17	59470842	rs1132179	0.873	1.224	-1.545	-0.512	0.785	0.421	0.965	-1.252	-1.024	-1.018	0.632	0.044	-0.304	0.440	0.457	-0.183	1.129	-1.862	1.970	1.729	0.662	-0.865	0.256	0.667	-1.272	-0.376
17	59471372	rs2286528	-0.778	-2.202	-0.369	-1.789	-0.117	-0.515	0.073	-0.656	-1.816	-1.136	-0.254	-1.151	-1.201	-0.744	-1.483	-1.204	-0.111	1.046	2.120	0.565	-0.121	-1.166	-0.230	-0.726	0.026	-1.595
17	59485393	rs2240736	-0.340	1.919	-0.898	1.213	-0.224	0.110	-0.099	0.590	0.133	0.081	1.019	0.882	0.793	1.211	0.562	0.913	2.653	0.682	2.742	1.783	1.741	0.931	0.715	0.687	1.116	1.067
18	5585158	rs1719934	0.065	0.785	-0.279	0.792	0.862	-0.246	-0.238	-0.517	-0.776	0.326	-0.741	-0.670	-1.108	-0.977	-0.927	-0.803	-0.075	-0.743	0.224	-0.113	0.048	-0.899	-1.198	-1.282	-1.297	-1.041
18	5956920	rs3927780	1.592	1.486	1.054	1.522	2.059	1.858	2.189	1.229	1.218	0.372	0.847	1.805	1.704	1.169	1.312	1.660	0.767	1.366	1.466	1.253	0.828	1.331	1.083	1.761	1.271	1.400
18	13493183	rs1632539	-0.142	-0.352	0.216	-0.204	0.048	0.096	-0.317	0.193	-0.348	0.466	0.629	-1.368	-1.153	-0.615	-1.015	-1.793	0.365	1.251	0.316	0.200	0.843	-0.530	-0.575	-0.981	-0.466	0.213
18	59354616	rs4940525	1.653	-1.460	-0.380	-1.623	-1.284	-1.212	-1.258	0.559	0.308	0.521	-0.326	0.523	1.234	1.038	1.662	0.891	0.836	0.641	1.259	0.496	0.497	1.313	1.605	0.828	0.859	1.102
18	77150335	rs9963656	0.038	0.134	-0.019	0.282	0.148	0.389	1.078	2.048	0.849	0.218	1.513	0.127	-0.135	0.170	-0.434	-0.287	1.256	1.749	1.593	1.819	1.938	0.547	1.003	0.897	0.803	0.803
19	1167158	rs4807624	1.671	0.970	1.009	0.833	1.131	1.106	1.093	0.402	0.819	0.546	0.463	1.518	1.045	1.418	0.980	1.091	0.044	0.813	0.416	0.510	0.296	1.272	0.845	1.173	1.182	1.281
19	22259782	rs10411943	-0.840	-0.383	-0.886	-0.747	-0.794	-1.420	-1.629	-0.744	-0.985	0.262	-0.046	0.286	-0.332	0.907	0.109	-0.041	0.178	0.053	0.311	0.208	-0.433	0.578	0.747	0.277	0.107	-0.141
19	33349488	rs2287879	0.341	0.290	-0.243	NA	NA	0.322	-0.801	-2.110	-1.937	-2.461	-1.240	-1.555	-2.626	-1.851	-1.212	-1.664	-1.128	-0.403	-0.549	-0.884	-0.681	-1.308	-1.445	-1.365	-1.321	-1.353
19	33402419	rs8101667	-0.772	0.693	-0.650	0.003	-0.562	-0.714	1.107	0.918	2.218	3.411	0.890	0.997	1.030	0.576	-0.005	0.721	0.124	0.713	0.150	0.335	-0.683	0.547	0.776	1.467	0.971	1.317
19	36997147	rs7251730	0.108	0.901	2.024	0.829	-0.079	2.055	1.224	0.096	0.658	0.546	-0.381	NA	NA	2.062	-0.371	NA	-0.014	0.934	0.635	0.270	0.814	2.509	2.349	0.959	2.150	0.794
19	37389470	rs7250197	0.449	0.240	0.462	-0.000	-0.020	0.907	1.179	1.038	-0.013	NA	0.261	-1.168	-1.036	-0.686	-1.437	-1.885	0.164	0.052	0.297	-0.289	0.034	-1.407	-1.231	-0.912	-0.764	-1.059
19	37595835	rs139500119	NA	NA	1.069	0.267	0.302	0.110	0.255	NA	-0.557	0.278	-0.140	0.756	NA	0.480	0.585	NA	0.043	0.229	0.187	0.638	1.009	0.948	0.341	0.958	0.358	0.513
19	37855488	rs256744	0.935	0.307	2.113	-0.639	0.820	0.330	1.161	-1.418	-1.375	-1.297	-0.265	-1.717	-1.055	NA	-0.922	-1.074	-1.286	NA	-0.743	NA	-0.991	0.622	0.310	-0.208	0.117	-0.152
19	38115841	rs2385119	-1.000	-0.513	-0.518	-0.700	-0.158	-0.286	-0.502	NA	NA	0.410	0.043	NA	-0.407	NA	NA	NA	NA	0.779	NA	-0.308	-0.331	-0.772	-0.078	0.156	-0.044	-0.362
19	38157969	rs113445505	1.116	-0.087	1.306	0.230	1.298	0.778	1.094	NA	-0.123	-0.069	0.183	1.108	-0.066	-0.284	-1.421	0.652	-0.682	NA	NA	-0.137	-0.279	0.340	0.499	0.293	0.257	0.419
19	38472344	rs833917	1.817	1.776	1.367	1.881	1.648	0.736	2.136	1.094	0.487	0.262	0.731	1.088	1.399	0.882	1.338	1.030	1.376	0.810	1.125	0.911	0.909	0.410	0.658	0.302	0.869	0.681
19	50097607	rs57940349	-0.403	-0.577	-0.313	0.379	-0.675	0.142	-0.352	1.287	1.430	0.684	1.166	NA	1.073	1.053	0.297	0.391	0.555	1.327	0.639	0.628	0.348	0.544	0.413	-0.023	0.139	-0.208
19	50176686	rs10411771	0.966	1.194	1.590	1.357	1.031	0.667	0.863	-1.002	-0.310	0.456	-1.189	-1.634	-1.394	-1.144	-1.504	-1.057	-0.774	0.176	-0.607	-0.914	-0.543	-0.686	-0.938	-0.487	-0.916	-0.236
20	1395780	rs6033710	0.702	0.256	0.543	0.465	1.060	0.444	0.780	0.237	-0.522	-0.280	1.110	-1.066	-0.815	-0.918	-0.142	-0.821	1.577	1.356	1.287	1.317	1.291	0.991	0.892	1.155	1.037	0.725
20	10620275	rs1051421	0.260	1.035	0.696	0.693	0.784	1.067	0.023	-1.023	-0.646	-0.578	-1.009	-0.026	0.876	-0.316	0.105	0.093	-0.468	-0.510	-0.424	-1.025	-0.820	-1.668	-2.224	-1.543	-1.529	-1.308
20	33156742	rs6088528	1.057	1.182	1.247	0.769	0.888	0.480	-0.464	0.898	1.146	1.212	0.021	0.259	1.160	0.926	0.977	0.509	-0.067	0.159	0.264	0.153	0.225	0.240	0.455	0.494	0.310	0.373
20	39622873	rs6072224	0.959	1.797	-0.569	0.190	0.808	0.829	-0.301	1.252	0.550	-0.004	1.520	0.066	0.362	-0.423	0.105	-1.197	1.632	0.553	1.912	1.950	2.296	0.872	1.345	0.282	1.408	0.583
20	42738911	rs12329575	0.393	1.053	-0.324	0.957	0.250	0.282	-0.039	-0.232	-0.067	-0.440	0.258	NA	NA	0.979	NA	-1.567	-0.231	-0.889	-0.447	0.134	-0.171	1.577	-0.125	-0.655	0.060	-1.234
20	51270980	rs856385	-0.363	-0.836	-0.959	-0.905	-0.604	-1.500	-1.246	-0.666	-0.714	0.367	-1.034	-0.443	-0.833	-0.878	-0.490	-0.932	-0.781	-0.821	-0.993	-1.429	-0.767	-0.595	-0.551	-0.442	-0.593	-0.316
20	52732362	rs17216707	-0.912	1.100	1.329	1.128	-0.127	0.705	0.906	-1.390	-1.668	-1.902	-0.679	-0.346	0.374	1.198	-0.128	1.097	-0.118	-1.231	-0.682	-0.340	-1.174	-1.188	-1.601	-1.460	-1.135	-1.757
20	52779925	rs11907626	0.021	0.710	-0.337	0.589	0.451	-0.207	0.703	0.894	2.507	0.688	0.973	-0.279	-0.357	-0.194	0.320	-0.763	-0.513	-1.492	-0.114	0.701	0.162	-0.723	-0.417	-0.997	-0.686	-0.828
20	56115725	rs6099671	1.160	1.638	2.302	1.851	1.739	2.555	2.443	0.099	-0.569	-1.192	0.276	0.290	0.809	0.977	0.298	0.998	0.142	1.283	0.426	0.791	0.586	0.603	0.233	0.335	0.622	0.687
20	56160350	rs2064393	1.938	1.441	0.865	1.599	1.984	1.386	0.850	-1.418	-1.728	-1.306	-1.233	-0.518	-0.513	-0.252	-0.087	-0.712	-1.822	-1.500	-0.680	-1.951	-1.951	-1.153	-0.157	-0.646	-0.367	-0.665
20	60796473	rs6587298	-0.330	-0.667	0.190	-0.511	-0.430	-0.509	-0.558	-0.052	-0.206	0.963	0.258	1.079	0.756	0.781	-0.370	0.339	0.242	-0.057	0.445	0.677	0.324	0.220	-0.203	-0.031	0.002	-0.206
20	62787754	rs565218	2.140	3.058	2.153	2.547	2.772	2.580	2.458	0.241	-0.061	0.289	-0.092	0.469	0.359	0.065	-0.017	0.162	0.046	0.792	0.281	-0.016	0.790	0.612	0.843	0.811	1.038	0.972
21	27774063	rs219612	-0.669	-1.335	-0.738	-1.317	-1.192	-1.954	-1.718	-0.190	-0.200	0.475	0.169	-1.287	-0.904	-1.073	-0.494	-1.137	0.796	1.400	1.269	0.926	0.765	0.226	1.144	0.710	0.294	0.413
21	37800374	rs170141	-0.109	-0.619	0.556	-0.501	-0.612	-0.082	0.378	-0.368	0.667	0.391	0.005	0.708	NA	1.799	1.394	NA	-1.043	-1.208	-0.560	-0.741	-0.759	1.469	1.506	1.938	1.188	1.800
22	25937821	rs540326	-0.210	0.314	0.531	0.511	0.076	0.171	0.110	0.344	1.096	0.928	0.678	1.642	0.829	1.536	1.201	1.269	0.116	0.372	0.148	0.223	0.088	1.204	0.698	1.045	-0.053	0.103
22	28188203	rs5752638	NA	-0.766	0.546	-0.862	-0.953	-1.388	0.396	0.828	0.520	0.687	0.885	0.114	0.331	-0.168	0.993	0.497	0.125	0.153	0.036	0.345	0.198	1.302	1.235	0.713	0.883	1.374
22	38599857	rs4820324	0.889	0.127	0.499	0.569	0.615	0.379	0.718	0.388	0.739	1.114	0.768	0.622	1.250	1.665	1.389	0.802	1.681	1.326	1.508	0.666	0.614	-0.313	-0.056	-0.477	0.439	-0.240
22	38623313	rs35391894	-1.489	-2.215	-0.564	-2.355	-0.905	-0.977	-0.439	-0.337	0.275	0.255	0.360	0.063	0.446	0.423	0.718	0.432	0.913	0.579	0.764	0.088	0.254	-0.558	-0.364	-0.557	-0.384	-0.607
22	42388826	rs56234624	0.123	-0.028	0.123	-0.140	0.068	-0.699	-0.694	-0.098	-0.624	-0.322	0.304	-0.548	0.646	0.766	-0.102	1.336	1.193	1.231	1.048	0.692	1.173	1.813	0.807	0.869	1.367	1.376
22	42548880	rs2743467	-0.536	0.571	0.595	0.298	0.779	0.517	-0.437	-0.322	0.433	0.691	0.402	0.789	0.629	0.573	-0.067	-0.249	0.931	1.057	1.078	0.930	0.729	0.443	0.667	0.497	0.201	0.822
22	42582394	rs5758638	0.256	0.175	0.211	-0.004	-0.276	0.014	0.917	1.000	2.296	2.131	0.644	-0.957	-0.155	-0.005	0.500	-0.939	0.584	-0.603	-0.488	0.233	-0.154	1.234	1.202	1.587	1.728	1.955
22	43095600	rs5758871	-0.742	-2.152	-1.418	-1.676	-1.492	-1.310	-0.081	1.034	0.037	0.720	1.198	-0.832	-1.203	-1.005	-0.891	-1.009	0.867	1.122	1.128	0.867	1.239	0.043	0.586	0.901	0.229	0.814
