chr	pos	bstat
1	41809640	790
1	42946462	403
1	59646978	966
1	197588006	386
1	205114873	350
2	69668802	488
3	141625999	714
3	168840179	443
4	45186139	900
4	138464842	690
5	17118930	938
5	52193125	751
5	96347775	508
5	107352294	899
5	111406810	890
5	122420430	830
5	156123651	786
6	7975259	922
6	33784105	727
7	80570871	923
8	16129573	948
8	55437524	888
8	96020974	585
9	95988968	636
9	119245127	652
10	25054674	778
10	31755920	500
10	60352888	858
10	114758349	907
10	118408642	797
10	122915553	929
11	111461003	227
12	42783107	436
12	109036248	628
12	115345978	975
14	93507197	851
15	56135709	635
16	88546253	969
17	41173086	267
17	73879092	399
18	36532976	852
19	2236097	970
19	4967739	964
19	21936885	988
19	38334361	615
20	17596155	834
21	16584341	970
22	33296139	873
22	44324730	934
