chr	pos	RSNUM	ESN	GWD	LWK	MSL	YRI	ACB	ASW	CLM	MXL	PEL	PUR	CDX	CHB	CHS	JPT	KHV	CEU	FIN	GBR	IBS	TSI	BEB	GIH	ITU	PJL	STU
1	41809640	rs12047439	1.089	0.685	2.284	1.490	0.883	0.149	0.558	1.025	0.416	2.072	0.339	-1.121	-0.064	-0.520	0.491	-0.638	0.911	0.296	0.945	0.640	0.328	0.514	0.699	0.714	0.552	1.075
1	42946462	rs2152314	-1.592	-0.924	-1.707	-1.411	-1.496	-1.449	-1.850	-1.199	-0.334	-1.475	-0.716	-0.808	-0.470	-0.632	0.056	-0.753	0.521	0.106	0.181	-0.195	0.029	1.023	-0.152	-0.914	1.526	-0.128
1	59646978	rs12733512	-0.185	0.038	NA	1.137	2.076	-0.597	-0.832	-0.641	0.453	-0.440	0.099	-0.998	-0.847	-0.328	-0.649	-1.091	-0.466	-0.571	-0.565	-0.391	-0.436	-0.495	-0.563	-0.719	-0.882	-0.878
1	205114873	rs12048743	0.201	1.008	0.639	0.047	-0.531	0.277	-0.097	0.469	0.275	3.002	-0.313	0.603	-0.277	-0.577	0.815	1.265	-1.239	-0.147	-1.129	-1.663	-0.437	0.790	0.386	0.546	0.551	1.167
2	69668802	rs4346430	2.043	1.045	0.704	0.978	1.285	1.265	0.042	0.168	-0.597	-0.241	0.263	-0.661	-1.210	-0.956	-1.095	-0.722	0.422	0.449	0.226	0.873	0.647	0.123	0.071	0.086	0.061	0.016
3	141625999	rs7622417	1.324	0.017	1.023	0.228	-0.219	0.412	-0.371	-0.757	-1.286	-0.997	-0.621	0.626	-0.141	0.225	-0.446	0.059	-0.966	-0.995	-1.313	-0.811	-0.363	-0.217	-0.660	-0.458	-0.349	-0.203
3	168840179	rs16853198	0.140	0.716	0.147	0.200	0.779	-0.008	0.586	-0.072	-1.058	0.547	0.187	-1.535	-1.725	-1.060	-0.703	-0.874	0.227	1.160	0.081	0.994	1.479	-0.419	-0.334	-0.329	-0.106	0.292
4	45186139	rs10938398	0.193	0.329	-0.174	-0.090	-0.055	0.069	0.300	-0.283	-0.246	-0.122	-0.532	0.028	-0.618	-0.475	-0.099	-0.130	-0.114	-0.644	-0.606	-0.142	-0.362	-0.564	-1.255	-1.071	-0.589	-0.920
4	138464842	rs7439567	-0.116	-0.465	-0.175	-0.022	-0.023	-0.247	-0.896	-0.713	-0.347	0.052	-0.824	0.832	0.275	0.525	0.308	0.397	-0.854	-0.504	-0.616	-0.566	-0.253	0.430	0.186	-0.400	-1.177	0.324
5	17118930	rs1032763	1.764	0.743	0.538	-0.371	1.539	0.673	0.940	0.489	1.157	-0.078	-0.187	-0.230	0.756	0.990	0.590	0.054	-0.008	1.099	0.156	0.342	0.028	2.249	1.167	0.404	0.655	0.834
5	52193125	rs4074793	NA	NA	-1.256	NA	NA	0.283	0.828	0.751	0.130	-0.876	0.090	-0.593	-1.249	-0.195	-1.331	-0.784	0.970	-0.137	0.894	0.299	0.501	-0.012	0.092	NA	0.059	-0.934
5	96347775	rs27660	0.066	-0.385	-0.488	-0.482	-0.021	-0.116	0.249	-1.835	-0.151	0.076	-1.042	0.728	0.012	0.180	-0.914	0.245	-1.025	-2.075	-1.536	-1.193	-0.625	-2.212	-2.119	-2.105	-0.987	-2.725
5	107352294	rs288173	1.020	1.732	1.319	0.429	1.176	1.102	0.658	-0.582	-2.032	-1.688	0.195	0.229	0.341	0.207	0.986	0.279	-0.254	-0.165	-0.082	-1.165	-0.170	-0.281	-0.631	-0.226	-0.019	-0.855
5	111406810	rs256277	0.841	1.041	0.766	0.227	1.028	0.176	0.363	-0.437	-0.937	-1.207	-0.337	-0.815	-0.230	-0.785	-0.483	-0.778	-0.053	-0.129	0.144	-0.299	-0.237	-1.360	-1.958	-1.356	-1.256	-1.247
5	122420430	rs73796819	1.666	1.922	2.348	0.318	1.552	1.339	2.034	1.207	-0.016	-0.947	0.519	0.457	1.648	0.530	0.958	0.430	-0.272	-0.308	-0.384	-0.222	-0.481	1.192	1.196	1.241	0.926	1.712
5	156123651	rs39929	-1.356	-1.538	-1.139	-1.788	-0.631	-1.905	-0.240	-1.713	-2.005	-1.403	-1.095	0.225	-0.092	-0.345	-0.653	-0.097	-0.886	-0.865	-1.488	-0.630	-0.856	-0.821	-1.297	-0.669	-1.225	-0.663
6	7975259	rs6597292	-0.126	0.402	0.400	0.336	0.479	0.145	0.140	0.944	1.237	0.935	0.854	1.154	1.140	1.500	1.479	1.149	0.703	1.145	0.666	0.746	0.234	0.380	-0.007	-0.292	0.210	0.064
6	33784105	rs62397561	-0.208	0.384	-0.466	-1.307	-0.576	-0.761	-0.471	1.799	1.987	1.696	0.757	-1.561	-1.127	-1.300	-0.197	-1.115	0.492	0.835	0.871	0.828	0.554	-0.877	-0.098	-0.493	-0.129	-0.646
7	80570871	rs917191	0.670	-1.370	-1.048	-1.376	0.622	-1.290	-1.032	-1.262	-1.555	-0.994	-0.903	-1.046	-0.610	-0.991	-0.387	-0.658	-0.367	-0.593	-0.510	-1.197	-0.922	-1.936	-0.838	-1.387	-0.478	-0.446
8	16129573	rs1480146	-0.188	-0.184	0.289	0.494	-0.521	-0.480	-1.040	-1.537	-1.479	-0.212	-1.857	-0.897	-1.084	-0.992	-0.534	-1.175	-1.004	-1.095	-0.481	-2.044	-0.407	-0.294	-0.868	0.003	-0.721	-1.085
8	55437524	rs9298506	-0.756	-0.118	-0.095	-0.701	-0.444	-0.252	-1.036	-0.312	-0.218	-0.585	-0.555	-0.162	0.643	0.172	0.252	-0.463	0.699	0.296	-0.525	0.444	0.819	0.896	0.545	0.148	0.345	0.531
8	96020974	rs3019173	-0.054	-0.300	0.329	-0.098	-0.204	-0.317	-0.048	-1.114	-0.417	-0.589	-0.828	-1.043	-0.184	-0.781	-1.096	-1.516	-1.180	-0.790	-0.651	-0.964	-1.353	-2.045	-1.689	-1.865	-2.509	-2.338
9	95988968	rs4617217	-0.686	-0.014	-0.813	-0.508	-0.635	-0.527	-0.574	0.702	0.833	0.817	-0.047	0.841	0.898	0.800	0.590	0.809	1.235	0.594	1.307	0.865	-0.005	1.667	0.978	1.198	0.837	0.947
9	119245127	rs7873551	-0.453	-0.817	-1.311	-0.162	0.388	-0.327	-0.182	-0.273	0.589	0.960	-0.436	-1.335	-0.560	-1.198	0.392	-0.667	0.008	0.172	-0.299	-0.286	-0.286	-0.115	-0.470	-0.449	-0.391	-0.672
10	25054674	rs7077962	-0.806	-0.397	-0.922	-0.059	-0.200	-1.213	-0.647	-0.412	-0.567	-0.728	-1.109	-0.317	0.087	-0.085	-0.319	-0.492	-1.181	-1.182	-0.981	-0.906	-0.383	-0.227	-0.539	0.003	-1.000	-0.376
10	31755920	rs161231	-0.092	-1.528	-0.686	0.409	0.923	0.395	-0.643	-1.045	-0.309	-2.283	-1.930	0.308	1.164	1.365	1.239	0.614	0.427	1.961	1.191	-0.800	0.559	0.678	0.966	0.461	1.759	0.655
10	60352888	rs10740732	0.055	0.854	0.474	0.115	0.823	0.909	0.866	-1.080	-0.856	-1.027	-0.650	1.109	1.759	1.182	1.818	0.812	-0.243	-0.414	-0.563	-0.286	-0.357	0.554	0.451	0.529	0.691	0.540
10	114758349	rs7903146	-0.098	0.694	0.002	0.429	-0.008	-0.217	0.396	-0.816	-0.705	-1.618	-0.185	-0.498	-0.056	-0.469	-1.976	-0.722	-0.081	-0.016	0.133	0.241	0.155	-0.542	-0.135	-1.219	-0.538	-0.662
10	118408642	rs2218584	-0.704	-0.618	-0.375	-1.237	-0.953	-1.326	-0.405	0.136	0.171	0.074	-0.327	0.673	NA	0.024	0.097	0.145	0.169	0.844	0.187	0.280	0.299	0.690	0.852	1.124	0.589	0.744
10	122915553	rs17101521	0.070	0.455	-0.392	1.603	0.918	-0.751	1.563	0.977	0.258	0.498	-0.521	0.253	-0.078	0.216	0.562	0.486	-2.402	0.602	-0.246	-1.393	-0.509	-1.747	NA	-2.312	-1.692	-0.536
11	111461003	rs11213945	-0.349	-0.581	-0.793	-0.188	-0.404	-0.537	-0.706	0.048	0.649	0.676	0.296	-0.562	0.794	0.011	1.177	1.386	0.342	0.305	-0.090	0.304	0.067	0.702	0.832	0.685	0.504	0.435
12	42783107	rs12820154	-1.000	-0.635	-1.250	-1.144	-0.966	-1.282	-1.594	-0.655	0.380	-0.211	-1.899	NA	NA	-0.630	NA	NA	-0.760	NA	-0.499	-0.600	-0.027	-2.258	-2.075	-1.133	-1.641	-1.101
12	109036248	rs1558802	-0.580	0.616	-0.150	-0.068	-0.336	-0.492	0.921	-0.050	-0.061	-0.993	0.841	-0.009	0.024	0.100	0.177	0.038	0.282	-0.066	-0.153	0.041	0.078	-0.952	-0.418	-0.534	-0.825	-1.124
12	115345978	rs4767278	0.575	-0.497	1.082	-0.490	0.353	-1.014	-0.124	-1.325	-0.556	0.229	-1.222	0.091	0.998	0.504	-0.048	0.840	-0.922	-1.311	-1.325	-1.719	-1.306	0.448	0.214	0.304	0.192	0.017
12	133780309	rs36127550	NA	1.231	0.312	NA	-0.431	-0.042	0.820	-0.809	-0.591	-1.217	-0.522	1.421	NA	NA	0.498	0.492	0.377	0.404	0.235	0.304	0.160	-0.780	-0.209	-1.043	-0.896	-0.380
14	93507197	rs1956028	0.674	0.107	0.461	-0.209	1.031	0.102	0.647	0.249	-0.142	0.879	-0.533	0.839	0.882	0.584	0.345	0.456	-0.111	-0.002	-0.170	0.278	-0.457	0.640	1.260	0.897	1.123	0.335
15	56135709	rs11633313	-1.384	-1.037	-1.005	-0.909	-1.048	-1.047	-1.244	-1.080	-0.429	-0.699	-0.915	-0.862	-0.786	-0.509	-1.892	-0.349	-0.701	-0.998	-1.474	-0.768	-0.657	-1.756	-1.764	-1.763	-1.920	-1.665
16	88546253	rs55880988	0.373	-1.074	-0.964	-0.341	-0.810	0.137	-0.645	-0.007	-0.362	-0.483	0.337	-0.571	-0.813	-0.533	-0.565	-0.724	0.346	0.980	0.443	0.143	0.245	-0.052	0.033	-0.789	0.010	-0.669
17	41173086	rs9912587	1.525	0.917	1.325	0.872	1.497	1.020	0.594	-0.440	-1.434	-0.153	0.251	0.235	-0.352	-0.832	-1.013	-0.688	0.252	0.105	-0.603	-0.427	-0.765	-0.189	-0.926	-0.369	-0.694	-0.490
17	73879092	rs78532451	-1.779	-1.893	0.079	-2.086	-2.484	-1.385	-1.374	-0.090	1.383	1.250	0.712	-0.335	0.924	1.200	0.450	1.909	-0.334	0.985	0.973	-0.022	-0.126	1.384	1.299	0.237	0.728	1.314
18	36532976	rs4327120	-0.697	-0.897	-0.505	-1.326	-1.169	0.146	-0.624	0.105	1.471	0.220	0.203	1.548	1.271	1.958	1.858	1.231	1.278	0.092	1.894	1.270	1.110	0.123	0.294	0.153	0.842	1.625
19	2236097	rs191615952	NA	0.132	2.088	0.741	1.345	-0.367	0.555	0.553	-0.267	-0.309	-0.507	0.166	1.387	0.304	1.254	0.179	1.444	-0.482	1.120	1.831	1.414	1.389	0.699	1.463	0.935	1.426
19	4967739	rs12185519	-0.175	0.018	0.624	-0.100	0.019	0.703	-0.327	-0.566	-0.637	1.113	-0.589	-0.585	NA	1.417	3.811	-0.114	-0.229	-0.212	-0.559	-0.876	-1.643	-0.715	-0.484	-0.760	-0.420	-0.630
19	21936885	rs8102320	-0.190	-0.688	0.116	0.025	-0.593	-0.211	-1.136	-0.712	-1.603	-1.157	-1.024	-0.441	0.060	-0.480	0.049	-0.595	0.082	0.034	0.253	-0.549	-0.764	-0.008	-0.411	0.389	-0.123	-0.286
19	38334361	rs73025613	2.574	2.193	2.389	2.207	2.899	2.263	2.429	0.833	0.738	1.272	1.091	1.155	0.836	1.779	0.960	2.076	1.273	0.730	0.352	1.048	0.679	1.086	1.846	1.598	1.031	1.710
20	17596155	rs1132274	-0.041	0.993	1.177	1.182	1.047	0.759	0.372	1.563	0.498	-0.268	0.970	-1.458	-1.480	-1.230	-1.373	-1.140	1.764	1.415	2.088	2.018	2.024	-0.188	-0.107	-0.903	0.292	-0.592
21	16584341	rs2064040	-1.114	-0.568	-0.979	-0.366	-0.836	-0.125	0.191	1.115	0.652	0.540	1.066	2.554	2.429	2.354	1.898	1.861	1.428	1.571	1.077	1.112	1.081	1.599	1.336	1.431	2.013	1.932
22	33296139	rs137525	3.192	1.673	1.307	0.072	0.417	0.184	0.192	0.787	-0.495	-0.017	-0.626	-0.758	-0.857	-0.131	-1.683	0.212	0.860	1.204	-0.520	0.616	-0.315	0.334	0.956	-0.761	1.062	0.214
22	44324730	rs738408	1.169	0.597	2.539	0.175	1.563	1.356	1.097	1.765	NA	2.829	0.456	NA	NA	NA	NA	1.302	NA	0.578	NA	NA	NA	NA	NA	NA	NA	NA
