chr	pos	bstat
1	10566215	662
1	18807339	827
1	41380440	845
1	46600917	120
1	118230221	732
1	121280613	970
1	145644984	272
1	155148781	86
1	203766331	525
1	217220574	937
2	19320803	900
2	25129473	546
2	121245122	964
2	172972971	760
2	202181247	336
2	217920769	906
3	4742276	856
3	27416013	439
3	30682939	920
3	46866866	134
3	63967900	429
3	99723580	304
3	150464271	844
3	172285237	923
4	38816338	716
4	89243818	900
4	106084778	704
5	1279790	976
5	32567732	847
5	44706498	625
5	56053723	505
5	58184061	838
6	13722523	801
6	16399557	916
6	20621238	892
6	28926220	744
6	81094287	846
6	82128386	884
6	149608874	878
6	151948366	845
6	152437016	723
7	21940960	758
7	28356889	946
7	91630620	79
7	94113799	529
7	101552440	866
7	130667121	934
7	139942304	934
7	144074929	865
8	170692	994
8	29509616	920
8	36858483	838
8	76230301	867
8	76417937	787
8	102478959	954
8	106358620	773
8	124610166	896
8	124757661	895
8	128355618	946
9	110306115	955
9	110895353	960
9	119313486	684
9	129396434	873
10	22032942	501
10	80841148	974
10	114773927	832
10	123093901	969
10	123340311	925
11	803017	884
11	1909006	982
11	65583066	280
12	14413931	898
12	28174817	902
12	85009437	939
12	96027759	903
12	115836522	981
12	120832146	667
14	37132769	751
14	68660428	544
15	91512067	512
16	52599188	851
16	53813367	817
16	53855291	857
16	54682064	948
16	56420987	461
16	80650805	934
16	87085237	987
17	53209774	552
18	24337424	939
18	24570667	715
18	42399590	808
19	13954571	940
19	18571141	917
19	19545696	432
19	44286513	917
20	48945911	939
21	16520832	962
22	38568833	719
22	40876234	242
22	46283297	958
