chr	pos	rsid	allele	p-value	OR	Beta
4	89243818	rs10022462	T	3.00E-10	1.04	0.039220713
4	106084778	rs9790517	T	2.00E-09	1.04	0.039220713
5	1279790	rs10069690	T	2.00E-20	1.06	0.058268908
5	32567732	rs2012709	T	6.00E-08	1.03	0.029558802
5	44706498	rs10941679	A	1.00E-80	0.89	-0.116533816
5	56053723	rs62355902	A	2.00E-86	0.87	-0.139262067
5	58184061	rs10472076	T	2.00E-07	0.97	-0.030459207
6	13722523	rs204247	A	3.00E-14	0.96	-0.040821995
6	16399557	rs3819405	T	6.00E-07	0.97	-0.030459207
6	20621238	rs2223621	T	2.00E-08	1.03	0.029558802
6	28926220	rs9257408	C	3.00E-07	1.03	0.029558802
6	81094287	rs12207986	A	2.00E-10	1.04	0.039220713
6	82128386	rs17529111	T	3.00E-10	0.96	-0.040821995
16	53813367	rs17817449	T	5.00E-24	1.06	0.058268908
3	150464271	rs73006998	A	1.00E-10	0.93	-0.072570693
1	203766331	rs4951011	G	2.00E-08	1.04	0.039220713
6	149608874	rs9485372	G	8.00E-12	1.05	0.048790164
6	151948366	rs2046210	A	3.00E-74	1.11	0.104360015
15	91512067	rs2290203	G	2.00E-19	1.06	0.058268908
16	52599188	rs4784227	T	2.00E-240	1.24	0.21511138
1	10566215	rs616488	A	2.00E-23	1.06	0.058268908
1	18807339	rs2992756	T	5.00E-17	1.05	0.048790164
1	41380440	rs4233486	T	2.00E-08	1.04	0.039220713
1	46600917	rs1707302	A	3.00E-10	0.96	-0.040821995
1	118230221	rs7529522	T	5.00E-10	0.96	-0.040821995
1	121280613	rs11249433	A	8.00E-54	0.91	-0.094310679
1	145644984	rs12405132	T	5.00E-09	0.96	-0.040821995
1	155148781	rs4971059	A	2.00E-10	1.04	0.039220713
1	217220574	rs11117758	A	4.00E-09	0.96	-0.040821995
2	19320803	rs12710696	T	6.00E-11	1.04	0.039220713
2	25129473	rs6725517	A	5.00E-11	1.04	0.039220713
2	121245122	rs4849887	T	2.00E-25	0.91	-0.094310679
2	172972971	rs2016394	A	3.00E-12	0.96	-0.040821995
2	202181247	rs1830298	T	6.00E-24	0.94	-0.061875404
2	217920769	rs4442975	T	2.00E-97	0.88	-0.127833372
3	4742276	rs6762644	A	1.00E-18	0.95	-0.051293294
3	27416013	rs4973768	T	5.00E-62	1.1	0.09531018
3	30682939	rs12493607	C	3.00E-16	1.05	0.048790164
3	46866866	rs6796502	A	7.00E-16	0.93	-0.072570693
3	63967900	rs1053338	A	7.00E-10	0.95	-0.051293294
3	99723580	rs9833888	T	3.00E-10	1.04	0.039220713
3	172285237	rs58058861	A	3.00E-12	1.05	0.048790164
4	38816338	rs6815814	A	1.00E-11	0.96	-0.040821995
9	119313486	rs1895062	A	1.00E-13	1.04	0.039220713
9	129396434	rs10760444	A	8.00E-14	0.96	-0.040821995
10	22032942	rs7072776	A	2.00E-19	1.06	0.058268908
10	80841148	rs704010	T	3.00E-38	1.08	0.076961041
10	114773927	rs7904519	A	2.00E-13	0.96	-0.040821995
10	123093901	rs11199914	T	4.00E-13	0.96	-0.040821995
10	123340311	rs2981578	T	2.00E-291	0.81	-0.210721031
11	803017	rs6597981	A	3.00E-12	0.96	-0.040821995
11	1909006	rs3817198	T	6.00E-21	0.94	-0.061875404
11	65583066	rs3903072	T	6.00E-12	0.96	-0.040821995
12	14413931	rs12422552	C	2.00E-20	1.06	0.058268908
12	28174817	rs7297051	T	6.00E-72	0.89	-0.116533816
12	85009437	rs202049448	T	9.00E-07	1.03	0.029558802
12	96027759	rs17356907	A	1.00E-40	1.09	0.086177696
12	115836522	rs1292011	A	1.00E-47	1.09	0.086177696
12	120832146	rs206966	T	5.00E-08	1.05	0.048790164
22	46283297	rs28512361	A	1.00E-08	1.06	0.058268908
14	37132769	rs2236007	A	1.00E-25	0.93	-0.072570693
14	68660428	rs2588809	T	1.00E-14	1.07	0.067658648
16	53855291	rs11075995	A	3.00E-11	1.04	0.039220713
16	54682064	rs28539243	A	1.00E-15	1.05	0.048790164
16	56420987	rs2432539	A	3.00E-10	1.04	0.039220713
16	80650805	rs13329835	A	3.00E-28	0.92	-0.083381609
16	87085237	rs4496150	A	2.00E-10	0.96	-0.040821995
17	53209774	rs2787486	A	2.00E-34	1.08	0.076961041
18	24337424	rs527616	C	8.00E-16	0.95	-0.051293294
18	24570667	rs1436904	T	8.00E-16	1.05	0.048790164
18	42399590	rs6507583	A	1.00E-13	1.08	0.076961041
19	13954571	rs2594714	A	4.00E-10	0.96	-0.040821995
19	18571141	rs4808801	A	2.00E-31	1.07	0.067658648
19	19545696	rs2965183	A	1.00E-11	1.04	0.039220713
19	44286513	rs3760982	A	2.00E-14	1.05	0.048790164
20	48945911	rs6122906	A	4.00E-11	0.95	-0.051293294
21	16520832	rs2823093	A	2.00E-21	0.94	-0.061875404
22	38568833	rs738321	C	7.00E-14	1.05	0.048790164
22	40876234	rs6001930	T	5.00E-34	0.9	-0.105360516
6	152437016	rs2747652	T	6.00E-28	0.94	-0.061875404
7	21940960	rs7971	A	2.00E-07	1.03	0.029558802
7	28356889	rs17156577	T	2.00E-08	0.95	-0.051293294
7	91630620	rs6964587	T	3.00E-12	1.04	0.039220713
7	94113799	rs17268829	T	4.00E-15	0.95	-0.051293294
7	101552440	rs71559437	A	1.00E-12	0.93	-0.072570693
7	130667121	rs4593472	T	2.00E-13	0.96	-0.040821995
7	139942304	rs11977670	A	1.00E-19	1.05	0.048790164
7	144074929	rs720475	A	2.00E-11	0.95	-0.051293294
8	170692	rs66823261	T	1.00E-08	0.96	-0.040821995
8	29509616	rs9693444	A	8.00E-26	1.07	0.067658648
8	36858483	rs13365225	A	1.00E-23	1.07	0.067658648
8	76230301	rs6472903	T	1.00E-23	1.08	0.076961041
8	76417937	rs2943559	A	7.00E-19	0.91	-0.094310679
8	102478959	rs514192	A	1.00E-11	1.04	0.039220713
8	106358620	rs12546444	A	4.00E-12	1.07	0.067658648
8	124610166	rs58847541	A	5.00E-13	1.06	0.058268908
8	124757661	rs17350191	T	1.00E-10	1.04	0.039220713
8	128355618	rs13281615	A	2.00E-55	0.91	-0.094310679
9	110306115	rs10759243	A	3.00E-21	1.06	0.058268908
9	110895353	rs676256	T	3.00E-53	1.1	0.09531018
