chr	pos	RSNUM	ESN	GWD	LWK	MSL	YRI	ACB	ASW	CLM	MXL	PEL	PUR	CDX	CHB	CHS	JPT	KHV	CEU	FIN	GBR	IBS	TSI	BEB	GIH	ITU	PJL	STU
1	3220382	rs2500281	-1.151	0.078	-0.538	-0.159	-0.459	-1.213	-0.048	0.852	0.672	0.728	0.667	-0.314	0.294	0.349	0.257	-0.031	0.734	0.363	1.330	0.704	1.317	0.448	0.297	0.982	0.673	0.270
1	3341796	rs55704954	NA	NA	NA	NA	NA	NA	-0.909	-0.397	0.494	0.191	-0.468	-1.756	0.928	0.049	NA	NA	-0.614	0.575	0.271	-0.191	-0.558	0.001	-1.184	-1.119	0.308	-0.445
1	10796547	rs17035646	0.990	1.135	1.272	2.160	1.124	1.359	1.281	0.630	0.238	-0.220	0.853	-1.852	-2.083	-1.669	-1.980	-1.354	0.823	0.466	1.605	1.200	1.644	0.669	1.128	1.201	0.634	0.857
1	13948910	rs77793475	NA	NA	-1.089	0.391	NA	1.639	NA	NA	NA	NA	0.101	0.353	0.470	NA	NA	0.367	1.837	NA	1.214	0.861	1.967	1.718	1.333	1.614	1.801	1.780
1	19014865	rs7527312	0.974	0.950	0.321	1.113	1.172	0.712	0.501	-0.514	-0.196	-0.337	0.436	-0.059	0.313	-0.254	-0.398	0.057	0.485	-0.934	0.250	0.597	1.392	0.137	0.045	0.654	0.206	-0.069
1	46993203	rs72894662	0.300	1.360	0.595	0.145	0.728	-0.067	0.342	0.293	1.206	0.816	1.198	1.330	1.934	0.465	-0.814	1.508	-0.115	NA	-0.042	NA	-0.721	0.019	0.968	-0.192	1.246	1.261
1	60015280	rs12562305	-0.822	-0.770	-0.462	-1.063	-0.804	-0.523	0.588	0.516	0.632	0.894	0.082	1.632	0.580	0.992	0.439	0.778	-0.291	0.032	0.691	0.433	0.277	-0.247	0.413	-0.022	0.245	0.336
1	78619038	rs11162417	-1.683	-0.404	-0.281	-0.709	-0.826	-1.106	-1.136	-1.684	-0.764	-1.399	-1.485	0.540	0.063	0.022	-0.172	0.024	-1.147	-1.611	-1.317	-0.830	-0.802	-1.612	-1.407	-1.760	-1.461	-1.745
1	100032527	rs2027357	1.602	1.992	1.462	1.540	1.786	1.406	1.208	0.726	1.019	0.860	0.600	0.277	0.034	-0.355	0.239	-0.067	1.399	0.480	0.753	0.786	1.093	-0.318	0.669	0.383	0.366	0.233
1	100039250	rs12116502	NA	NA	NA	NA	NA	NA	NA	-0.236	NA	NA	0.262	NA	NA	NA	NA	0.077	-0.351	NA	0.315	NA	-0.442	-0.017	0.073	0.181	-0.064	0.215
1	110114122	rs71657105	0.484	0.404	0.505	-0.520	-0.178	0.017	0.255	0.943	0.526	0.362	0.510	1.113	2.336	1.115	0.993	1.114	0.759	1.493	0.578	1.390	1.102	-0.296	0.318	0.095	-0.206	0.142
1	113052923	rs11102485	NA	NA	1.234	NA	NA	0.206	-0.128	-0.298	-0.528	-0.653	0.641	-0.354	-0.471	-0.576	-0.277	-0.549	0.038	-0.215	0.548	0.053	1.000	1.290	0.346	1.323	0.497	0.856
1	117170153	rs72697345	NA	NA	NA	NA	NA	-0.553	NA	1.033	1.710	1.330	1.570	NA	NA	NA	NA	NA	1.374	-0.638	-1.986	1.884	0.777	-0.028	0.827	0.989	-0.005	0.743
1	203009634	rs7549874	0.410	-0.012	-0.194	-0.104	0.807	-0.008	0.249	0.628	0.325	-0.293	0.034	0.512	0.841	0.161	1.702	0.320	0.806	0.266	0.642	0.291	0.845	0.295	0.836	0.263	0.762	0.440
1	205485290	rs11240504	1.488	1.574	1.104	1.726	1.557	1.845	1.964	0.490	0.105	0.719	0.521	-0.322	-0.353	-0.581	-0.561	-0.164	0.323	-0.029	-0.026	0.254	0.478	0.136	0.349	0.372	0.446	0.430
1	238512343	rs7538546	1.125	1.930	2.015	1.294	2.121	1.435	0.619	-1.474	-0.875	-0.265	1.295	2.845	1.563	0.870	1.011	1.810	0.758	0.075	-0.185	-0.190	0.431	0.743	-0.070	-0.090	-0.343	0.841
2	2634033	rs7605546	-0.186	-0.071	-0.085	-0.703	-0.383	0.045	-0.106	0.389	0.271	-0.346	-0.993	NA	-1.542	-1.466	-0.749	-0.161	-1.200	-0.042	-1.173	-1.168	-0.968	-0.228	-0.854	-0.721	-0.938	-0.768
2	6009871	rs72610717	0.415	1.170	-1.541	0.203	-0.136	NA	0.547	-0.043	0.336	-0.192	-0.105	-0.272	0.297	-0.067	-0.160	-0.526	1.162	1.070	1.072	1.096	0.507	1.106	0.220	0.466	0.961	0.671
2	29390301	rs72790253	NA	NA	NA	NA	NA	-0.039	-1.094	-0.441	-0.241	-0.745	0.285	NA	0.519	NA	NA	NA	-1.440	-1.460	-1.262	-1.073	-1.323	0.465	-0.315	0.327	-0.054	0.952
2	44081627	rs4076834	-0.985	-0.553	-1.212	-0.787	-0.328	-0.712	-0.287	0.220	-0.266	0.595	-0.595	1.975	3.445	2.683	2.167	2.288	-0.107	0.573	0.344	0.477	-0.343	2.573	1.135	0.273	0.587	1.322
2	49009415	rs9309154	-0.666	-0.137	0.069	0.146	-0.481	-0.360	0.481	0.386	-0.020	1.205	0.150	-1.136	-0.532	-0.642	0.295	0.233	0.593	0.802	0.368	0.994	0.442	-0.573	0.162	-0.021	0.056	0.336
2	49922652	rs72831121	NA	NA	NA	NA	NA	0.098	-0.170	-1.047	-0.122	-0.500	-1.370	-1.461	-0.385	-1.103	-0.371	-0.310	-0.736	-0.964	-0.995	-0.882	-0.868	-1.695	-1.124	-1.194	-1.050	-0.711
2	51871341	rs1516174	-0.921	-1.147	-0.914	-1.242	-1.010	-0.958	-1.041	0.851	0.181	0.106	-0.332	0.922	1.224	0.745	1.312	0.998	0.114	0.515	1.129	1.152	0.724	0.950	0.290	-0.173	0.258	0.198
2	55188195	rs6741304	0.847	1.114	0.519	0.980	1.028	0.804	-0.059	-0.238	0.178	1.277	-0.248	-0.076	-0.814	-0.171	-0.278	-0.011	-0.471	-0.301	-0.340	-0.730	-0.712	0.082	0.122	0.317	0.515	0.696
2	101103245	rs17024409	0.301	-0.011	-1.301	-0.985	0.006	0.542	-1.732	-0.444	0.088	0.319	0.646	-1.043	-0.273	-1.094	-0.343	-0.844	-0.113	-0.488	-1.014	-0.175	-0.054	-1.022	-0.678	-1.419	-1.048	-1.626
2	118804010	rs55863310	0.567	1.596	1.317	0.950	0.653	2.033	-0.048	0.414	0.783	-0.893	-0.943	NA	NA	NA	NA	NA	-0.414	-0.468	-0.696	-0.747	-0.357	-1.114	-2.033	-0.812	0.743	NA
2	135124769	rs13035520	NA	NA	NA	-1.698	-2.097	-0.491	NA	0.584	0.047	NA	-0.097	NA	NA	NA	NA	NA	1.652	2.771	1.894	0.872	-1.086	-0.685	-0.706	-0.806	0.408	-0.527
2	148010903	rs72859301	-0.066	0.194	-0.417	0.945	-0.267	0.687	0.674	1.036	0.532	-0.350	0.324	-1.175	-0.222	-1.371	0.336	-0.579	-1.578	0.137	-0.783	-0.831	0.439	0.349	-0.424	-1.187	-0.828	0.074
2	159739249	rs6742820	1.881	1.513	1.845	1.138	2.108	0.882	1.833	0.797	1.318	0.671	0.406	0.629	1.911	0.744	NA	0.541	0.153	-0.212	-0.221	-0.677	-0.069	1.073	1.058	0.366	0.165	0.330
2	173321704	rs72889922	NA	NA	NA	NA	NA	NA	NA	NA	NA	NA	NA	NA	NA	NA	NA	NA	-0.240	NA	-0.382	0.271	-1.568	NA	NA	NA	NA	NA
2	188291723	rs11903296	0.405	-0.291	-0.530	-0.628	0.200	0.110	-0.064	-0.701	0.278	-0.324	-1.053	-0.196	-0.323	-0.513	0.172	-0.686	-0.846	-1.438	-0.608	-0.833	-1.328	0.500	0.547	0.995	-0.573	-0.265
2	203867698	rs62182164	-0.376	-0.713	-0.008	-0.143	-0.511	-0.070	-0.272	0.713	0.431	-0.282	0.737	-0.856	-0.380	0.057	0.029	0.278	0.365	0.051	0.154	0.567	0.850	0.583	1.381	0.783	0.974	0.799
2	204120214	rs4673253	NA	NA	0.619	NA	NA	0.157	0.397	0.846	-0.738	-1.573	0.830	-0.523	-0.361	-0.373	-1.006	-0.183	-0.128	0.380	0.323	1.504	0.945	0.271	0.760	-0.180	0.390	0.424
3	4475624	rs56112032	NA	NA	NA	NA	NA	NA	NA	-1.068	NA	NA	-1.604	NA	NA	NA	NA	NA	-1.305	-1.155	-1.869	-1.382	NA	NA	NA	NA	-0.633	NA
3	20116077	rs2365367	0.851	-0.449	0.310	-0.571	-0.223	-0.492	-0.044	0.934	0.592	0.532	0.124	0.032	-0.404	-0.346	-0.268	-0.484	0.961	-0.030	0.907	0.502	0.043	2.075	1.637	2.124	1.717	2.246
3	20421544	rs17006915	0.087	1.006	-0.206	-0.255	-0.449	-0.086	0.863	-1.094	-1.196	0.179	-1.435	NA	NA	NA	NA	NA	-1.252	-0.942	-1.164	-1.733	-2.461	-0.890	-1.097	-1.486	-0.738	-1.387
3	24291336	rs75901909	NA	NA	NA	NA	NA	NA	-2.620	-0.330	-0.652	0.658	0.202	NA	NA	NA	NA	NA	-0.993	-1.018	-1.256	0.097	-0.524	0.051	NA	NA	NA	NA
3	24364406	rs1505296	0.610	1.047	-0.385	1.281	0.645	0.988	0.886	-0.199	-0.426	-1.368	0.896	-0.854	0.215	-0.974	-0.175	-0.762	1.182	1.180	1.102	1.358	0.858	0.031	0.395	0.426	0.663	0.123
3	64684919	rs28546794	-1.616	-1.095	-1.350	-1.037	-1.448	-1.620	-0.358	-0.838	-0.116	-1.346	0.104	0.919	-2.020	-0.347	-0.254	1.023	0.548	-0.801	-0.696	0.329	0.735	0.143	0.195	0.156	0.046	-0.043
3	67002097	rs17189291	NA	NA	NA	NA	NA	NA	NA	-1.374	NA	-0.541	-1.782	NA	NA	NA	NA	NA	-2.548	-0.181	-1.077	-1.978	-1.600	-0.708	NA	-0.947	NA	-0.915
3	113649344	rs12632122	0.642	1.129	0.762	0.868	1.089	0.587	1.266	0.246	-0.301	-0.135	0.535	0.054	0.377	-0.037	-0.319	0.157	0.391	0.814	0.801	0.821	0.737	0.116	0.179	0.237	0.468	0.527
3	172849454	rs75911859	NA	NA	NA	NA	NA	NA	NA	NA	NA	-0.408	-0.307	NA	NA	NA	NA	NA	-0.140	0.286	NA	NA	NA	NA	NA	NA	NA	NA
3	188965532	rs34768593	NA	NA	NA	NA	NA	-0.099	-0.135	-1.547	-1.578	-1.628	-0.162	-0.552	0.289	-0.328	0.095	-0.108	-0.773	-0.202	0.593	0.690	0.626	-0.402	-0.181	0.266	-1.235	-1.305
4	47000644	rs150289418	2.714	3.523	2.874	2.911	2.400	1.541	1.544	0.779	0.483	0.218	0.892	0.399	-0.076	-0.207	0.033	0.025	0.870	-1.029	0.542	1.278	0.882	-0.352	-0.120	-0.234	-0.139	0.071
4	77478197	rs143325586	NA	NA	NA	NA	NA	NA	NA	-1.244	-0.872	NA	-1.147	NA	NA	NA	NA	NA	-1.029	NA	-0.060	NA	NA	-1.909	-1.169	NA	-1.199	-1.052
4	95068980	rs151080514	0.988	0.815	1.039	0.658	0.820	0.467	0.382	0.060	0.266	-0.530	-0.147	0.624	0.159	0.575	0.483	0.086	NA	0.647	0.083	NA	NA	0.162	-0.351	0.158	-0.145	0.013
4	95585202	rs76352571	NA	NA	NA	NA	NA	NA	NA	NA	NA	NA	NA	NA	NA	NA	NA	NA	0.771	1.321	0.750	NA	NA	NA	NA	NA	NA	NA
4	111677041	rs2634074	-0.919	-1.936	-2.120	-2.620	-1.810	-2.338	-2.193	1.136	0.088	0.367	-0.172	-0.564	-0.919	-0.158	-0.037	-0.440	0.409	1.508	0.735	1.157	1.305	0.029	0.487	-0.164	0.433	0.552
4	111765495	rs6838973	0.640	0.586	0.924	0.860	1.186	0.754	0.799	0.213	0.366	-0.045	0.466	0.333	-0.160	-0.088	0.293	0.305	0.625	0.627	0.148	0.577	0.624	-0.862	-0.051	-0.252	-0.441	-0.486
4	113732090	rs34311906	-1.522	-1.691	-1.157	-0.967	-1.447	-1.165	-1.598	-0.024	-0.052	-0.026	-0.403	-0.851	-1.232	-0.557	-0.605	-1.538	-0.714	-1.043	-0.569	-0.553	-0.306	-0.721	-0.153	-0.665	-0.373	-0.630
4	149521809	rs66694617	NA	NA	NA	NA	NA	NA	-0.516	-1.057	-1.556	-1.473	-1.109	NA	NA	NA	NA	NA	-1.183	0.122	-0.872	-0.895	-0.479	-0.419	NA	-0.549	-0.444	NA
4	155447741	rs6811815	-0.798	-0.932	-1.006	-0.478	-0.680	-0.436	-0.779	-0.243	-0.496	-0.680	0.379	0.689	1.384	1.336	1.021	0.406	0.916	-0.036	0.734	1.089	0.229	0.181	0.304	0.109	0.395	0.087
4	155525695	rs2066864	0.090	0.498	0.421	0.403	0.593	-0.130	-0.077	1.007	0.879	1.457	0.375	-1.112	-1.093	-0.929	-0.224	-0.775	0.193	0.002	-0.191	0.734	0.235	-0.330	-0.264	-0.169	-0.314	0.054
4	174778994	rs116326120	NA	NA	NA	NA	NA	NA	NA	NA	NA	NA	NA	NA	NA	NA	NA	NA	0.018	NA	-0.573	NA	NA	-0.427	NA	NA	NA	NA
4	185348916	rs11726275	0.373	0.051	-0.345	0.075	0.022	0.029	0.500	-0.602	-0.375	0.160	-1.062	-1.065	-1.815	-1.691	-2.168	-1.375	-0.759	-1.295	-0.647	-0.946	-0.581	-0.417	-0.002	-0.508	-0.583	-1.393
4	187195551	rs1593	0.003	-0.873	0.354	-0.301	-0.013	-0.276	0.345	0.999	0.457	0.005	0.286	0.016	0.395	0.610	0.512	0.332	-1.006	0.567	0.324	-0.093	0.232	-0.313	-0.281	0.049	-0.443	0.437
5	3092254	rs6872625	0.779	-0.790	-0.021	0.143	0.065	0.105	-0.371	-1.169	0.219	1.444	-0.759	-0.227	-0.197	-0.442	1.437	-0.199	-1.800	-1.678	-0.967	-0.587	-1.162	-1.059	-1.417	-0.423	-0.422	-0.839
5	13902885	rs17210562	NA	NA	NA	NA	-1.251	-0.820	1.750	-1.469	-0.855	0.551	-0.124	NA	NA	NA	NA	NA	0.039	-1.803	-1.651	-0.571	-0.703	-0.713	0.033	NA	-1.506	NA
5	62723814	rs147076266	NA	NA	NA	NA	NA	NA	NA	-0.739	NA	NA	-0.701	NA	NA	NA	NA	NA	NA	-0.412	NA	-0.892	-0.629	NA	NA	NA	NA	NA
5	84317073	rs192563115	NA	NA	NA	NA	NA	NA	NA	NA	-1.135	-1.820	NA	NA	NA	NA	NA	NA	NA	-1.307	-1.511	NA	NA	NA	NA	NA	NA	NA
5	121510586	rs17148926	0.563	0.676	0.900	0.420	0.105	1.040	1.785	2.078	2.514	1.470	3.024	1.530	0.487	0.625	1.096	0.899	2.371	2.738	2.326	2.264	2.814	1.410	1.330	1.379	1.424	1.208
5	121518309	rs9112	NA	-0.200	0.556	-0.213	-0.906	-0.048	-1.766	-0.985	-0.708	-0.467	-1.158	0.253	-0.409	-0.533	-0.754	0.120	-0.735	-0.020	-0.879	-0.837	-0.252	-0.408	-0.690	-0.650	-0.764	-0.886
5	126641770	rs2585193	-1.752	-1.595	-0.519	-1.218	-1.469	-1.529	-0.981	0.224	-0.087	-0.266	0.222	-0.645	-0.727	-1.075	-0.985	-0.605	0.385	0.071	0.613	0.511	0.390	-0.522	-0.719	-0.544	-0.017	-0.662
5	137546642	rs17228325	NA	NA	NA	NA	NA	NA	-0.194	-0.763	-1.571	-1.841	-0.668	NA	NA	NA	NA	-0.340	-0.613	-1.690	-0.277	-1.291	-1.032	0.035	-2.123	-1.518	-0.652	-1.565
5	137957814	rs2060213	-1.466	-1.294	-0.198	-1.560	-0.611	-0.845	-0.740	-0.745	0.835	0.850	-0.748	-0.485	NA	-0.895	-0.421	-0.882	-0.609	-0.491	-0.222	-0.557	-0.155	-0.765	-0.510	-0.596	-0.477	-0.947
5	142025710	rs112735741	NA	NA	NA	NA	NA	NA	NA	0.247	0.488	-0.213	-0.223	NA	NA	NA	NA	NA	0.810	1.246	1.310	-0.630	1.501	NA	1.225	NA	2.298	NA
5	153715001	rs17115954	0.853	0.992	1.165	-0.094	0.977	1.003	0.498	1.960	2.245	2.198	2.343	0.036	0.169	0.557	-0.438	0.463	2.229	1.533	1.950	1.988	2.361	0.821	2.117	1.375	1.715	1.586
5	157622325	rs202808	-1.476	-0.737	-1.192	-0.281	-0.758	-0.766	-0.730	-0.062	1.427	0.283	0.395	0.281	1.432	0.989	0.786	0.312	-0.432	-0.620	-0.247	-0.964	0.438	0.650	0.401	0.029	-0.347	0.729
5	173262693	rs7704517	0.492	0.590	-0.003	0.390	0.091	-0.033	-0.111	-0.944	-1.392	-0.758	-0.191	-0.768	-0.897	-0.461	-1.227	-0.095	0.243	0.116	0.435	0.074	0.141	-0.965	-0.924	-0.563	-0.136	-0.051
6	1309375	rs893237	1.017	1.361	0.219	0.578	0.819	1.174	0.635	0.538	-0.065	-1.504	0.775	NA	NA	NA	NA	NA	0.897	1.131	0.921	1.032	1.093	0.985	1.296	1.814	1.593	0.918
6	1337180	rs11242678	0.621	0.273	-0.692	-0.080	0.660	-0.124	-1.028	0.289	1.219	-0.336	-0.053	1.577	1.252	1.362	1.423	1.330	-0.278	-1.173	-0.714	-0.492	-0.063	0.955	0.206	0.176	0.189	0.491
6	1367049	rs77319639	NA	NA	0.253	NA	NA	0.367	NA	-0.200	0.509	0.155	-0.661	NA	NA	NA	NA	NA	-0.621	-0.491	0.494	-1.010	-0.637	1.122	0.493	NA	-0.612	-0.420
6	5305547	rs7751332	-2.171	-0.738	-1.948	-0.888	-1.086	-1.654	-0.962	0.612	-0.251	0.228	-0.151	0.104	0.197	-0.384	-0.897	1.013	-0.401	-0.187	0.082	-0.384	-0.227	-0.504	NA	NA	NA	0.472
6	14004281	rs958762	-0.079	0.366	0.279	0.144	0.100	-0.374	0.533	-0.095	0.716	0.558	-0.513	0.469	-0.242	0.166	-0.532	0.328	-0.288	-0.282	-0.601	-0.588	-0.521	-0.182	-0.335	-0.109	-0.204	-0.358
6	15062971	rs7744623	NA	NA	NA	NA	NA	NA	NA	NA	NA	0.686	NA	-0.563	NA	NA	NA	-0.411	NA	NA	NA	NA	NA	NA	NA	NA	NA	NA
6	19528957	rs147637610	NA	NA	NA	NA	NA	NA	NA	NA	-0.570	NA	NA	NA	NA	NA	NA	NA	0.792	0.547	0.881	-0.064	NA	NA	NA	NA	0.127	NA
6	24740789	rs35276016	NA	NA	NA	NA	NA	NA	NA	-1.023	-1.102	-1.347	-1.994	NA	NA	NA	NA	NA	-0.756	-2.964	-0.913	-0.873	-0.868	-0.431	-0.725	NA	-0.255	-0.587
6	36647289	rs3176326	0.304	0.430	-0.591	0.120	0.117	-0.327	-0.590	-0.521	0.260	0.436	-0.707	-1.370	-0.867	-1.075	-2.199	0.075	-0.532	-0.005	0.358	-0.826	-0.151	-1.309	-1.363	-1.555	-1.073	-0.618
6	135065591	rs17705303	NA	NA	NA	NA	NA	-0.595	-0.227	0.343	-0.639	-0.168	-0.939	NA	NA	NA	NA	NA	-0.112	0.095	0.146	-0.706	-0.568	NA	-0.625	NA	NA	NA
6	147691069	rs9386182	0.218	0.719	0.520	0.382	0.472	1.032	0.206	0.052	-0.590	-0.611	0.794	-0.143	0.085	-0.104	0.792	-0.105	0.445	0.258	0.372	0.069	0.479	0.863	0.597	0.651	0.437	0.895
7	1471591	rs151160873	NA	NA	NA	NA	NA	NA	NA	0.779	-0.107	NA	1.721	NA	NA	NA	NA	NA	0.234	NA	0.025	1.252	0.277	NA	NA	NA	NA	NA
7	4452636	rs10951550	-0.145	-1.338	-1.699	-0.374	-0.683	-0.675	-0.917	-0.214	-0.502	-0.201	-0.512	-0.925	-0.635	-0.720	-1.202	-1.628	-0.267	0.326	-0.178	-0.116	0.299	-0.229	-0.455	-0.331	0.101	0.012
7	9213427	rs13312215	NA	NA	NA	NA	NA	-0.491	NA	0.267	-0.821	-1.011	0.148	NA	NA	NA	NA	NA	-0.657	-0.119	0.869	0.099	0.390	1.051	1.552	1.150	0.707	0.502
7	19049388	rs2107595	0.098	-0.814	-0.220	-0.309	-0.584	-0.535	-0.421	-0.398	-0.256	0.194	0.334	-0.870	-0.802	-0.822	NA	-0.316	-0.020	-0.512	-0.219	-0.275	0.037	-0.784	-0.962	-0.233	0.172	-0.322
7	19525216	rs1861107	1.913	1.942	1.470	1.447	1.648	1.675	2.162	-0.592	-2.113	-0.823	0.493	0.714	0.420	0.645	0.393	0.600	1.510	0.000	1.555	1.894	1.514	1.741	0.678	1.954	1.469	2.094
7	26017271	rs12700689	0.562	NA	1.332	NA	0.779	0.626	3.515	-0.918	-0.100	NA	-0.230	NA	NA	NA	NA	NA	NA	1.024	0.170	-0.367	NA	NA	NA	NA	NA	NA
7	47197819	rs10226146	0.217	0.318	0.544	0.581	0.149	-0.285	-0.165	0.558	0.675	0.802	-0.061	-0.112	-0.161	0.125	-0.616	-0.059	0.398	0.144	0.610	0.371	0.299	0.028	0.537	0.149	0.256	0.042
7	73739389	rs35197511	NA	NA	NA	NA	NA	-0.715	NA	-0.702	-0.488	NA	-0.224	NA	NA	NA	NA	NA	-0.076	0.939	-0.406	NA	0.250	NA	NA	0.293	NA	NA
7	92244422	rs42039	0.728	1.055	2.884	1.303	2.759	1.874	1.138	0.722	0.714	1.421	0.722	1.332	0.595	1.437	NA	-0.071	0.476	0.107	1.238	0.716	1.333	0.662	1.495	0.873	1.751	1.469
7	92706693	rs10270047	0.015	0.726	-0.151	-0.180	0.591	0.531	-0.066	1.210	NA	NA	NA	NA	NA	NA	NA	NA	0.554	0.250	-0.545	-0.150	0.564	NA	NA	NA	NA	NA
7	100092311	rs11971846	NA	NA	NA	NA	NA	1.294	1.867	0.401	0.769	0.785	0.749	NA	NA	NA	NA	NA	0.241	0.296	0.351	0.605	0.049	1.673	0.768	NA	0.706	NA
7	115218009	rs185094096	NA	NA	NA	NA	NA	NA	NA	-0.448	-0.678	-1.119	-0.573	0.102	1.589	0.084	1.106	-0.588	-0.786	0.614	-0.493	-0.390	0.350	0.145	NA	NA	NA	0.427
7	115508909	rs75630045	NA	NA	NA	NA	NA	NA	NA	0.366	-1.095	NA	-0.801	NA	NA	NA	NA	NA	0.077	NA	0.259	-0.134	0.153	NA	NA	NA	NA	NA
7	125319212	rs7801509	0.250	0.231	-0.822	-0.383	-0.734	-0.351	-0.847	0.418	-1.384	0.377	NA	NA	NA	NA	NA	NA	1.335	NA	NA	NA	0.132	NA	NA	NA	NA	NA
7	127940582	rs13308439	0.262	-0.892	-0.118	-0.723	0.399	-0.220	-0.220	-1.536	-1.529	-0.620	-1.169	-1.372	-1.172	-1.379	-0.888	-0.691	-1.060	-1.004	-1.627	-0.491	-1.006	-1.188	-0.923	-1.206	-1.507	-1.265
7	137669111	rs12707374	-1.567	-1.138	-0.862	-1.336	-1.079	-1.763	-1.479	-1.216	-1.580	0.194	-0.911	-0.388	-0.659	-0.553	-0.562	-0.331	-0.783	0.024	-0.492	-0.542	-0.566	-1.918	-1.518	-1.792	-2.750	-1.726
7	150684021	rs117564322	NA	NA	NA	NA	NA	NA	-0.359	-0.583	NA	NA	NA	NA	NA	NA	NA	NA	0.016	-0.455	-0.424	0.645	0.397	NA	NA	NA	NA	-0.337
8	959014	rs4272405	0.283	0.500	0.394	0.514	0.561	0.428	0.899	-0.414	-0.725	-0.797	0.123	0.512	0.481	0.149	0.520	0.782	-0.181	-0.193	0.349	-0.101	-0.104	0.006	-0.138	-0.376	-0.102	0.124
8	3929850	rs2552126	-1.824	-0.999	-2.213	-2.537	-2.655	-2.226	-3.114	-1.615	-1.369	-0.949	-1.657	-1.725	-2.111	-1.965	-1.736	-1.466	-1.359	-1.271	-1.577	-1.117	-1.823	0.294	0.383	0.503	0.509	0.267
8	62054463	rs12681792	-0.772	-0.856	-0.866	-1.287	-1.292	-0.818	-0.999	0.337	0.277	0.950	-0.400	0.705	0.091	0.288	0.553	0.147	0.751	-0.352	0.523	0.536	-0.193	0.007	-0.654	-0.917	-0.926	-0.540
8	62147828	rs1471859	0.941	-0.414	0.178	0.300	0.920	0.539	1.154	1.032	0.152	0.943	0.854	1.475	-0.001	1.176	0.370	0.537	1.566	1.032	1.642	2.486	1.514	0.050	0.595	0.120	0.293	0.463
8	72212692	rs7822041	-1.034	-0.787	-0.138	-0.527	-0.686	-1.147	-0.656	-0.515	0.240	0.669	-0.871	1.357	1.489	0.919	-0.078	0.726	-0.791	-0.815	-0.823	-1.191	-0.972	-1.171	-0.093	-1.167	-0.314	-0.370
8	106532044	rs77602628	NA	NA	NA	NA	NA	NA	NA	NA	NA	NA	NA	NA	NA	NA	NA	NA	-2.778	-0.934	NA	NA	NA	NA	NA	NA	NA	NA
9	17027407	rs112488223	NA	NA	NA	NA	NA	0.972	-0.381	0.221	-0.874	NA	0.017	NA	NA	NA	NA	NA	-0.448	-0.029	-0.437	-0.390	NA	NA	-1.113	-0.268	NA	NA
9	22116071	rs1537375	-0.347	-1.002	-1.097	-0.597	-0.516	-0.591	-0.333	0.527	0.033	0.870	0.064	0.941	0.373	0.446	-0.068	0.160	0.683	0.739	0.462	0.218	0.235	-0.194	0.244	-0.025	0.161	0.619
9	28208463	rs1562972	0.709	1.198	1.935	1.063	1.387	0.394	0.673	-0.542	-1.189	0.251	-0.515	-1.014	-0.248	-0.344	-0.012	-0.302	-0.389	-0.058	-0.612	-0.536	-0.131	-0.132	0.401	0.530	-0.321	-0.213
9	74961677	rs12379445	-2.217	-1.630	-1.925	-1.173	-1.942	-1.599	-1.939	0.356	0.027	0.357	0.447	0.684	0.178	0.653	0.755	0.660	-0.413	-0.126	-0.394	-0.152	0.389	1.124	1.360	1.908	1.150	1.888
9	79131926	rs116929221	NA	NA	NA	NA	NA	NA	NA	-1.349	-0.835	-0.251	-0.686	NA	NA	NA	NA	NA	0.855	NA	-0.719	-0.929	-0.741	0.106	NA	NA	NA	NA
9	110742851	rs657659	-0.999	-1.161	-0.154	-0.740	-0.444	-2.117	-1.219	-0.079	-0.310	-0.278	-0.882	0.891	-0.776	0.104	0.014	0.703	-0.793	0.175	-0.160	-0.517	-0.414	0.660	0.390	0.849	0.335	0.532
9	112599050	rs147861947	NA	NA	NA	NA	NA	NA	NA	-0.212	-0.297	-0.837	-0.982	NA	NA	NA	NA	NA	-0.289	-0.033	-0.705	-0.043	-0.742	NA	NA	NA	NA	NA
9	136150466	rs616154	0.382	-0.076	0.552	-0.372	0.499	0.521	-0.110	-0.163	-0.126	-1.118	0.272	0.658	1.266	0.635	0.646	0.471	-1.218	0.399	-0.533	-0.297	-0.157	0.087	0.394	0.582	0.289	-0.191
9	136155000	rs635634	-0.218	-0.140	-0.130	0.649	0.178	0.297	0.238	0.574	0.446	1.541	-0.681	-0.486	-0.760	-0.018	-1.600	0.081	0.069	-0.155	-0.294	-0.801	-1.004	0.603	1.185	0.514	0.721	1.564
9	140281528	rs28560429	-0.846	-0.851	-0.705	-0.547	-0.662	-0.716	-0.647	-0.402	1.943	-0.156	0.197	1.211	1.771	1.312	2.190	0.296	-0.069	-2.252	-0.604	-0.418	0.996	1.676	1.979	1.686	0.381	1.512
10	11142052	rs7101217	-2.316	-1.141	-2.194	-2.657	-2.730	-1.661	-1.510	1.471	3.078	0.385	0.855	-0.633	NA	1.457	NA	0.907	1.048	1.866	0.675	0.487	0.604	1.884	0.688	1.474	2.201	0.717
10	11205224	rs7909331	0.864	0.654	0.068	1.162	0.269	0.604	1.401	2.159	1.469	-0.216	1.424	1.715	1.180	1.479	1.458	1.711	1.784	2.131	0.759	2.070	1.536	2.003	1.205	1.747	2.151	0.709
10	23662018	rs139039683	NA	NA	NA	NA	NA	NA	NA	NA	NA	NA	NA	NA	NA	NA	NA	NA	0.271	NA	0.523	-0.187	1.541	NA	NA	NA	1.699	NA
10	24541893	rs7099238	0.172	0.695	0.592	0.129	0.620	0.080	0.844	-0.702	-1.439	-1.067	-0.085	-1.314	-0.768	-1.411	-0.639	-1.340	0.085	0.769	0.285	-0.035	0.062	-0.540	-1.330	-0.427	-0.753	-0.442
10	34149520	rs116934833	NA	NA	NA	NA	NA	NA	NA	0.177	-0.384	-0.809	-0.394	NA	NA	NA	NA	NA	0.253	-0.881	0.328	-0.246	-0.207	0.625	0.906	NA	0.432	0.250
10	69900977	rs56941894	0.900	1.595	0.994	0.620	1.361	1.379	1.028	-0.078	-0.576	-1.160	-0.122	0.368	0.271	0.256	0.167	-0.071	-0.630	1.288	-0.267	1.014	NA	0.747	0.740	0.590	-0.531	-1.052
10	83558514	rs111788673	NA	NA	NA	NA	NA	NA	NA	NA	0.165	NA	0.028	NA	NA	NA	NA	NA	-1.007	-0.218	NA	NA	0.479	NA	NA	NA	NA	NA
10	86471855	rs871893	-0.050	0.209	-0.289	-0.993	0.114	-0.027	-0.218	0.812	0.311	0.479	1.061	NA	NA	-0.220	-0.500	-0.430	0.611	-0.253	0.340	1.167	0.825	-0.110	-0.711	-0.098	0.403	0.062
10	102899269	rs114564522	NA	NA	NA	NA	NA	NA	NA	-0.250	NA	NA	-0.271	NA	NA	NA	NA	NA	-1.374	NA	NA	-0.566	-1.219	NA	NA	NA	-0.451	NA
10	104959487	rs12774577	NA	NA	NA	NA	NA	1.612	1.403	0.117	0.394	-0.804	-0.617	-0.770	-1.205	-1.293	0.077	-1.064	0.105	0.186	0.016	-0.793	-0.406	-0.362	0.038	-0.431	0.303	NA
10	105471768	rs7917880	-0.408	-1.358	-0.445	-0.776	0.056	-0.370	-0.156	-0.563	-0.003	-0.164	-0.354	-0.081	-0.090	0.032	-0.354	-0.476	-0.610	-0.745	-0.527	-0.419	-0.233	-0.984	-0.617	-0.503	-1.253	-0.714
10	105608838	rs10883926	-0.267	0.369	-0.103	0.040	-0.051	-0.427	0.214	0.180	0.869	1.035	0.069	0.005	1.087	0.599	1.064	0.688	-0.133	-0.112	0.140	0.059	-0.152	0.819	1.008	1.097	1.151	0.877
10	124081735	rs12763004	NA	NA	NA	NA	NA	NA	0.416	-0.148	-0.229	-0.768	0.379	-0.296	-0.361	-0.380	-0.271	-0.258	-0.610	1.152	0.195	0.833	0.287	-0.451	0.902	-0.170	0.588	-0.399
10	124220667	rs55928386	0.300	-0.380	0.986	-0.424	-0.482	0.237	0.225	0.466	1.285	-0.358	0.176	-0.180	-0.652	-1.243	0.159	-0.536	-1.864	-0.063	-1.459	-1.135	-1.364	-0.440	0.687	-1.023	-0.033	-0.295
10	124226630	rs2284665	-0.445	0.316	-0.359	-0.223	-0.342	-0.116	-0.835	-0.451	0.108	0.390	0.053	-0.521	-0.288	-0.175	-0.428	0.151	-1.093	0.026	-0.859	-0.552	-0.202	-0.622	-0.491	-0.501	-0.942	-0.996
10	124251048	rs149070156	NA	NA	NA	NA	NA	NA	NA	NA	-0.818	NA	-0.969	NA	NA	NA	NA	NA	NA	-0.850	-1.594	-0.765	-1.649	NA	NA	NA	NA	NA
11	9283278	rs7124178	1.321	0.825	0.988	1.313	1.927	0.988	0.773	0.984	0.019	0.076	0.462	2.124	2.036	2.198	1.256	1.750	0.325	1.810	0.376	0.787	0.972	-0.421	0.270	0.071	-0.224	-0.119
11	9752413	rs11607169	NA	NA	NA	NA	NA	-0.060	-0.394	-1.347	-0.119	-0.667	-1.064	NA	NA	NA	NA	NA	-0.662	0.061	-0.303	-0.534	-0.216	-0.069	-0.231	0.228	-0.168	-0.298
11	15427364	rs60102266	2.205	2.144	-0.270	1.402	2.371	1.661	1.358	0.766	-0.141	1.303	1.207	0.179	0.167	0.034	-0.709	-0.171	-0.908	-0.293	-0.356	1.014	0.414	-0.747	-0.456	-0.379	-0.558	-0.540
11	15730991	rs4556502	NA	NA	NA	NA	NA	0.553	1.044	NA	0.254	NA	0.825	NA	NA	NA	NA	NA	0.937	NA	1.008	1.324	0.832	0.990	1.855	NA	0.912	1.102
11	36386755	rs10501153	NA	NA	1.334	1.090	NA	1.647	1.756	1.552	2.035	1.301	2.039	0.176	-0.523	0.468	-0.853	-0.484	2.072	1.713	1.675	1.569	1.353	1.923	0.869	1.739	1.106	1.511
11	47474146	rs12361415	NA	NA	NA	NA	NA	0.376	0.553	0.752	0.669	0.928	0.621	-2.847	-1.244	-1.804	-0.095	-1.620	0.563	0.712	0.464	-0.158	-0.176	0.214	0.154	0.640	0.097	0.620
11	68743199	rs140195630	0.710	0.396	1.920	0.483	0.762	1.680	1.719	-0.240	-0.581	0.413	-0.551	0.710	0.414	0.004	0.051	-0.648	-1.369	-1.435	-1.868	-0.833	-0.634	0.898	0.013	0.332	-0.368	0.109
11	81771621	rs489784	-1.423	-1.278	-0.902	-0.274	-1.106	-1.081	-0.450	0.710	0.703	0.263	0.910	-0.231	-0.444	0.395	-0.298	0.496	0.641	-0.483	0.377	-0.022	0.471	-0.057	0.743	0.724	-0.090	1.018
11	96029536	rs116119044	0.122	0.229	-0.567	NA	0.213	-0.277	-0.056	-1.321	-1.110	-0.819	-1.527	-0.622	-1.277	NA	0.504	0.200	0.108	-1.450	-0.314	-0.596	0.618	-0.538	-0.433	-1.248	-0.318	-0.800
11	102806458	rs66740390	0.964	0.540	1.146	0.767	0.358	1.525	0.977	-0.363	-0.316	-0.395	-0.149	-0.160	-0.303	-0.108	-0.063	-0.517	-0.612	-0.586	-0.171	-0.432	-0.271	-0.500	0.126	0.018	0.007	0.109
11	105121407	rs10895796	1.136	0.769	1.160	-0.468	1.498	0.790	1.855	2.323	0.383	0.185	2.289	2.144	1.460	1.238	3.052	2.170	1.531	1.451	1.407	0.458	2.504	2.129	2.359	2.308	2.625	1.925
11	113057434	rs17596017	NA	NA	1.239	NA	NA	NA	NA	1.611	-0.222	-1.356	1.298	NA	NA	NA	NA	NA	-0.291	0.403	-0.054	-0.277	-0.321	NA	NA	-0.781	NA	NA
11	113639232	rs2459970	0.360	0.804	0.409	0.553	0.841	1.075	1.110	-0.426	0.855	1.214	-0.563	-0.158	-0.929	-0.539	0.282	-0.264	-0.345	-0.592	-0.720	-0.785	-0.714	-1.797	-1.034	-1.564	-1.538	-1.712
11	124606484	rs36053597	-0.565	-0.112	-0.923	-0.254	-0.256	-0.793	-1.265	-0.481	-0.414	-0.393	-1.111	-0.117	-0.680	-0.711	-0.678	0.618	-0.277	0.709	-0.300	-0.350	-0.606	-0.900	0.033	-1.538	-0.203	-1.947
11	124632821	rs57466670	-0.634	-0.019	0.505	0.316	-0.623	-0.750	-0.380	-0.899	-0.069	0.932	0.320	NA	NA	NA	NA	NA	0.394	NA	1.106	0.691	0.271	0.505	0.575	-0.045	0.438	-0.951
11	132945399	rs11223357	0.166	-0.132	0.093	0.160	0.581	0.391	0.471	-0.406	-0.203	-0.821	0.463	1.319	0.617	1.200	0.127	0.804	-0.254	-0.881	0.454	0.442	-0.048	-0.427	-0.257	-0.623	0.378	0.184
12	4310220	rs4140660	1.113	2.385	1.044	1.839	1.474	1.345	1.955	0.858	0.742	0.328	1.105	-0.076	-0.031	-0.021	0.675	-0.720	1.331	1.137	0.276	1.280	0.979	0.451	1.028	0.659	0.854	0.801
12	4990923	rs9943760	2.619	NA	1.981	NA	NA	0.078	1.407	0.976	0.730	-0.033	1.125	0.758	0.599	0.742	0.497	0.391	1.101	1.255	1.264	1.503	2.084	0.848	0.663	0.547	0.819	0.858
12	6496122	rs7953404	-0.563	-1.422	-0.667	-1.257	-0.761	-1.213	-0.849	0.976	0.666	0.490	1.037	-1.419	-0.753	-0.660	-0.828	-0.833	-0.091	0.477	-0.280	2.153	1.268	-0.050	-0.074	0.060	-0.108	-0.487
12	11970590	rs1981440	NA	0.605	1.236	-0.113	NA	1.108	0.013	-0.737	-1.595	-0.850	-1.940	-1.895	-1.516	-1.517	-0.752	-1.392	-1.747	-1.226	-0.454	-0.966	-0.494	-0.238	0.206	0.090	-0.396	-0.197
12	21393651	rs11045896	0.964	1.064	1.082	1.377	1.284	1.031	1.651	1.704	1.825	0.982	1.738	0.081	0.662	0.319	0.735	0.806	1.322	0.950	0.701	1.817	1.059	0.946	0.477	0.708	1.341	0.828
12	44582999	rs117766318	NA	NA	NA	NA	NA	NA	NA	NA	-0.918	-0.668	NA	NA	NA	NA	NA	NA	NA	NA	NA	-1.414	-1.686	NA	NA	NA	NA	NA
12	54443718	rs10876531	-0.959	-1.893	-0.392	-1.826	-1.545	-0.811	-0.480	0.249	0.657	0.981	-0.090	0.161	0.270	0.202	0.450	0.716	0.183	-0.269	0.221	0.307	0.260	-0.067	0.253	0.196	0.218	0.365
12	70318610	rs117907142	NA	NA	NA	NA	NA	NA	NA	NA	-0.547	0.517	-0.350	NA	NA	NA	NA	NA	NA	0.660	-1.392	-0.018	-1.725	NA	0.573	NA	NA	NA
12	90260046	rs10777206	1.844	1.838	0.429	0.756	0.901	1.915	-0.603	-1.141	-1.021	-0.794	-1.236	-0.012	0.562	-0.199	0.849	-0.540	-1.051	-1.237	-1.873	-1.523	-1.557	-0.668	-0.318	-0.350	-0.725	-0.176
12	90523703	rs10858960	NA	NA	0.065	NA	NA	NA	-1.090	-0.982	-1.277	-1.110	-2.060	NA	-0.176	NA	0.738	-0.855	-0.271	0.097	-1.436	-0.333	-0.818	-1.943	-0.677	-1.217	-0.275	-0.768
12	92845728	rs75392720	-1.368	-0.264	-0.724	NA	NA	-1.216	5.273	-0.581	-0.422	-0.948	-1.590	NA	NA	NA	NA	NA	-1.564	-1.055	-2.067	-1.595	-1.214	NA	-0.107	-0.020	0.081	0.314
12	93692934	rs7488386	0.108	0.032	-0.553	-0.076	0.484	0.103	0.205	0.016	0.423	0.522	0.125	-0.114	0.176	-0.134	0.330	-0.104	-0.701	-0.826	-0.011	-0.090	-0.203	-0.406	-0.183	0.164	-0.242	-0.216
12	111600134	rs11065822	NA	NA	NA	NA	NA	NA	NA	-0.595	-0.925	-0.773	-1.643	NA	NA	NA	NA	NA	-1.270	-0.815	-0.637	-1.027	-1.605	-0.667	-0.310	-0.936	-0.602	NA
12	111614736	rs6489979	NA	NA	NA	NA	NA	-1.543	-1.844	-1.779	-1.109	-2.082	-2.176	-0.073	-0.318	0.694	-0.128	-0.283	-2.402	-1.695	-1.474	-1.976	-2.059	-0.261	-0.762	-0.255	-0.077	-0.403
12	111746499	rs3843673	0.560	1.008	0.863	0.370	0.910	-0.302	-1.091	-1.669	-0.745	-1.683	-2.522	1.584	1.885	2.243	1.517	1.052	-2.313	-1.720	-2.773	-2.797	-2.932	-0.184	-0.222	0.183	-0.664	-0.221
12	111884608	rs3184504	NA	NA	NA	NA	NA	-0.760	-3.878	-1.817	-1.279	-0.356	-2.241	NA	NA	NA	NA	NA	-1.950	-0.935	-2.738	-2.333	-2.535	-1.412	-1.487	-1.363	-1.515	NA
12	112047571	rs11065976	-0.623	0.444	0.599	-0.472	0.389	-0.242	-0.756	-0.997	-0.117	-1.004	-0.807	-0.901	-0.213	1.531	0.778	0.173	-1.241	-1.071	-0.786	-1.326	-1.501	0.333	0.170	1.078	0.194	0.817
12	112179471	rs4766897	NA	NA	NA	NA	NA	-2.621	NA	-2.082	-1.640	-1.305	-2.529	NA	NA	NA	NA	NA	-0.981	-0.376	-4.447	-1.232	-2.389	-1.170	-2.736	-2.095	-1.428	NA
12	112312368	rs7309970	NA	-1.609	0.103	-3.176	-1.909	-1.029	-2.761	-1.664	-1.125	-1.632	NA	NA	0.025	0.531	0.747	0.802	NA	-1.529	-1.702	-1.672	-1.536	0.138	0.163	0.532	-0.194	0.528
12	112519764	rs11066152	NA	NA	NA	NA	NA	NA	NA	-0.301	-1.374	-0.956	-0.394	NA	NA	NA	NA	NA	-0.851	-1.833	0.028	-0.013	-1.505	0.227	-1.262	NA	NA	NA
12	112571169	rs10850003	0.329	0.835	0.233	0.549	0.680	0.026	0.015	-0.210	0.235	-0.636	-1.069	0.803	0.919	NA	0.711	NA	-0.429	-1.152	-1.246	-0.896	-1.633	-0.508	-1.305	-0.363	-1.006	-0.479
12	112610714	rs11066188	NA	NA	NA	NA	NA	-0.385	-0.232	-0.195	-0.191	0.517	-0.863	NA	NA	NA	NA	NA	-0.841	-0.055	-1.105	-0.817	-1.548	-0.467	-1.883	-1.256	-1.538	NA
12	112883476	rs11066309	NA	NA	NA	NA	NA	-0.599	-1.446	-5.301	-2.352	-0.382	-4.676	NA	NA	NA	NA	NA	-3.181	-3.402	-3.577	-4.116	-3.604	-1.278	-1.067	-1.709	-2.558	NA
12	112978204	rs7138688	NA	NA	NA	NA	NA	-0.233	-0.139	-0.548	-0.856	-1.073	-0.158	NA	NA	NA	NA	NA	-0.172	0.635	0.156	1.223	-0.262	0.969	-0.641	NA	NA	NA
12	122633031	rs79280766	NA	NA	NA	NA	NA	NA	NA	NA	NA	NA	NA	NA	NA	NA	NA	NA	-1.133	-1.266	-0.708	0.237	-0.526	NA	NA	NA	NA	NA
13	24586813	rs10459401	-0.918	-0.752	-0.564	-0.187	NA	-0.107	0.645	-0.466	-0.470	-1.725	-1.057	-0.071	-0.782	-0.573	-0.851	0.052	-0.534	-0.511	-0.293	0.473	-0.173	-0.240	-0.908	0.010	-0.683	-0.868
13	47180671	rs7491248	1.194	0.955	0.577	NA	0.542	1.801	1.852	1.789	1.541	1.400	1.351	0.765	0.634	0.022	0.853	0.796	1.465	1.813	0.856	1.077	0.873	1.801	1.367	1.886	2.149	1.656
13	47209347	rs4942561	0.507	0.581	2.211	1.170	0.205	1.122	0.649	1.138	0.967	1.106	1.059	0.320	0.504	-0.117	-0.803	-0.372	0.505	0.498	0.632	1.013	0.782	1.233	0.976	1.366	1.061	1.222
13	49358620	rs73182566	NA	NA	NA	NA	NA	NA	NA	NA	NA	NA	NA	NA	NA	NA	NA	NA	-0.869	NA	-1.452	NA	-0.456	2.004	NA	NA	NA	NA
13	57530490	rs74808730	NA	NA	NA	NA	NA	NA	NA	0.223	0.128	0.428	0.126	NA	NA	NA	NA	NA	0.223	0.065	0.291	0.004	-0.265	0.402	-0.815	-0.146	NA	NA
13	72735040	rs9564881	0.802	0.879	1.757	0.463	0.320	0.270	1.116	0.247	-0.191	-1.151	0.845	1.412	0.910	0.423	0.406	1.313	1.355	0.520	2.182	1.653	1.942	1.353	1.293	1.527	1.412	1.657
13	84391690	rs147216852	NA	NA	NA	NA	NA	NA	NA	-1.087	-1.069	-0.315	0.327	NA	NA	NA	NA	NA	NA	0.771	0.319	0.423	-0.320	NA	NA	NA	NA	NA
13	84915322	rs71440119	NA	NA	NA	NA	NA	NA	NA	-0.440	NA	NA	NA	NA	NA	NA	NA	NA	NA	NA	NA	NA	NA	NA	NA	NA	NA	NA
13	110804809	rs650724	0.871	1.235	-0.121	0.572	-0.122	0.122	1.182	-1.937	-1.182	-1.493	-0.604	NA	NA	NA	NA	-0.024	-0.036	0.259	0.104	-0.704	-0.765	-0.638	0.006	-0.710	-0.786	-0.268
14	52436402	rs45543441	NA	NA	NA	NA	NA	NA	NA	0.480	NA	NA	0.208	NA	NA	NA	NA	NA	1.317	0.936	0.426	0.572	0.726	0.379	NA	1.209	0.582	NA
14	78692623	rs28727501	0.551	0.358	1.075	0.978	1.109	1.576	1.127	-0.136	0.643	NA	0.115	NA	NA	NA	NA	NA	-1.265	NA	-0.420	-2.173	-0.860	-0.315	NA	NA	-0.708	0.203
14	80235508	rs149717613	-0.486	-1.017	-0.928	0.011	-0.793	0.236	-0.428	0.453	1.476	1.952	2.043	-0.484	0.284	0.408	-0.866	-0.419	1.307	0.802	0.800	1.597	0.346	0.695	0.413	0.482	-0.144	0.649
14	80554344	rs139866313	NA	NA	NA	NA	NA	NA	NA	NA	NA	NA	NA	NA	NA	NA	NA	NA	-0.924	0.610	NA	-1.241	NA	NA	NA	NA	NA	NA
14	89294699	rs9323833	0.618	-0.692	-0.319	-0.125	0.232	0.076	-0.062	0.018	0.004	-0.372	-0.190	-0.738	NA	NA	NA	NA	-0.076	-1.017	-0.835	-0.686	-0.335	-2.126	-1.653	-2.205	-2.401	-2.028
14	98424831	rs78065194	NA	NA	NA	NA	NA	NA	NA	NA	NA	NA	NA	NA	NA	NA	NA	NA	-0.863	-2.152	-0.338	-1.439	NA	NA	NA	NA	NA	NA
15	38194290	rs1910155	0.316	0.032	1.124	0.354	0.720	1.142	0.276	0.219	-0.054	0.280	0.154	-1.418	NA	NA	NA	0.982	-0.108	-0.073	-0.077	-0.327	-0.717	0.429	0.162	0.919	0.825	0.646
15	54593775	rs12442616	-0.534	-0.737	0.415	-1.036	-0.481	-0.906	-1.073	-0.813	-0.155	0.141	-1.379	-1.877	-1.745	-1.736	-1.717	-1.928	-0.725	-1.117	-0.527	-0.969	-0.544	-0.366	-0.440	-0.946	-1.000	-0.478
15	78530837	rs4886564	0.687	-0.177	0.372	-0.132	-0.144	-0.562	-0.606	-0.895	-0.967	1.031	-1.448	-1.874	-2.262	-2.185	-2.705	-2.345	-0.657	-0.640	-1.139	-0.969	-0.949	-2.022	-2.029	-1.931	-1.659	-2.203
15	82540064	rs7168667	-0.912	-1.081	-1.263	-0.533	-0.463	-0.350	1.422	1.001	1.230	NA	0.610	0.169	0.379	1.224	NA	0.866	0.809	1.182	1.086	NA	0.493	-0.734	-0.312	NA	-1.053	NA
15	85533539	rs7174762	1.594	0.103	-0.462	0.336	-0.184	-0.147	-0.530	0.258	-0.121	-0.448	0.579	0.079	0.649	0.727	0.115	0.172	0.193	-0.077	-0.077	-0.053	0.464	0.327	-0.052	0.193	0.073	0.178
15	86276903	rs113314714	NA	NA	NA	NA	NA	NA	NA	-2.617	-0.852	NA	NA	NA	NA	NA	NA	NA	NA	-1.771	-2.014	-2.512	NA	NA	NA	NA	-1.118	NA
15	90335788	rs25651	0.823	1.451	0.075	1.248	0.904	1.278	0.693	0.183	0.298	-0.299	1.603	-0.254	0.037	-0.042	-0.266	-0.455	1.675	1.250	2.130	1.756	0.906	0.995	1.250	0.891	1.673	1.265
15	91404705	rs4932370	-0.116	0.506	-0.641	0.789	0.657	0.670	0.535	1.442	0.644	0.698	1.685	0.109	-0.327	-0.927	0.299	0.006	2.508	1.407	1.969	NA	2.141	1.634	1.413	1.575	2.106	0.776
15	94838581	rs7176568	1.063	0.910	1.478	1.315	1.050	0.763	0.273	-0.363	0.016	0.237	-1.003	0.508	-0.216	0.174	0.681	0.107	-0.331	-0.665	-0.513	-0.776	-0.785	-0.237	-0.123	-0.297	-0.199	-0.146
15	96104466	rs6496123	0.502	0.421	0.775	-0.106	0.351	0.243	-0.532	-1.061	-0.682	-0.956	-0.646	-0.413	-0.557	-1.069	-0.791	-0.342	-0.527	0.009	-0.134	-0.739	-0.320	0.468	0.404	0.601	0.139	0.237
16	26084709	rs7200604	-0.279	0.723	0.371	0.946	0.382	1.580	0.422	0.068	-0.381	-0.862	0.970	0.951	0.817	1.188	1.388	0.716	1.081	0.425	1.000	0.853	0.984	1.038	1.879	1.277	1.149	0.929
16	49445957	rs747762	-0.210	0.163	-0.815	0.363	0.093	-0.294	-0.447	0.074	-0.880	0.868	-1.653	-2.022	-1.210	-1.614	-0.566	-0.589	0.156	-0.296	0.269	-0.418	0.734	-0.649	-0.223	-1.163	-0.674	0.989
16	52387438	rs4784178	0.566	0.659	0.529	1.065	1.131	1.165	1.030	0.692	0.642	-0.041	0.680	1.397	0.848	1.722	1.711	0.875	0.148	0.737	0.446	0.988	0.279	-0.073	-0.556	-0.377	-0.415	-0.607
16	55915680	rs75726484	NA	NA	NA	NA	NA	NA	NA	NA	-0.776	NA	-0.434	NA	NA	NA	NA	NA	-0.130	-1.334	0.259	-0.736	-0.434	NA	NA	NA	NA	NA
16	73026439	rs58563212	0.105	0.679	-0.327	1.278	0.719	0.387	0.224	-0.668	0.072	1.146	-0.087	0.237	-0.278	0.312	-0.146	-0.150	-0.846	-0.901	-0.828	-0.502	-0.425	-1.327	-1.329	-1.531	-1.252	-1.273
16	73034906	rs34416434	-0.095	NA	NA	NA	NA	-2.016	0.247	-1.517	-1.133	NA	-1.516	0.775	0.169	-0.803	-1.237	0.939	-1.958	-1.439	-2.200	-2.181	-1.578	-1.749	-2.317	-1.536	-1.114	-1.538
16	73071588	rs9302644	-0.189	-0.488	0.073	0.550	0.104	0.461	0.317	-0.057	-0.005	0.259	-0.164	0.749	-0.463	-0.346	-0.911	0.510	-0.674	-0.473	-0.342	-1.094	-0.460	-0.637	-0.171	-0.755	-0.896	-0.422
16	73085286	rs8049936	-0.270	-0.199	-0.241	0.445	-0.534	0.135	-0.456	-0.869	-1.396	-1.276	-1.074	-0.921	-0.544	-0.906	-0.428	-0.185	-0.037	-0.285	-0.253	-0.289	-0.427	-0.817	-0.381	-0.907	-0.925	-1.023
16	81122829	rs8063323	NA	1.365	-0.235	NA	0.826	1.578	1.309	0.922	-0.077	0.713	0.102	0.302	1.542	NA	NA	2.531	0.235	0.972	0.433	0.638	1.036	1.084	1.185	1.298	1.110	1.281
16	82932108	rs9936039	0.026	-0.246	-0.425	-0.280	0.061	0.087	-0.420	-0.216	0.698	-0.807	0.025	-0.016	0.731	0.132	0.268	0.297	0.190	0.357	-0.548	-0.362	-0.086	-0.681	0.097	-0.489	-0.231	0.699
16	87575332	rs12445022	-0.788	-0.008	-0.295	-1.952	-0.942	-0.938	-1.484	-1.276	0.001	-0.038	-1.101	1.338	0.996	0.706	-0.072	0.364	-1.005	-1.329	-0.973	-1.242	-1.027	0.063	-0.292	-0.376	-0.557	-0.424
17	1570197	rs28469839	0.564	1.069	NA	1.016	0.790	1.658	1.268	2.582	2.500	0.969	3.250	NA	NA	0.927	NA	0.681	1.017	0.935	0.832	0.835	1.089	1.298	0.004	0.263	0.517	0.255
17	31583522	rs17248832	1.830	2.000	1.636	1.819	1.520	1.215	1.541	-0.085	-0.534	-1.780	0.326	-0.643	-0.493	-0.940	-0.818	-0.270	0.138	0.915	0.694	-0.254	-0.505	-0.470	-0.518	-0.540	-0.101	-0.116
17	38795400	rs149520112	NA	NA	NA	NA	NA	NA	NA	-1.143	NA	NA	NA	NA	NA	NA	NA	NA	-0.535	-2.048	-0.067	-1.081	-0.615	NA	NA	NA	NA	NA
17	39815758	rs117426542	NA	NA	NA	NA	NA	NA	NA	-0.021	0.862	NA	0.320	NA	NA	NA	NA	NA	0.069	2.504	-0.289	NA	0.547	NA	NA	NA	NA	NA
17	45055107	rs80335285	NA	NA	NA	NA	NA	-0.075	-1.592	-1.132	-1.120	-1.772	-1.944	NA	NA	NA	NA	NA	-2.534	-2.957	-1.997	-2.474	-2.398	-0.964	-1.267	-0.705	-0.688	0.061
17	52346979	rs111254932	NA	NA	NA	NA	NA	NA	NA	NA	-0.131	NA	0.322	NA	NA	NA	NA	NA	-0.236	-0.229	NA	NA	0.138	NA	NA	NA	NA	NA
17	56445908	rs7219031	0.085	0.807	-0.840	0.011	-0.641	-0.266	0.633	0.787	1.078	1.194	1.362	NA	NA	NA	NA	NA	1.582	1.614	1.591	1.911	1.226	0.426	0.648	0.528	0.733	0.652
18	10486969	rs7242591	-0.733	-1.102	-0.277	-0.919	-1.314	-0.771	-0.391	0.879	0.991	0.301	0.701	0.850	-0.576	-0.631	0.060	0.377	0.745	1.206	1.018	0.883	0.744	1.290	0.884	0.818	1.371	1.150
18	13109555	rs487399	0.273	0.297	0.086	-0.184	0.130	-0.053	0.253	1.075	0.678	0.285	0.398	0.093	-0.330	-0.104	0.170	-0.040	1.275	0.194	0.948	1.157	0.679	0.901	0.366	0.892	0.808	0.567
18	13565249	rs8096821	-2.002	-0.492	-0.734	-0.330	-1.204	0.588	0.429	0.504	0.837	0.661	0.233	-0.119	0.313	-0.109	0.109	0.220	0.217	0.004	0.446	0.415	0.505	1.005	0.669	0.604	0.475	0.380
18	28562333	rs12455306	0.497	0.650	1.156	1.058	1.250	1.510	0.848	0.980	0.421	0.335	0.793	-0.476	0.125	-0.107	-0.294	-0.485	0.777	0.788	1.114	0.835	1.660	0.785	0.733	0.646	0.405	1.059
18	29844710	rs638664	-1.194	0.262	-0.438	0.018	0.211	0.796	1.156	2.392	2.926	1.471	3.033	1.393	1.170	1.773	1.050	2.234	2.589	0.907	2.561	2.477	1.703	2.048	1.936	2.814	2.476	2.566
18	34235656	rs1495900	-0.052	-0.132	-0.323	-0.457	0.104	0.407	0.235	-0.386	-0.484	-1.159	0.236	0.348	-0.380	0.168	-0.155	-0.078	-0.439	-0.675	-0.330	-0.585	-0.571	-0.461	-1.195	-0.482	-0.867	-0.702
18	41913042	rs117777949	NA	NA	NA	NA	NA	NA	NA	NA	NA	NA	NA	NA	NA	NA	NA	NA	-0.340	-0.813	NA	-0.440	-1.330	NA	NA	NA	-0.521	NA
18	42168885	rs72903534	NA	NA	NA	NA	NA	0.582	NA	NA	NA	NA	NA	NA	NA	NA	NA	NA	-2.135	NA	NA	-1.834	-2.377	NA	NA	NA	-1.035	NA
18	42428724	rs644286	-0.457	-0.137	-1.009	-0.362	-0.797	-0.857	-0.585	-0.643	-0.434	-0.131	-0.125	0.566	0.252	-0.658	0.146	-0.356	-0.280	0.509	-0.589	-0.575	-0.951	-0.718	-0.238	-0.355	-1.014	-0.783
18	60479140	rs34212978	NA	NA	NA	NA	NA	NA	0.432	-0.371	-0.601	-0.763	-0.628	NA	NA	NA	NA	NA	-0.658	-1.846	-1.657	-0.525	-1.264	-1.082	-0.570	-0.963	-0.341	NA
18	70114455	rs12956651	0.685	0.802	0.160	0.960	1.118	1.655	1.683	-0.205	-0.291	-0.875	0.685	NA	-0.142	-0.282	0.205	0.232	0.944	0.679	0.839	1.309	0.472	-0.438	-0.839	1.356	0.167	0.606
18	74709928	rs10469072	2.167	0.663	0.683	0.779	0.786	0.805	1.371	0.568	-0.310	1.839	1.360	-1.123	0.546	NA	1.318	-0.940	-0.687	0.840	0.297	0.267	0.317	1.378	0.614	1.681	0.648	0.748
19	5788749	rs2926067	0.666	-0.083	0.579	-0.746	0.703	0.836	1.846	1.917	2.112	2.177	4.089	NA	NA	NA	NA	NA	2.307	NA	0.907	0.705	1.518	0.146	0.848	0.986	0.317	-0.251
19	10805160	rs1975161	2.919	3.876	2.386	3.427	3.210	3.295	2.205	1.525	1.616	1.093	1.140	1.500	0.544	0.318	0.185	1.332	0.875	1.021	1.255	1.352	-0.009	1.756	1.097	1.943	2.196	2.593
19	11174935	rs8103309	-0.624	-0.465	-0.961	-0.445	-0.694	-0.469	-0.788	-0.949	-0.411	-0.822	-0.579	-0.492	-1.174	-1.222	-1.760	-0.783	-0.502	-0.583	-0.292	-0.641	-0.336	-0.696	-0.645	-0.470	-0.783	-0.730
19	11191677	rs10402112	-0.704	-0.078	-0.516	0.156	-0.587	-1.037	-0.886	-0.943	-0.443	-0.224	-0.540	-1.765	-1.077	-0.728	-0.741	-1.747	-0.532	-0.872	-0.409	-0.671	-0.917	-1.614	-0.526	-0.863	-0.861	-0.990
19	16899865	rs2608738	-0.714	-1.663	-2.105	-0.650	-0.860	-1.783	-1.799	-2.578	-1.229	-1.744	-1.627	NA	NA	NA	NA	NA	-1.521	-1.331	-1.113	-0.784	-0.946	-0.605	-1.003	-0.944	-0.757	-0.566
20	11056468	rs6074239	NA	NA	NA	NA	NA	-0.564	NA	-1.537	0.180	-0.670	-0.476	NA	NA	NA	NA	NA	-1.265	-0.010	-0.085	-1.348	-1.678	0.068	0.471	0.350	-0.535	0.258
20	55755170	rs3787382	0.363	0.711	0.663	0.312	0.146	0.626	0.762	1.282	0.722	0.553	1.156	1.275	1.714	1.586	1.777	1.207	1.383	1.109	0.938	1.439	0.829	1.211	1.059	0.976	1.051	1.401
21	20422074	rs9653750	-0.083	-1.145	-0.915	0.086	-0.614	0.072	-0.783	0.690	0.997	-0.105	0.263	-1.070	-0.706	-0.918	-1.216	-1.067	0.419	1.156	1.287	-0.136	0.330	-0.628	-0.194	-0.253	-0.542	-0.364
21	23710429	rs150681359	NA	NA	NA	NA	NA	NA	NA	NA	NA	NA	NA	NA	NA	NA	NA	NA	NA	-0.881	NA	0.591	NA	NA	NA	NA	NA	NA
22	26139746	rs133852	2.166	2.339	1.554	1.520	1.963	1.900	2.183	1.624	0.970	1.181	1.474	1.499	0.830	1.562	0.944	1.744	1.859	1.683	1.408	1.978	1.731	0.823	0.054	0.505	-0.205	0.120
22	29109409	rs28846498	NA	NA	-0.199	NA	NA	1.030	0.574	0.029	0.223	0.546	0.375	-1.259	-0.212	-0.191	-0.432	-1.658	0.077	-0.568	0.214	-0.410	-0.282	-0.807	-0.346	-0.360	-0.341	-0.320
22	44599260	rs139169	-2.127	-1.745	-1.395	-1.884	-2.508	-1.227	-0.647	-0.853	-0.771	0.093	0.274	-1.044	-1.421	-1.028	-0.893	-0.523	0.404	1.184	0.399	-0.381	-0.956	-0.082	0.318	0.007	0.339	0.120
