chr	pos	bstat
1	3220382	986
1	3341796	976
1	10796547	907
1	13948910	906
1	19014865	928
1	46993203	579
1	60015280	850
1	78619038	569
1	100032527	848
1	100039250	828
1	110114122	370
1	113052923	565
1	117170153	889
1	156205301	550
1	203009634	751
1	205485290	872
1	238512343	975
2	2634033	984
2	6009871	974
2	29390301	659
2	44081627	809
2	49009415	895
2	49922652	898
2	51871341	957
2	55188195	441
2	101103245	811
2	118804010	598
2	135124769	831
2	148010903	833
2	159739249	778
2	173321704	733
2	188291723	628
2	203867698	157
2	204120214	160
2	204410908	193
3	4475624	944
3	20116077	748
3	20421544	903
3	24291336	955
3	24364406	952
3	64684919	905
3	67002097	850
3	113649344	649
3	172849454	912
3	188965532	951
4	6367467	988
4	47000644	807
4	77478197	831
4	95068980	687
4	95585202	669
4	111677041	909
4	111765495	928
4	113732090	850
4	149521809	890
4	155447741	638
4	155525695	551
4	174778994	947
4	185348916	939
4	187195551	747
5	3092254	1000
5	13902885	749
5	43824677	362
5	62723814	924
5	84317073	958
5	85398495	963
5	121510586	873
5	121518309	850
5	126641770	637
5	137546642	53
5	137957814	407
5	142025710	934
5	153715001	893
5	157622325	854
5	173262693	786
6	1309375	961
6	1337180	967
6	1367049	981
6	5305547	970
6	14004281	862
6	15062971	970
6	19528957	932
6	24675324	730
6	24740789	778
6	36647289	803
6	41480093	944
6	134796909	923
6	135065591	869
6	147691069	577
7	1471591	934
7	4452636	982
7	9213427	994
7	19026371	910
7	19049388	864
7	19525216	943
7	26017271	898
7	47197819	976
7	73739389	889
7	92244422	402
7	92706693	764
7	92974408	569
7	100092311	158
7	106164650	940
7	115218009	870
7	115508909	746
7	125319212	866
7	127940582	738
7	137669111	958
7	150684021	859
7	150695726	824
8	959014	987
8	3929850	994
8	11790790	963
8	62054463	910
8	62147828	847
8	72212692	863
8	106532044	859
9	17027407	829
9	22116071	916
9	28208463	933
9	74961677	647
9	79131926	854
9	101710041	883
9	110742851	911
9	112599050	894
9	136150466	900
9	136155000	900
9	140281528	934
10	11142052	933
10	11205224	939
10	23662018	927
10	24541893	945
10	34149520	933
10	69900977	779
10	81960545	828
10	83558514	987
10	86471855	898
10	102899269	627
10	104959487	141
10	105471768	596
10	105608838	608
10	124081735	856
10	124220667	834
10	124226630	843
10	124251048	880
11	9283278	511
11	9752413	542
11	15427364	865
11	15730991	879
11	36386755	933
11	43849884	676
11	47474146	17
11	68743199	830
11	69040668	929
11	81771621	931
11	96029536	954
11	102700360	700
11	102806458	763
11	105121407	875
11	113057434	861
11	113639232	548
11	124606484	758
11	124632821	635
11	132945399	993
12	4310220	969
12	4990923	915
12	6496122	814
12	11970590	969
12	21393651	878
12	44582999	709
12	54443718	619
12	57627074	242
12	70318610	797
12	90260046	742
12	90523703	703
12	92845728	913
12	93692934	928
12	111600134	607
12	111614736	584
12	111746499	453
12	111884608	119
12	112047571	128
12	112179471	108
12	112312368	65
12	112519764	34
12	112571169	34
12	112610714	32
12	112841242	82
12	112883476	88
12	112978204	140
12	122633031	680
13	24586813	976
13	47180671	879
13	47209347	875
13	49358620	843
13	52744910	399
13	53022518	323
13	57530490	930
13	72735040	901
13	84391690	704
13	84915322	959
13	110804809	946
14	23866593	675
14	52436402	813
14	78692623	916
14	80235508	810
14	80554344	863
14	89294699	400
14	98424831	988
15	38194290	906
15	54593775	878
15	78530837	819
15	82540064	514
15	85533539	756
15	86276903	517
15	90335788	749
15	91404705	691
15	94838581	982
15	96104466	986
16	26084709	966
16	49445957	891
16	52387438	940
16	55915680	887
16	73026439	760
16	73034906	763
16	73071588	788
16	73085286	784
16	81122829	706
16	82932108	964
16	87575332	934
17	205638	946
17	1570197	347
17	31583522	940
17	38795400	356
17	39815758	670
17	45055107	688
17	52346979	895
17	56445908	181
18	10486969	862
18	13109555	497
18	13565249	958
18	28562333	906
18	29844710	692
18	34235656	699
18	41913042	939
18	42168885	877
18	42428724	814
18	60479140	751
18	70114455	974
18	74709928	952
19	5788749	964
19	10805160	452
19	11174935	698
19	11191677	784
19	11832283	934
19	16899865	970
20	11056468	966
20	55755170	946
21	20422074	990
21	23710429	993
22	22714036	982
22	26139746	958
22	29109409	515
22	44599260	970
