chr	pos	bstat
1	2235672	856
1	54959521	946
1	154548946	521
1	218812567	959
2	97335510	190
3	25520582	902
3	59534402	877
3	126904781	946
3	138558788	481
3	138645326	783
3	147264470	748
3	150220509	850
3	186880123	934
4	3151813	437
4	3436014	851
4	7823262	958
4	89879196	871
4	126105471	906
5	119058740	891
6	31247203	934
6	31364384	934
6	31785228	900
6	32015796	923
6	32154285	929
6	32183701	929
6	32193564	934
6	32278792	934
6	32339647	934
6	32579277	934
6	32584739	934
6	32587157	934
6	32758860	940
6	32774920	940
6	33023265	884
6	49641983	793
6	162348963	985
7	47023974	975
7	127124781	620
8	23906975	899
8	128941410	966
8	130318440	927
8	131479006	853
9	2963102	965
10	5640283	928
10	20014403	932
10	54503399	981
10	81744848	923
11	41007539	933
11	65351364	309
11	79109590	945
11	130271678	758
12	111296320	538
12	111593734	600
12	111766316	411
12	111772770	388
12	111835545	241
12	112036929	133
12	112140669	111
12	112424219	51
12	112992423	215
12	113115370	679
13	99336290	889
15	40810086	231
15	48514852	508
15	78418047	773
15	78505530	809
15	78737484	602
15	78760918	507
15	78857896	627
15	78914397	627
15	78977546	782
15	93960103	994
16	10523639	877
16	11769266	687
17	33342111	384
18	3780313	975
19	41128711	721
19	41132203	735
19	41170566	649
19	41193580	624
19	41209177	575
19	41324078	702
19	41333284	794
19	41412095	856
19	41412185	856
19	41416948	856
19	41661971	889
19	41827103	612
19	48488862	958
20	19046466	969
22	33179223	890
22	48211118	994
