chr	pos	Beta	P-value	rsid
19	41416948	0.257116264673838	2.99766141159883e-17	rs56129017
12	112140669	0.253645955507943	4.33579310690536e-17	rs11066008
19	41333284	-0.179670952494571	5.62075278041193e-12	rs11878604
12	112424219	0.204047396642815	2.00885821470132e-11	rs7398434
19	41209177	-0.231719108241454	6.44512374489124e-11	rs2288450
15	78857896	-0.166535006588886	7.679862777687e-11	rs503464
12	111835545	0.18353018149161	1.0712315611084e-10	rs7967514
19	41412185	0.192554126252363	1.36362667990019e-09	rs4803402
15	78914397	0.219899337805909	2.56335234189053e-09	rs79680745
4	89879196	0.158654378235096	3.12639104440833e-09	rs1585258
12	111766316	0.167444527723944	7.62495484971054e-09	rs79592135
3	25520582	-0.153052408329321	7.74015517134824e-09	rs1529672
19	41324078	0.161738824496118	1.12288486186776e-08	rs71358934
12	111772770	0.180809107109176	5.01515463611299e-08	rs7957169
12	111593734	0.159457852609416	5.37297846031394e-08	rs4766544
12	112992423	0.174995033569356	1.32743284124446e-07	rs2079175
12	112036929	-0.180625018176342	1.36538909458833e-07	rs695872
12	113115370	0.13593209125341	2.29302638573891e-07	rs232933
19	41412095	0.144692349426374	4.20933989024059e-07	rs4803401
6	32278792	-0.133286599561765	9.09856936119278e-07	rs3864302
6	162348963	-0.139476832998322	1.02697108661202e-06	rs4709558
6	32584739	-0.17122472760663	1.0956008204283e-06	rs28752520
19	41193580	-0.126422696475205	1.14773973963291e-06	rs2561537
3	138645326	0.134358624938857	1.21111142981768e-06	rs13060060
3	138558788	-0.147903418329999	1.92453908467087e-06	rs72630195
19	41661971	-0.133130047881995	3.05855765674897e-06	rs305961
20	19046466	0.197505017157712	3.52596438017432e-06	rs4261773
6	32154285	-0.13486448289591	4.09571928130674e-06	rs204995
15	78418047	0.145979249179804	5.09459092877923e-06	rs1971151
10	20014403	0.282686929240441	5.89661442093851e-06	rs12772182
2	97335510	0.162404738048204	6.00147671264864e-06	rs6732115
15	78760918	-0.113984551592503	7.11039798011086e-06	rs4887057
18	3780313	0.737381992911072	7.19839862310025e-06	rs78888232
4	7823262	0.113655669282821	7.47968225494373e-06	rs59513878
13	99336290	-0.125678337338125	7.72006147066064e-06	rs1289389
4	126105471	-0.145183237689958	8.45078935277726e-06	rs13137163
6	32193564	0.1196963447951	8.58288361727193e-06	rs3134928
6	32774920	-0.211480825836823	9.10481976107656e-06	rs28744289
8	128941410	0.243584840074564	1.01013919865571e-05	rs77525354
6	32587157	-0.137840305256461	1.11329551744153e-05	rs28688825
3	186880123	0.132355254689069	1.14589381543939e-05	rs270141
19	48488862	-0.141837282801997	1.28822730144335e-05	rs1820689
6	33023265	0.17299782054028	1.31445574553816e-05	rs9277182
10	81744848	0.117241304661883	1.4350749479835e-05	rs12259355
9	2963102	-0.466119209439875	1.52406371890799e-05	rs530910431
11	130271678	-0.113177407800105	1.53111557330095e-05	rs747250
12	111296320	0.118298818931095	1.62827932829723e-05	rs11065734
16	10523639	-0.175235448760304	1.70283624671118e-05	rs143248549
6	32015796	-0.125935837423691	1.81788212036695e-05	rs78125577
15	40810086	0.916342093982761	1.82681666477668e-05	rs141839455
6	32339647	0.115470103011944	1.93979994716368e-05	rs2050189
15	78737484	-0.151051982059032	2.14899719653842e-05	rs8034271
11	41007539	0.181205762280927	2.16070921213056e-05	rs12421750
16	11769266	-0.109154997912957	2.19715223674281e-05	rs8045300
6	32579277	-0.124607024578164	2.26064677214289e-05	rs1166686107
3	126904781	0.149667844751291	2.27719563367713e-05	rs1905223
7	47023974	0.113817379409109	2.32408278713394e-05	rs6964317
6	31785228	0.153237060153662	2.32879787470478e-05	rs506770
6	32183701	-0.106956943744607	2.41973273775043e-05	rs206014
6	49641983	-0.28511783514106	2.45863860013845e-05	rs720948
10	54503399	0.193826598338009	2.46671918720589e-05	rs75898254
8	23906975	-0.14060656248363	2.50145013369394e-05	rs59765638
10	5640283	-0.152661560380127	2.6203340478644e-05	rs11255916
15	78505530	0.153967558947184	2.69872116907141e-05	rs56287085
22	48211118	0.27339919505843	2.75483200883337e-05	rs75878364
19	41128711	0.108046598178035	2.78966249849438e-05	rs112865912
11	65351364	0.169186576381712	2.83967978491163e-05	rs10160596
17	33342111	0.411213074135403	2.86390563885532e-05	rs57324726
8	130318440	0.354098198091361	3.07348962806361e-05	rs77661347
6	32758860	-0.276443646079892	3.22550509367488e-05	rs141583595
3	150220509	0.195920856502954	3.27525767267348e-05	rs4459924
15	78977546	0.117490751856047	3.30273333883921e-05	rs76870571
7	127124781	0.548090634384762	3.35649555643577e-05	rs146779899
1	154548946	-0.15845270684253	3.39594973635025e-05	rs4292956
11	79109590	-0.105462488165017	3.43601717044678e-05	rs534863
4	3436014	0.106977701064399	3.51202732258484e-05	rs4690013
6	31364384	-0.112983049449836	3.59668771133308e-05	rs376480573
3	59534402	-0.110159351104226	3.64253158866643e-05	rs13080418
5	119058740	0.110175265268509	3.69163268978181e-05	rs2600427
22	33179223	-0.111058700238182	3.72500018611033e-05	rs3788507
6	31247203	0.11694301199564	3.74333869803653e-05	rs2853946
19	41132203	0.421384854924694	3.84438142021001e-05	rs146353450
19	41170566	0.259413095930845	3.85995468583462e-05	rs59786414
19	41827103	0.529491408302918	4.08578207376683e-05	rs147152044
1	2235672	-0.116743251134535	4.28947764536092e-05	rs2843159
8	131479006	-0.104807393110853	4.46632648705408e-05	rs10109991
4	3151813	-0.107399432480051	4.60050123346397e-05	rs11731237
1	218812567	0.108274431961541	4.77266251249933e-05	rs1552124
15	48514852	0.133892086983828	4.82606409050382e-05	rs8032941
3	147264470	0.147490853164626	4.87095879182371e-05	rs113453374
15	93960103	-0.112158022624376	4.9365858216908e-05	rs4777878
1	54959521	0.145043643509377	4.95980982461519e-05	rs4451502
