chr	pos	RSNUM	ESN	GWD	LWK	MSL	YRI	ACB	ASW	CLM	MXL	PEL	PUR	CDX	CHB	CHS	JPT	KHV	CEU	FIN	GBR	IBS	TSI	BEB	GIH	ITU	PJL	STU
1	2235672	rs2843159	-0.067	-0.310	-0.090	-0.047	-0.069	-0.085	-0.422	-1.529	-1.658	-0.233	-1.746	-0.995	-0.509	-0.507	0.191	-0.177	-1.153	-1.336	-0.863	-1.238	-0.317	-0.736	-0.551	-0.849	-1.296	-0.353
1	154548946	rs4292956	-0.335	1.575	NA	-0.059	-0.500	1.548	0.439	0.665	-0.123	-0.910	0.005	0.260	0.007	-0.365	0.649	-0.104	1.097	1.503	0.706	1.370	0.875	0.254	0.167	-0.111	-0.365	0.499
1	218812567	rs1552124	0.623	-0.775	-1.446	-2.603	-0.856	-0.263	0.042	0.652	1.223	0.981	1.454	1.212	1.836	1.418	1.037	0.943	1.016	0.335	1.532	1.158	1.242	1.087	0.806	0.726	1.403	1.493
2	97335510	rs6732115	0.845	0.759	1.425	0.507	0.412	0.363	0.660	1.419	0.964	0.362	0.813	0.413	-0.306	0.293	0.273	0.319	1.289	NA	0.811	0.725	0.978	1.597	1.923	2.168	1.914	1.979
3	25520582	rs1529672	-0.873	-0.575	-0.238	-1.186	-1.961	-0.741	-0.670	0.346	0.556	-0.588	0.725	0.694	0.555	0.360	0.714	0.478	0.888	1.081	1.156	1.183	1.266	1.288	0.828	1.951	1.347	0.407
3	59534402	rs13080418	-0.507	NA	0.160	-1.208	NA	-1.153	-0.347	-1.125	-0.985	0.188	-0.433	-0.279	-0.315	-0.003	-0.724	-0.677	-1.050	-1.098	-0.852	-1.072	-1.141	-1.051	-1.314	-1.209	-1.451	-1.407
3	126904781	rs1905223	1.594	0.653	0.185	1.333	0.728	0.605	0.269	-2.234	-2.041	-2.036	-1.553	-1.314	-1.409	-1.061	-0.434	-0.752	-0.582	-1.706	-1.488	-1.393	-1.020	-0.846	-0.559	-0.545	-1.488	-0.947
3	138558788	rs72630195	NA	NA	1.069	NA	NA	NA	NA	NA	-1.083	0.494	NA	-0.010	-0.461	-0.134	-0.154	0.027	NA	0.262	NA	NA	NA	-0.984	-0.449	1.019	-0.020	-0.286
3	138645326	rs13060060	0.285	-1.598	0.582	0.962	-0.512	-0.194	0.691	1.218	1.655	2.182	1.765	0.951	0.503	0.745	0.237	0.568	1.608	1.816	1.013	1.902	1.930	1.424	0.941	1.074	1.014	0.915
3	147264470	rs113453374	1.851	1.119	2.111	1.424	1.787	2.010	2.205	1.326	0.895	0.357	0.793	0.356	1.137	0.911	2.307	0.569	1.339	-0.468	0.879	1.094	0.749	0.378	0.544	0.104	0.259	-0.056
3	150220509	rs4459924	-1.371	-0.390	-0.890	-0.361	-1.198	-0.169	-1.158	-0.241	-0.414	0.487	-0.449	1.095	0.008	0.122	0.928	0.735	-0.451	0.507	-0.702	-0.205	-0.568	-0.000	0.135	0.325	0.023	0.070
3	186880123	rs270141	0.068	-1.007	0.040	-0.999	-0.249	-0.224	0.479	0.771	0.648	0.309	0.826	1.854	1.881	2.087	1.234	2.034	0.005	-0.115	-0.319	0.609	0.737	1.498	1.609	1.388	1.515	1.572
4	3151813	rs11731237	-0.787	-1.026	0.876	-0.640	-0.019	-0.464	-0.448	-1.073	-0.639	-0.323	-1.385	-0.773	-0.224	-0.112	0.045	-1.123	-1.237	-0.432	-1.422	-1.326	-1.226	-0.258	-0.705	0.007	-0.658	-0.026
4	3436014	rs4690013	-0.148	0.093	-0.561	-0.524	0.499	0.384	-0.110	0.640	0.845	0.913	1.288	0.636	0.443	1.110	1.014	0.497	1.061	1.272	0.752	0.848	1.136	0.572	0.185	0.610	0.091	0.882
4	7823262	rs59513878	-0.894	-1.527	NA	-0.811	-0.887	-0.919	-0.262	-1.117	-0.887	-0.219	-1.174	-0.930	-1.013	-0.809	-0.184	-0.660	-0.119	-0.549	-0.167	-1.804	-0.077	-1.044	-1.438	-1.535	-1.497	-1.515
4	89879196	rs1585258	-0.580	-0.073	-1.108	-0.089	-0.366	-0.418	-0.140	0.009	-0.460	-0.436	-0.089	-0.100	-0.391	-0.035	0.089	0.135	0.085	-1.133	-0.147	-0.189	-0.198	-0.864	-0.031	-0.573	-0.180	-0.413
4	126105471	rs13137163	-0.264	-0.142	-0.252	0.295	-1.223	-0.302	-0.694	-1.672	-0.885	-1.080	-0.575	-0.132	-0.054	-0.185	-0.563	-0.782	-1.178	-1.159	-1.194	-1.086	-1.555	-0.400	-1.091	-0.003	-0.409	-0.419
5	119058740	rs2600427	NA	NA	-0.146	-1.059	-0.441	0.082	-0.372	-0.599	-0.558	-0.201	0.047	0.000	-0.367	-0.013	0.219	0.012	0.514	0.813	0.416	0.366	1.545	-0.322	0.467	1.073	0.750	0.250
6	32015796	rs78125577	NA	NA	NA	NA	NA	NA	2.002	NA	-1.100	-0.594	NA	-2.987	-1.916	-2.181	0.119	-2.202	NA	NA	NA	NA	NA	0.032	NA	-1.357	-0.959	-1.047
6	32154285	rs204995	0.770	0.270	0.887	-0.578	0.387	0.778	0.906	1.469	1.610	0.141	0.753	2.344	0.210	-0.361	0.358	0.660	-1.024	-0.350	-0.967	-0.543	-0.332	-1.285	-1.574	-0.957	0.115	-1.184
6	32183701	rs206014	1.554	0.808	1.370	0.685	1.229	2.015	1.400	0.321	0.216	0.327	1.185	1.400	1.543	1.583	1.714	1.279	1.165	0.296	1.159	0.551	-0.588	0.186	0.933	1.028	0.524	0.376
6	32193564	rs3134928	1.258	0.775	-0.310	0.902	0.229	0.552	0.226	0.914	0.665	0.854	-0.235	0.324	-1.277	-0.337	-1.856	-0.278	1.801	0.040	1.367	-0.092	0.403	-0.311	-0.574	-0.904	-0.673	-0.387
6	32278792	rs3864302	NA	NA	1.117	NA	NA	NA	0.266	-1.293	-0.145	0.629	-0.395	NA	1.791	NA	NA	0.480	NA	NA	NA	-0.496	0.296	NA	NA	NA	NA	NA
6	32339647	rs2050189	NA	2.228	2.138	1.940	2.142	NA	1.422	0.467	0.042	0.109	0.933	-0.253	0.049	0.541	0.015	-0.021	0.750	1.020	0.654	0.936	1.079	0.723	0.567	0.633	-0.083	1.053
6	32758860	rs141583595	NA	NA	NA	NA	NA	NA	NA	NA	NA	NA	NA	-1.447	-2.649	-0.750	-0.199	NA	NA	NA	NA	NA	NA	NA	NA	NA	NA	NA
6	32774920	rs28744289	NA	NA	1.150	NA	NA	NA	NA	-0.713	-1.654	0.310	-1.379	NA	-2.259	NA	NA	-2.075	-1.123	-0.810	NA	-1.542	NA	-0.946	-1.028	-0.794	-0.450	-1.211
6	33023265	rs9277182	-0.425	0.938	-0.253	0.523	1.398	0.987	-0.321	-1.693	-1.814	-0.864	0.270	0.196	0.412	0.278	0.815	0.679	NA	-1.128	0.250	0.578	0.279	0.967	1.679	1.622	1.194	1.018
6	49641983	rs720948	-0.256	-0.827	0.147	0.145	-0.039	-0.431	-1.217	-0.543	-1.005	-0.506	-0.106	0.269	-0.723	-0.025	-0.886	0.460	0.534	0.315	0.276	0.984	0.995	-0.527	-0.177	-0.502	-0.300	-0.246
6	162348963	rs4709558	-0.407	NA	0.178	NA	-0.995	0.695	2.406	-0.701	-1.834	-0.861	-1.248	-1.370	-1.613	-1.384	-1.802	-1.314	-0.696	-1.245	-0.435	-0.567	-0.600	-0.872	-1.300	-0.297	-0.857	-0.294
7	47023974	rs6964317	-0.043	0.618	-0.872	-0.355	-0.212	-0.353	-0.237	0.138	-0.713	-0.080	-1.235	-0.872	-0.919	-0.696	-0.889	-1.019	0.149	0.339	0.172	-0.352	-0.290	0.299	0.251	-0.143	0.463	-0.002
7	127124781	rs146779899	NA	NA	NA	NA	NA	NA	NA	NA	NA	NA	NA	NA	NA	NA	-0.746	NA	NA	NA	NA	NA	NA	NA	NA	NA	NA	NA
8	23906975	rs59765638	NA	NA	NA	NA	NA	-0.672	NA	0.203	NA	-1.152	1.309	1.265	-0.839	0.406	0.073	NA	0.956	0.772	3.199	0.692	NA	0.425	-0.505	-0.008	0.318	-0.948
8	128941410	rs77525354	0.531	0.143	-0.076	0.937	0.613	-0.889	-0.202	-1.066	0.918	NA	NA	0.106	0.627	NA	0.914	-0.171	-0.643	NA	-0.138	-0.341	-0.167	-0.020	-0.566	0.050	0.429	0.574
8	130318440	rs77661347	NA	NA	NA	NA	NA	NA	NA	NA	NA	NA	NA	NA	-0.391	-0.418	0.012	-0.688	NA	NA	NA	NA	NA	NA	NA	NA	NA	NA
8	131479006	rs10109991	-1.375	-1.229	0.242	-1.288	-1.649	-0.869	-0.811	-0.736	-0.307	0.373	-0.617	-0.156	0.420	0.650	0.700	0.571	-0.239	-0.035	-0.486	-0.049	-0.049	-0.105	0.092	-0.105	-0.219	-0.620
9	2963102	rs147011990	NA	NA	NA	NA	NA	NA	NA	NA	NA	NA	NA	-1.676	0.209	-0.066	0.731	0.114	NA	NA	NA	NA	NA	NA	NA	NA	NA	NA
10	20014403	rs12772182	-0.416	1.351	-0.254	0.077	-0.823	0.038	-0.600	1.737	2.506	NA	0.468	NA	-0.121	-0.462	-0.072	0.210	0.293	NA	NA	NA	2.600	NA	-0.080	0.244	2.342	0.123
10	54503399	rs75898254	NA	NA	NA	NA	NA	NA	NA	-1.667	-1.171	-1.475	-1.383	-1.009	-0.849	-1.263	-1.023	-0.567	NA	NA	NA	NA	NA	-1.230	NA	NA	NA	NA
11	41007539	rs12421750	-1.434	NA	NA	NA	NA	-1.585	NA	-1.676	-1.057	-1.505	-0.685	-0.346	-1.110	-1.951	-1.370	-0.915	NA	NA	NA	NA	NA	-1.705	NA	NA	NA	NA
11	65351364	rs10160596	-1.379	-0.726	0.826	-0.604	-0.818	0.495	0.574	0.690	1.033	1.629	0.537	0.131	0.449	-0.612	-0.349	-0.284	0.314	1.233	0.587	0.087	0.613	0.661	0.279	-0.001	0.322	0.463
11	79109590	rs534863	0.251	1.041	0.518	1.097	0.120	0.403	0.772	1.165	0.544	0.463	1.263	0.630	0.713	0.911	1.436	2.106	2.152	2.113	1.625	1.999	2.628	1.701	2.214	2.161	1.668	2.078
11	130271678	rs747250	-0.384	-0.514	-1.435	-0.899	-0.889	-1.454	-2.329	-1.292	-0.656	0.751	-1.582	0.179	-0.457	-0.653	-0.453	-0.463	-1.928	-1.633	-1.058	-1.833	-1.452	-1.141	-0.945	-1.451	-1.220	-1.471
12	111296320	rs11065734	NA	2.115	1.257	NA	1.395	1.178	0.532	0.068	0.161	0.840	-0.456	-0.588	0.212	-0.124	-0.101	-0.476	-0.100	-0.098	-0.466	-0.496	-0.334	-0.481	-0.691	-0.555	-0.850	-0.735
12	111766316	rs79592135	0.792	1.097	0.433	0.931	0.683	1.417	1.008	0.066	-0.064	0.771	1.462	-2.108	-1.467	-2.461	-1.969	-1.967	1.558	0.884	1.669	1.756	2.034	-0.279	-0.111	-0.378	0.001	-0.200
12	111772770	rs7957169	-0.799	-0.569	-0.094	-0.615	-0.855	0.118	0.431	1.776	1.313	0.877	2.466	-0.978	-0.579	-1.738	-1.657	-1.200	2.890	2.204	3.107	2.506	3.015	0.997	0.739	0.546	1.105	0.868
12	111835545	rs7967514	1.467	0.715	0.180	0.662	1.075	1.044	1.016	0.183	-0.397	0.605	1.430	-0.192	-0.299	-0.712	-1.341	-0.163	NA	NA	NA	NA	NA	0.593	0.196	0.976	0.226	1.121
12	112036929	rs695872	-0.274	0.438	-0.298	0.097	0.214	-0.475	-0.865	-0.928	-0.255	0.150	-0.630	0.090	0.197	1.809	1.194	0.703	-0.910	-0.675	-0.519	-1.121	-1.313	0.203	0.122	0.842	0.510	0.715
12	112140669	rs11066008	NA	NA	NA	NA	NA	NA	NA	NA	NA	NA	NA	-0.158	0.464	-1.138	-1.574	-0.257	NA	NA	NA	NA	NA	0.299	NA	NA	NA	NA
12	113115370	rs232933	-0.497	-0.239	-1.627	-0.877	-0.421	-0.288	-0.179	-0.107	0.547	1.867	-0.137	0.268	-0.296	-0.461	-0.292	-0.473	-0.758	-0.556	-1.924	-0.919	-1.835	-0.190	0.492	0.171	0.285	0.113
13	99336290	rs1289389	-0.873	0.809	-0.315	-0.106	-0.576	-0.944	-0.395	-0.912	-0.612	-0.855	-0.607	-1.079	-1.408	-1.455	-0.597	-1.584	-0.637	-1.191	-1.325	0.522	-0.229	-2.608	-1.509	-2.206	-1.878	-1.727
15	40810086	rs141839455	NA	NA	NA	NA	NA	NA	NA	NA	NA	NA	NA	NA	NA	NA	-0.131	-1.161	NA	NA	NA	NA	NA	NA	NA	NA	NA	NA
15	48514852	rs8032941	1.105	-0.056	0.660	1.584	-0.611	0.475	1.004	1.533	0.931	0.110	1.821	0.003	-0.196	0.049	0.002	0.001	NA	NA	NA	NA	NA	0.937	NA	1.547	1.613	0.842
15	78418047	rs1971151	1.783	1.429	1.392	1.895	1.483	1.302	1.584	1.593	1.019	0.763	0.873	1.360	0.675	0.702	0.864	0.548	0.830	-0.111	1.117	1.540	1.128	-0.008	-0.081	-0.141	0.053	-0.193
15	78505530	rs56287085	-1.033	0.507	-0.543	-0.870	-0.965	0.182	-0.049	-1.239	-0.568	-0.098	NA	0.476	-0.078	0.255	-0.270	0.342	NA	-0.771	NA	NA	NA	-0.325	0.362	-0.261	0.117	0.165
15	78737484	rs8034271	0.094	1.242	1.064	1.111	1.020	0.844	1.105	0.989	1.437	1.484	0.639	-0.530	-0.228	-0.000	-0.999	-0.921	0.424	-0.426	-0.150	1.072	0.352	-0.396	1.253	0.216	-0.418	0.184
15	78760918	rs4887057	0.773	0.901	0.129	0.607	1.022	0.361	0.640	0.246	1.475	2.415	0.393	0.472	0.265	0.021	0.642	0.391	-0.845	0.961	0.220	-1.811	-0.781	1.050	0.896	1.017	0.161	0.875
15	78914397	rs79680745	NA	NA	NA	NA	NA	NA	NA	NA	NA	NA	NA	-0.624	-0.267	-1.031	-0.170	-0.711	NA	NA	NA	NA	NA	0.793	NA	NA	NA	NA
15	78977546	rs76870571	NA	NA	NA	NA	NA	NA	NA	NA	-0.061	NA	NA	-1.013	-1.219	-1.357	-1.140	-0.755	NA	NA	NA	NA	NA	1.091	NA	NA	NA	NA
15	93960103	rs4777878	0.352	-0.329	0.343	-0.985	1.074	-0.669	-1.409	-1.499	-0.134	0.492	-1.234	0.052	-0.622	-0.686	-0.160	-0.548	-0.612	-0.860	-0.574	-1.176	-0.804	-0.728	-0.788	-0.628	-1.439	-0.533
16	10523639	rs143248549	NA	-0.941	-0.859	1.886	NA	-0.041	3.038	-2.181	0.276	4.580	NA	-0.617	-2.071	-2.512	-0.995	-1.395	NA	NA	NA	-2.158	-0.208	0.306	-0.546	-0.270	0.350	-0.358
16	11769266	rs8045300	-0.430	0.174	-1.085	0.028	-0.337	-0.615	-0.862	-1.067	-1.184	-1.106	-0.369	0.258	-0.318	-0.234	-0.327	0.427	0.302	0.024	0.390	-0.484	-0.394	-0.757	-0.577	-0.808	-0.695	-0.895
17	33342111	rs57324726	-0.106	-0.031	-0.613	-0.896	-1.340	-1.182	-1.147	-0.417	NA	NA	-0.381	-1.128	NA	-0.711	-1.607	-2.206	NA	NA	NA	NA	NA	-0.939	-1.735	-1.665	-1.927	-1.837
18	3780313	rs78888232	NA	NA	NA	NA	NA	NA	NA	NA	NA	NA	NA	-0.570	0.962	-0.061	NA	0.151	NA	NA	NA	NA	NA	NA	NA	NA	NA	NA
19	41128711	rs7257696	1.014	0.958	0.860	-0.114	0.726	1.418	1.506	2.098	1.821	2.124	2.409	1.388	1.982	2.000	2.056	1.666	2.194	1.150	2.143	2.149	1.831	1.438	1.574	1.602	1.550	1.624
19	41132203	rs146353450	NA	NA	NA	NA	NA	NA	NA	NA	NA	NA	NA	-1.109	0.313	0.110	-0.927	0.504	NA	NA	NA	NA	NA	NA	NA	NA	NA	NA
19	41193580	rs2561537	0.466	0.902	0.461	0.310	0.416	0.291	0.612	1.220	1.739	2.701	1.317	1.624	0.447	1.158	0.532	0.795	-0.075	0.132	0.583	0.452	0.912	1.983	2.264	2.094	2.017	2.414
19	41209177	rs2288450	NA	-0.985	-0.843	NA	NA	0.554	-0.861	-1.702	-0.325	0.676	-1.143	NA	-0.502	-1.303	-1.016	0.039	-1.109	-1.137	-1.428	-1.100	-1.079	-0.865	0.257	-0.080	-0.589	-0.716
19	41324078	rs71358934	NA	1.763	1.279	4.327	NA	2.765	0.881	-0.511	-1.282	-1.673	-0.038	1.130	0.942	0.777	0.148	0.466	-0.127	0.084	-0.080	-0.032	-0.142	0.023	-0.418	0.383	0.349	-0.297
19	41412095	rs4803401	-0.857	-0.859	-1.406	-1.197	-1.632	-0.998	-1.333	-0.777	-2.865	-0.957	-0.993	-0.990	0.055	0.652	1.470	0.378	-1.251	0.784	-0.162	-0.071	-0.092	-0.625	-0.852	-0.842	0.162	-0.072
19	41412185	rs4803402	-0.993	-1.747	-1.482	0.805	0.238	0.668	-0.584	-0.670	1.169	0.471	0.276	0.266	-1.319	-1.914	-2.132	-1.269	-0.614	-1.378	-0.933	-0.545	-1.701	-0.282	0.437	0.329	-1.329	-0.138
19	41416948	rs56129017	-0.667	-1.960	-2.091	-1.175	-1.840	-2.059	-1.993	-1.074	-1.472	-0.952	-1.245	0.230	0.327	0.380	1.247	0.423	-0.433	0.383	-0.058	-0.591	-0.264	0.115	-0.239	-0.164	0.476	0.314
19	41827103	rs147152044	NA	NA	NA	NA	NA	NA	NA	NA	NA	NA	NA	NA	NA	1.007	-0.356	NA	NA	NA	NA	NA	NA	NA	NA	NA	NA	NA
19	48488862	rs1820689	-0.412	0.402	-0.404	0.074	-0.701	-0.168	-0.449	1.438	1.469	2.410	1.189	0.335	0.165	-0.124	-1.818	0.796	1.573	2.092	1.405	1.481	1.109	2.043	1.760	1.108	1.837	1.986
20	19046466	rs4261773	-1.285	-0.378	NA	-1.077	-1.326	-0.628	0.164	-1.016	-1.512	-1.411	-1.007	0.946	-0.144	0.364	0.755	0.245	-0.803	-0.270	0.159	-0.055	0.129	NA	NA	NA	NA	NA
22	33179223	rs3788507	-1.144	-0.665	0.348	-0.709	-1.378	-0.927	-0.870	-2.494	-1.591	-1.945	-1.068	-0.400	-0.261	-0.273	-1.295	-0.325	-1.328	-0.695	-0.260	-1.014	-1.782	-0.628	-1.551	-0.614	-1.067	-1.355
22	48211118	rs75878364	NA	NA	NA	NA	NA	NA	NA	NA	-0.443	NA	NA	-0.459	-0.302	-0.295	-0.839	-0.190	NA	-1.327	NA	NA	NA	NA	NA	NA	-0.424	NA
