chr	pos	RSNUM	ESN	GWD	LWK	MSL	YRI	ACB	ASW	CLM	MXL	PEL	PUR	CDX	CHB	CHS	JPT	KHV	CEU	FIN	GBR	IBS	TSI	BEB	GIH	ITU	PJL	STU
1	1680219	rs1014988	1.093	3.131	3.530	2.524	1.676	2.071	1.053	-0.299	-0.577	-0.857	0.367	0.598	0.679	1.233	0.358	0.083	0.027	0.381	0.043	0.096	0.190	0.762	0.428	0.570	0.783	0.564
1	8476428	rs159960	0.148	0.486	-0.695	0.469	-0.141	-0.188	-0.726	-0.145	-0.043	-0.627	0.484	-1.272	0.439	-1.071	0.570	-0.446	0.245	0.355	0.166	0.869	0.789	0.234	0.945	0.569	0.193	0.794
1	9441838	rs1815614	-0.447	0.554	0.206	-0.413	-0.171	-0.003	0.350	0.476	0.080	0.737	0.579	1.625	1.571	1.987	1.585	1.570	0.624	1.416	1.140	0.978	0.616	1.870	1.190	1.226	1.522	1.890
1	10796547	rs17035646	0.990	1.135	1.272	2.160	1.124	1.359	1.281	0.630	0.238	-0.220	0.853	-1.852	-2.083	-1.669	-1.980	-1.354	0.823	0.466	1.605	1.200	1.644	0.669	1.128	1.201	0.634	0.857
1	15795380	rs72865183	-0.153	-0.273	-0.568	-0.598	-0.365	0.071	-0.072	1.170	1.001	1.142	1.269	3.378	1.308	2.828	-0.751	2.778	1.281	0.996	1.771	1.173	1.353	2.200	1.850	1.301	1.659	1.353
1	38449163	rs12569027	0.995	0.951	0.461	0.586	0.594	0.209	0.247	0.063	0.777	0.297	0.753	0.267	0.568	0.382	0.356	0.410	-0.195	-0.702	-0.072	-0.082	0.003	-0.313	0.588	-0.155	-0.027	-0.270
1	42375473	rs12034218	-1.048	-0.772	0.451	NA	NA	-1.025	-0.922	0.716	0.254	0.426	-0.007	0.980	0.303	0.741	0.381	0.181	-0.775	-0.590	-0.273	0.038	-0.089	-0.232	0.300	-0.131	-0.015	0.407
1	43916642	rs6954	1.783	2.575	1.956	0.999	1.292	3.099	1.397	0.838	1.279	1.057	1.095	1.214	1.802	1.626	1.801	0.916	0.643	0.455	0.777	1.231	0.679	1.548	1.742	1.698	1.570	1.641
1	67008495	rs7547570	-0.929	0.090	-0.886	-1.182	-0.901	-1.117	0.123	0.921	-0.060	-0.224	0.516	0.706	0.567	0.670	1.000	1.091	0.719	0.108	0.610	0.875	0.604	1.445	1.413	1.852	1.790	1.977
1	89332099	rs12035750	0.235	NA	0.020	0.453	NA	-0.090	-0.386	-0.266	-0.651	-1.615	-0.426	-1.474	-1.540	-1.732	-1.196	-0.801	-0.339	-0.148	-0.591	-0.415	-0.787	0.400	0.377	0.635	0.876	0.549
1	169109393	rs2179490	0.948	0.268	0.305	0.692	1.109	0.041	0.429	-0.189	0.201	0.428	-0.494	1.922	1.888	2.301	1.928	2.268	-0.567	-0.463	-1.716	-0.444	-0.403	0.775	1.057	1.080	0.544	0.727
1	184585182	rs4651224	1.048	0.936	0.867	0.757	0.744	0.637	-0.298	-0.497	0.045	0.379	-0.896	-0.779	-0.352	-0.915	-0.572	-0.556	-1.272	-0.801	-1.396	-1.168	-1.011	-1.085	-1.163	-0.580	-0.934	-0.668
1	207912179	rs7550273	1.275	1.387	1.909	1.222	1.643	1.997	1.094	1.299	0.432	-0.195	0.685	2.863	0.148	0.469	0.727	2.311	1.700	1.536	1.012	1.145	1.327	1.650	0.807	1.248	1.057	1.749
1	210386892	rs2494184	-0.894	-1.071	-1.129	-0.941	-0.579	-0.700	-0.916	-0.853	-0.545	-0.194	-0.522	-0.245	-0.566	-0.887	-1.146	-1.289	-0.476	-0.867	-0.059	-0.389	-0.304	-1.088	-0.883	-0.673	-0.773	-0.867
1	218546170	rs12088448	-0.447	-0.835	-1.522	-0.657	-1.303	-0.884	-2.155	-0.986	0.108	0.444	-0.629	0.070	-0.511	-0.727	-0.533	-0.110	-0.314	-0.186	-0.421	-0.211	0.042	0.687	0.255	0.484	0.422	0.779
1	219730006	rs1415293	0.800	1.059	0.144	0.522	0.359	0.870	-0.082	-0.599	-0.668	-1.577	-0.486	1.552	0.979	1.538	1.168	1.528	-0.171	0.051	-0.007	-0.156	-0.709	0.242	0.112	-0.051	0.530	-0.327
1	230845794	rs699	0.028	0.798	0.520	-0.542	0.695	0.227	0.083	-0.776	-0.328	-0.531	-1.288	-0.285	0.116	0.456	0.292	1.184	-1.329	-0.038	-0.778	-0.574	-0.750	-0.418	-0.394	-0.271	0.388	-0.952
2	20878820	rs7255	0.189	0.263	0.436	0.670	0.372	-0.024	-0.008	0.706	-0.292	-0.284	0.770	1.980	1.747	1.671	2.120	0.863	0.123	1.000	0.977	1.232	1.003	-0.347	-0.049	-0.262	0.122	-0.111
2	26915624	rs12476527	0.574	0.849	0.536	0.755	0.825	-0.264	-0.491	-0.954	-1.087	-1.026	-0.943	1.652	1.449	1.745	1.647	2.199	-0.740	0.221	-1.262	-0.616	-0.236	0.330	-0.170	0.100	-0.605	-0.426
2	28640327	rs2048240	0.258	0.190	-0.236	0.555	0.787	-0.222	0.497	1.695	2.603	2.802	0.650	1.502	1.252	2.030	1.990	2.149	0.362	-0.236	0.470	0.661	0.663	0.216	-0.479	0.117	-0.183	0.127
2	37203006	rs13408514	0.168	-0.250	-0.636	0.046	-0.232	0.015	-0.512	1.951	1.798	2.158	1.212	-1.063	0.140	0.154	-0.842	-0.390	1.071	1.091	0.620	0.951	0.800	0.274	0.901	0.982	0.444	0.782
2	40525932	rs2192768	0.241	-0.097	-0.424	1.104	-0.372	-0.733	-1.416	-2.170	-1.988	-0.418	-2.028	-0.668	-1.805	-1.835	-1.837	-0.990	-1.853	-2.143	-1.878	-2.444	-1.568	-1.569	-1.453	-1.121	-1.367	-0.677
2	50627597	rs2139629	-0.662	-0.313	-0.098	-0.316	-0.297	0.468	1.026	2.048	-0.289	1.067	2.722	-0.377	-0.219	-0.331	-1.134	0.030	3.030	2.149	3.027	1.135	2.923	1.073	1.946	1.372	2.776	0.670
2	56193665	rs13431149	0.529	0.148	-0.772	0.738	0.989	0.662	0.238	1.288	1.512	2.629	1.318	-0.474	-1.453	-1.546	-1.028	-0.761	0.621	1.468	0.711	0.740	0.965	-0.335	-0.309	-0.213	-0.185	-0.259
2	60063763	rs66723505	0.889	1.762	0.538	1.281	0.952	0.892	0.781	0.464	0.929	0.722	0.152	0.036	-0.031	-0.014	0.138	-0.171	0.254	0.177	-0.046	0.027	0.463	0.017	-0.471	-0.362	-0.107	-0.510
2	66782467	rs2300481	0.066	0.078	-0.007	-0.435	0.356	0.431	0.122	0.975	0.332	0.425	1.488	-0.640	-0.005	0.319	1.152	-0.293	1.144	1.237	1.598	1.394	0.989	0.486	0.075	-0.375	0.841	-0.025
2	68503044	rs6731373	0.805	0.345	0.243	-0.093	0.870	0.059	0.257	1.092	0.065	0.074	0.676	0.469	0.980	0.036	-0.136	0.426	0.923	1.157	1.207	0.655	0.814	1.099	1.053	0.988	1.393	1.148
2	86427821	rs2059352	-0.350	0.704	0.057	-0.125	0.152	-0.675	0.789	-0.333	-0.440	-1.114	-0.151	-0.624	-0.489	-0.809	-0.841	-0.589	0.088	-0.359	0.567	0.044	-0.286	-0.462	0.112	-0.006	-1.081	-0.720
2	112012672	rs57874285	NA	NA	NA	NA	NA	NA	1.669	NA	NA	-0.026	1.388	NA	NA	1.888	NA	NA	NA	1.879	1.983	NA	NA	NA	NA	NA	NA	NA
2	112870730	rs7581849	1.095	0.698	0.194	-0.098	0.473	0.554	0.352	0.376	-0.464	0.017	-0.145	0.414	0.711	0.541	0.759	0.887	-0.077	-0.641	-0.084	0.628	0.476	0.311	-0.294	-0.081	-0.320	0.423
2	121347612	rs11688682	-0.707	-0.047	-0.346	0.396	-0.026	-0.358	-0.725	-0.975	-0.502	-1.236	-0.037	-0.278	-0.369	-0.232	NA	-1.156	-1.153	0.193	-0.620	-0.592	-1.209	0.534	0.802	0.342	0.008	0.650
2	121997698	rs750416	0.131	0.687	0.133	0.529	0.556	1.382	1.654	2.575	1.897	1.179	2.691	-0.377	0.392	0.292	0.009	0.008	2.657	1.286	1.899	2.993	3.056	2.323	2.675	2.414	2.673	2.517
2	145820470	rs10928240	-0.128	0.174	-0.072	0.166	-0.446	-0.262	0.528	0.159	-0.885	-0.955	-0.478	-0.269	-0.459	-0.228	0.065	0.005	-0.323	-0.125	-0.683	-0.299	-0.582	-0.123	-0.104	-0.441	-0.416	-1.463
2	158495349	rs2848657	-0.056	-1.172	0.641	-0.497	-1.289	0.052	-0.965	0.907	1.605	-0.227	-0.075	NA	1.764	NA	NA	0.387	1.448	0.940	0.650	0.676	0.325	2.052	0.888	2.197	2.353	3.103
2	165008166	rs73029563	0.564	-0.273	-0.294	-0.134	0.861	0.439	-0.249	-0.454	0.462	0.164	-0.795	-0.036	0.120	-0.511	-0.320	0.136	-1.408	-1.530	-0.720	-1.240	-0.753	-0.758	-0.461	-0.351	-0.293	-0.555
2	165508389	rs10184004	-0.341	0.013	1.247	0.452	0.411	0.240	0.023	-1.018	-1.077	-1.108	-0.913	-1.105	-0.588	-0.451	-0.809	-1.770	-0.993	-0.643	-1.044	-1.157	-1.212	-2.193	-1.784	-1.802	-2.225	-1.644
2	177010551	rs55799551	0.244	-0.073	0.690	0.789	0.521	-0.217	0.016	-0.911	-1.419	-1.785	-0.797	-0.473	-0.068	-0.090	-0.552	-0.485	0.046	0.243	0.022	-0.335	-0.238	-1.299	-1.477	-1.341	-0.535	-1.149
2	182994685	rs12474446	-0.703	0.171	-0.669	-0.429	-0.550	-1.183	-0.484	-0.182	-0.617	0.360	0.164	0.070	-0.615	-0.047	-0.304	-0.730	-0.834	-0.308	-0.718	-0.864	-1.029	-1.337	-0.942	-0.892	-1.653	-0.830
2	208512382	rs57591036	NA	1.173	0.267	0.416	NA	-0.561	-0.733	-0.649	-0.457	0.520	-1.035	-0.162	-0.115	-0.254	-0.507	-0.352	-0.974	-1.584	-1.566	-1.138	-1.674	-0.600	-0.961	-0.298	-0.118	-0.363
2	216300482	rs1250259	-0.232	0.557	0.252	0.361	0.057	0.578	0.547	0.191	-0.077	0.529	0.725	1.729	2.755	2.157	1.517	1.688	0.432	1.136	0.894	0.344	0.687	-1.047	-1.316	-1.566	-1.047	-1.749
2	218683154	rs2571445	-1.917	-1.847	-1.105	-1.785	-0.407	-1.114	-2.757	-2.110	-0.781	-0.040	-3.481	-0.786	-1.691	-1.123	-1.242	-0.923	-2.005	-1.841	-2.842	-2.186	-2.125	-2.302	-2.047	-1.771	-2.803	-1.605
2	219187698	rs1870123	0.771	-0.390	0.915	0.087	0.251	0.630	0.923	-0.068	-0.459	-0.104	0.636	0.235	-0.668	-0.328	-0.779	-0.036	0.267	0.131	0.437	0.886	0.300	-0.048	-0.165	-0.233	-0.187	-0.231
2	227099534	rs2943646	-0.118	-0.776	-0.227	-0.228	-0.595	-0.490	-0.206	1.096	0.735	0.451	0.879	1.561	1.101	1.355	1.487	1.594	1.566	1.799	1.536	1.765	1.559	0.526	0.897	0.870	0.560	0.478
2	227875360	rs10182307	0.050	-0.091	0.140	0.445	0.777	0.143	0.562	0.101	-0.982	-1.483	0.827	1.115	0.017	0.221	0.204	1.390	-0.760	-1.191	-1.415	0.368	-0.339	-1.396	-1.036	-1.524	-1.300	-1.388
3	11412620	rs7624086	-0.023	0.036	0.514	0.353	-0.504	-0.175	0.485	-0.284	1.231	1.939	-0.210	0.582	0.418	0.607	0.302	0.553	1.392	-0.124	0.432	1.272	0.649	0.366	0.298	0.678	0.295	0.393
3	13823342	rs6793656	0.258	-1.160	-0.093	0.297	0.070	0.158	-0.147	-1.664	-0.258	-0.111	-1.046	-0.723	0.447	-0.130	-0.183	-0.389	-1.002	-0.497	-1.283	-1.530	-1.576	-0.683	0.515	-0.492	-1.111	-0.314
3	14954549	rs12635574	-1.971	-2.078	-0.841	-1.644	-1.383	-1.589	-1.332	-0.147	0.098	-0.369	0.091	-0.863	0.138	-0.057	0.233	-0.561	-0.329	-0.130	-0.083	-0.068	-0.249	-1.181	-0.950	-0.621	-0.294	-0.075
3	20117233	rs4858758	-1.441	-0.216	-0.563	-0.192	-0.727	-0.377	-0.523	-0.350	-0.112	0.001	0.113	0.024	0.544	0.802	0.620	0.665	-0.727	0.475	-0.635	-0.244	0.395	-2.071	-1.595	-1.966	-1.580	-2.007
3	30284320	rs9818220	0.712	-0.406	1.663	0.089	0.466	0.638	1.101	1.631	0.868	0.023	1.312	1.108	1.265	1.073	0.381	0.625	1.963	3.549	3.099	2.305	2.043	1.834	1.045	1.808	1.751	1.641
3	45643648	rs34877991	1.241	1.077	0.740	0.179	1.256	0.923	0.257	0.564	0.682	0.242	-0.008	0.372	0.976	0.875	0.945	0.172	0.490	0.841	0.952	0.538	0.636	1.425	1.305	0.965	1.108	1.452
3	48092335	rs35979968	NA	NA	NA	NA	NA	1.434	0.795	0.517	0.257	-0.337	0.700	-0.312	0.068	-0.089	-0.935	-0.898	-0.430	0.373	0.573	-0.031	0.101	0.318	0.599	1.034	0.390	0.780
3	53558012	rs3821843	0.198	1.340	-1.126	1.992	-0.364	0.861	0.699	-1.098	-0.868	-1.250	-0.442	-2.597	-1.921	-2.378	-1.599	-2.823	-0.202	-1.482	-0.803	0.167	-0.157	-0.781	-1.172	-0.634	-1.231	-1.124
3	56776908	rs4681794	-1.653	-2.018	-1.582	-2.195	-2.021	-1.556	-0.739	0.131	0.015	-0.683	0.928	-0.341	-0.881	-0.155	-0.611	-1.561	0.838	0.620	0.851	1.201	1.428	0.208	0.851	0.461	-0.082	0.438
3	115115932	rs6438253	-0.254	-0.463	-0.469	-0.821	-0.358	-1.048	-1.322	-0.663	-0.421	-0.545	-1.254	0.653	1.715	1.001	1.226	0.211	-0.623	-0.602	-0.596	-1.441	-0.957	0.054	-0.300	0.036	-0.325	-0.559
3	124550364	rs3772840	-1.042	-0.243	-0.959	-0.675	-0.801	-0.605	-0.356	-0.535	-0.715	-0.313	-0.419	-0.415	-0.763	-0.277	-0.026	-0.750	-0.735	-0.056	-0.069	-0.691	-0.331	-0.417	0.038	-0.076	-0.079	-0.381
3	132801239	rs4854572	0.194	0.579	1.355	0.802	0.395	-0.333	-0.798	0.546	-0.132	-0.286	0.194	-1.242	-2.369	-1.154	-1.031	-0.774	-0.122	-0.364	0.116	-0.420	-0.522	-1.602	-1.569	-2.044	-1.952	-1.534
3	153884517	rs357489	-0.222	-0.924	-0.246	-0.319	-0.170	-0.639	-0.571	-0.255	1.112	0.671	-0.003	0.349	0.888	0.561	0.702	0.489	-0.420	0.506	-0.295	-0.078	-0.201	-0.151	-0.330	-0.368	-0.127	-0.261
3	158444860	rs9849301	-0.045	0.130	0.910	-0.561	0.237	-0.286	-0.109	-0.677	-0.913	0.181	-1.206	-0.012	0.452	0.027	-0.130	-0.333	-0.291	0.309	-0.145	-0.205	-0.601	-0.504	-0.719	-1.023	-0.810	-0.783
3	160171092	rs56394279	1.665	0.710	1.466	1.189	1.340	1.514	1.740	1.472	0.370	-0.005	1.129	0.670	1.013	1.744	0.349	1.412	1.149	0.539	0.817	0.884	1.311	1.486	0.822	2.583	0.994	2.851
3	169477506	rs12638862	0.143	2.551	1.670	1.963	2.130	2.125	1.272	1.162	0.275	-0.195	0.880	0.227	-0.017	0.301	0.651	0.414	0.986	0.926	0.847	0.511	0.690	1.012	0.661	0.861	0.495	0.985
4	2698364	rs3733215	0.608	-0.466	-0.331	0.169	1.350	0.575	0.055	-0.751	-1.124	-1.353	-0.480	0.102	0.345	0.342	-0.281	0.372	-0.289	0.237	-0.812	-0.292	-0.549	-0.342	-0.974	-1.418	-1.164	-0.903
4	17942560	rs2707450	-1.511	-0.365	-0.412	-1.153	-1.029	-1.283	-1.073	-0.862	-0.635	-0.245	-0.262	-0.823	-2.012	-1.745	0.466	-1.313	0.086	-0.391	-0.986	-0.000	0.610	-1.452	1.552	1.475	0.637	0.502
4	26795603	rs4572866	0.227	0.570	0.580	1.248	0.438	-0.022	-0.682	0.351	0.492	0.418	0.476	-1.078	-0.885	-0.554	-1.268	1.146	0.264	0.325	0.284	0.163	0.573	0.670	1.280	1.251	1.027	1.032
4	38387900	rs6812640	-0.407	0.282	0.134	-0.006	0.419	0.271	-0.275	-1.206	0.043	-0.315	-0.406	0.102	0.183	0.165	0.689	-0.270	-0.054	0.365	0.324	-0.335	-0.200	0.144	0.980	-0.007	0.811	0.058
4	48789269	rs13141523	-0.944	-1.238	-0.708	-0.966	-0.940	-1.140	-1.355	0.701	0.580	0.199	0.053	0.286	0.549	0.288	0.426	0.279	0.229	0.136	0.294	0.450	0.708	0.223	-0.241	0.236	-0.088	0.259
4	54800759	rs7671947	-1.188	-0.167	-0.058	-0.767	-0.633	-0.520	-1.097	0.762	0.124	-0.231	0.877	1.843	1.669	0.903	1.129	1.658	0.701	-0.806	0.342	1.028	0.787	0.791	0.544	0.885	0.932	0.840
4	56260662	rs693367	0.571	0.048	0.770	0.052	0.093	0.068	-0.074	-1.160	-0.857	0.537	-0.616	-0.988	-0.475	-1.078	-0.061	-2.102	-0.203	1.984	-0.498	0.051	-0.222	-0.334	0.067	-0.159	0.014	-0.058
4	81181072	rs10857147	-0.416	0.760	0.778	-0.348	-0.834	-0.661	-1.052	0.562	0.152	0.262	0.646	-0.622	-0.886	-0.624	-0.354	-0.670	0.624	0.400	0.512	-0.192	1.407	0.093	1.195	0.141	0.110	-0.113
4	83896818	rs12649662	0.415	0.058	0.369	-0.533	0.146	-0.310	-0.505	-0.157	-0.534	-1.554	-0.052	0.618	-1.062	-0.808	-0.488	-0.807	-0.485	0.461	-0.195	0.120	-0.535	0.730	-0.261	0.302	0.340	-0.473
4	86739901	rs12506184	-0.094	0.036	0.579	0.265	0.149	-0.395	-0.107	1.701	1.554	2.143	0.835	0.910	0.829	1.134	1.132	0.768	1.021	1.471	1.604	2.164	1.293	1.352	1.325	1.751	1.856	1.305
4	89752276	rs57400569	1.459	1.438	2.282	1.107	1.608	0.926	0.432	0.272	-0.301	-0.452	-0.500	-0.242	0.170	0.159	0.269	-0.161	-0.562	-1.421	-0.899	-0.945	0.099	-1.358	-1.092	-1.775	-1.740	-1.330
4	96040704	rs3821964	0.091	0.096	0.201	-0.270	0.086	-0.201	0.076	-0.265	0.043	0.961	-0.474	0.288	0.159	0.359	0.547	0.304	-0.244	-0.255	-0.311	-0.710	-0.258	-0.508	-0.501	-1.149	-1.577	-0.999
4	106910958	rs56388530	-1.519	-1.058	-2.122	-1.720	-2.304	-1.976	-0.824	0.730	1.264	2.061	-0.580	0.410	0.791	0.419	1.288	1.009	0.002	-0.297	0.007	0.037	-0.243	0.684	0.760	0.948	0.526	1.222
4	138439630	rs9330353	0.311	-0.175	0.760	0.297	0.508	0.007	-0.315	-0.267	-0.308	-0.179	-0.788	0.977	0.401	0.553	0.615	0.539	-0.552	0.480	-0.175	-0.285	-0.455	-0.220	0.016	-0.576	-0.395	-0.041
4	144062657	rs12647238	-0.752	-1.550	-1.796	-2.447	-1.581	-1.164	-1.287	-0.001	-1.257	-1.055	0.165	-1.360	-0.858	-1.415	-0.894	-0.815	-0.297	0.344	-0.340	-0.031	-0.137	-0.161	-0.183	0.037	-0.665	-0.171
4	156631345	rs3796592	-0.984	-2.066	-1.292	-1.067	-1.814	-1.564	-1.510	-0.899	-0.330	0.611	-1.201	-0.354	-0.153	0.162	-0.719	-0.818	-0.062	0.907	-0.199	0.179	-1.050	-1.203	-1.813	-0.775	-1.136	-0.732
4	169688069	rs869398	0.912	0.524	0.778	-0.157	1.145	-0.039	-0.388	-0.259	0.020	0.145	-0.372	-0.805	0.424	0.139	-0.492	0.648	-0.961	-2.425	-0.880	-1.050	-0.936	-0.111	0.029	0.123	-0.198	-0.901
5	32831939	rs12656497	-0.635	-1.050	-0.176	-1.196	-0.998	-0.856	-0.708	-0.420	-1.060	-0.402	-0.361	0.577	-0.158	-0.011	-0.146	-0.071	-0.325	0.341	-0.088	0.050	-0.161	-0.049	0.010	0.475	-0.031	0.186
5	55810305	rs256904	-1.424	-0.636	-0.729	-0.748	-1.324	-1.023	-1.057	-0.601	-0.901	-0.178	-1.143	0.497	-0.730	-0.180	-0.190	0.234	-0.945	-0.026	-1.059	-1.352	-1.769	-0.537	-0.865	-0.775	-0.796	-1.032
5	61553881	rs10062049	-0.485	0.473	0.385	1.436	0.596	1.143	0.496	1.020	0.276	0.808	0.732	0.470	0.370	0.586	0.928	0.454	1.633	0.157	0.613	0.059	0.879	-0.737	0.103	-0.166	0.534	-0.441
5	66311339	rs1159201	-0.579	-0.566	-0.476	-0.869	-1.529	-1.227	0.017	1.063	1.020	0.238	1.191	1.480	NA	NA	NA	1.166	0.487	1.375	1.211	0.713	0.833	1.229	2.019	0.826	1.588	1.856
5	77853085	rs34797797	-0.680	-0.653	-0.592	-0.416	-0.333	-1.540	-0.407	0.795	1.061	1.756	-0.386	0.802	1.719	0.381	0.263	0.903	-0.022	-0.387	0.584	0.641	0.742	0.196	0.215	1.078	0.572	0.683
5	96120455	rs42398	1.252	0.639	0.538	0.535	0.517	0.121	-0.140	-1.313	-2.367	-1.953	-0.675	-0.763	-0.871	-0.021	0.162	-0.632	-0.693	-0.428	-0.558	-1.051	-0.268	-0.528	-0.938	0.062	-0.650	-0.272
5	108093529	rs10477931	-0.793	-1.217	0.137	-1.092	-0.943	-0.340	0.190	1.934	2.543	2.931	1.188	1.973	2.142	2.975	1.206	1.535	1.178	1.007	0.795	0.519	0.823	1.071	0.561	1.459	1.230	0.835
5	114394415	rs147202915	0.909	0.005	0.938	0.432	0.767	0.570	0.757	1.089	0.623	-0.265	1.432	0.520	1.425	0.788	1.694	0.866	1.300	1.598	1.667	2.069	1.946	0.817	1.164	0.399	0.837	0.277
5	122453145	rs555625	0.644	0.560	0.419	0.385	0.348	0.819	0.081	1.335	-0.108	0.620	1.160	NA	NA	NA	NA	-0.178	-0.089	0.550	-0.208	0.474	0.605	-0.324	NA	0.149	-0.107	NA
5	127350123	rs1124235	0.831	1.298	1.948	1.303	0.975	1.959	1.760	0.052	-0.239	-0.657	1.581	-0.138	-0.238	-0.177	-1.062	-0.401	0.084	0.802	0.112	-0.663	0.292	-0.166	-0.181	-0.137	-0.794	-0.108
5	127868199	rs6595838	1.100	1.172	-0.395	1.311	0.565	0.556	-0.505	-0.724	-0.223	-0.119	-1.189	-0.948	-0.766	-0.653	-0.579	-0.995	-1.204	-0.967	-0.518	-0.726	-0.651	-0.493	-0.718	-0.559	-0.739	-0.432
5	141790325	rs10477176	-0.409	-0.395	-1.722	-0.591	0.097	-0.190	0.163	0.495	0.812	1.133	1.048	1.351	1.615	1.382	0.587	1.611	0.654	1.002	1.315	1.004	0.731	0.235	0.755	0.238	0.221	0.873
5	147871508	rs34070447	-0.550	0.551	-0.351	0.398	-0.279	0.032	0.999	1.968	1.446	0.596	1.116	1.293	0.848	1.051	0.989	1.618	1.276	1.620	1.562	1.289	1.448	1.662	1.846	0.947	1.968	1.102
5	148387612	rs1036190	-1.176	-0.250	0.117	0.064	-0.389	-0.468	-0.555	2.563	1.520	0.208	1.739	3.604	2.815	2.729	3.102	2.827	1.690	1.914	2.015	1.658	2.230	1.844	1.942	1.578	1.293	1.494
5	157816127	rs7719885	1.961	1.629	1.195	2.124	2.338	1.902	2.071	1.743	1.677	-0.141	1.745	0.716	1.644	2.033	1.908	1.011	1.503	0.490	1.010	0.939	1.248	1.246	1.609	1.872	1.378	1.686
6	12903957	rs9349379	NA	-0.222	-0.183	NA	-0.750	-0.968	-1.500	-0.068	0.210	0.262	-0.310	-0.443	-0.109	0.106	-0.518	-0.627	-0.599	-1.056	-0.663	-0.274	-0.521	-1.138	-1.159	-1.144	-1.226	-0.717
6	20686996	rs9368222	-0.774	-0.679	0.408	-0.848	0.567	0.395	1.196	1.363	0.695	0.758	0.724	-0.683	-0.980	-1.343	-0.653	-1.290	0.500	0.249	1.066	1.105	1.183	0.802	0.827	1.016	1.196	1.121
6	31605448	rs7889	1.531	1.233	1.396	0.363	0.909	1.528	0.895	0.825	1.272	0.336	0.995	NA	-0.041	-0.600	-0.211	-1.546	-0.444	-0.667	-0.035	0.784	0.774	-0.302	0.552	0.826	-0.071	0.560
6	43349215	rs7763558	-0.444	-0.030	-1.656	-0.527	0.252	-0.687	NA	1.181	0.971	-0.064	0.801	1.437	2.138	2.228	2.046	2.168	1.000	3.241	1.330	1.705	2.121	1.216	0.705	0.956	1.800	1.560
6	56092916	rs4712120	0.929	1.354	0.830	1.043	0.966	0.487	0.383	0.357	0.326	-0.016	0.467	1.645	1.395	1.620	1.199	1.528	0.877	0.919	0.770	0.681	0.329	0.609	0.576	0.887	0.815	1.162
6	79701972	rs6454092	-0.437	0.479	0.989	0.596	-0.678	0.432	0.059	-0.944	-0.423	0.538	-1.918	0.108	0.710	-0.107	NA	NA	-1.690	-1.034	-1.681	NA	-0.940	NA	0.096	-1.751	-2.057	-2.128
6	96956137	rs11153018	-0.612	-1.053	-0.718	NA	-0.910	-0.732	-1.164	-0.770	0.656	-0.791	-1.311	0.554	-0.109	NA	-2.356	NA	-1.355	-0.322	0.549	-0.640	-0.938	0.962	1.096	0.360	0.588	1.175
6	112087768	rs2012071	0.029	0.896	-0.063	0.138	0.784	0.169	-0.130	-0.097	0.513	0.137	0.089	0.166	0.394	-0.479	0.628	0.075	0.245	-0.272	0.446	0.304	0.161	0.553	0.256	0.038	0.199	0.292
6	117989145	rs9401025	-0.112	0.505	0.102	0.511	-0.015	-0.082	0.244	-0.001	0.085	0.822	-0.320	0.146	0.378	-0.177	-0.288	-0.290	-0.584	-1.230	-0.734	-0.308	-0.153	-0.830	-1.331	-0.865	-0.908	-0.812
6	127097775	rs9398815	1.265	1.980	1.619	2.520	1.524	1.064	0.956	0.689	1.511	0.360	0.783	0.255	0.725	0.390	NA	0.280	1.513	0.750	0.973	1.084	1.261	0.254	0.412	0.513	0.438	0.558
6	150984741	rs113397083	0.090	-0.595	-1.400	-0.614	0.256	-0.399	-0.011	-0.965	-0.977	-1.319	-0.462	-0.883	-0.256	-0.422	0.315	-1.045	0.789	-0.657	-0.279	-0.393	0.107	-1.063	-0.508	-0.319	-0.657	-0.327
6	170589803	rs9356632	-0.037	0.490	0.548	0.235	0.051	0.301	0.603	0.782	0.331	0.172	1.021	0.816	1.322	1.984	0.685	0.915	0.753	0.974	1.085	1.166	0.666	0.597	-0.105	0.647	0.012	0.141
7	1858725	rs6963853	-1.210	-1.189	-0.850	-0.697	-0.220	-0.548	-1.121	0.319	0.253	0.421	-0.501	0.210	0.254	0.076	-0.590	0.322	-0.838	-1.289	-0.168	-0.072	-0.673	0.614	0.200	0.662	0.266	0.149
7	19049388	rs2107595	0.098	-0.814	-0.220	-0.309	-0.584	-0.535	-0.421	-0.398	-0.256	0.194	0.334	-0.870	-0.802	-0.822	NA	-0.316	-0.020	-0.512	-0.219	-0.275	0.037	-0.784	-0.962	-0.233	0.172	-0.322
7	27245996	rs60772526	1.006	0.760	1.141	0.320	1.247	1.061	0.813	1.317	0.408	1.996	0.092	1.796	1.433	1.701	1.393	2.027	-0.530	1.030	-0.624	-0.015	0.063	0.585	0.729	0.218	0.121	0.407
7	28172732	rs702814	-1.243	-1.749	-1.218	-1.743	-1.722	-1.208	-1.241	-1.689	-1.358	-0.054	-1.628	0.210	NA	NA	NA	0.846	-1.155	-1.242	-1.265	-1.813	-1.135	-1.339	-1.084	-1.540	-1.167	-1.108
7	30915263	rs10216063	0.401	-0.282	-0.639	-0.481	-0.188	-1.291	-1.317	-2.743	-2.742	-2.453	-2.916	-1.322	-1.348	-1.065	-1.903	-1.375	-2.201	-1.595	-3.580	-3.178	-3.332	-1.856	-2.025	-1.875	-2.394	-1.872
7	40447971	rs76206723	1.347	0.888	0.301	0.615	1.583	0.779	0.768	0.622	-0.009	-0.616	0.056	0.488	NA	-0.322	-0.556	0.399	0.005	0.162	0.116	-0.033	-0.044	-0.074	-0.267	0.369	-0.057	-0.210
7	44265179	rs2075066	1.696	1.366	1.603	1.680	1.413	0.927	0.681	0.888	0.644	0.409	0.615	0.745	0.474	0.612	0.457	0.608	0.780	1.047	0.296	0.689	0.573	0.881	0.908	0.735	0.844	1.173
7	46010100	rs10260816	-3.760	-2.358	-2.698	-3.290	-3.540	-3.226	-2.950	-0.270	-0.093	0.008	0.148	-1.950	-1.778	-1.978	-0.986	-1.923	-0.318	0.618	-0.070	-0.011	-0.092	-0.811	-0.589	-1.229	-0.563	-0.493
7	77512098	rs7796089	1.154	1.212	0.861	0.710	1.133	1.099	0.965	1.101	1.203	0.562	1.143	NA	2.246	1.496	2.066	2.654	-0.306	1.596	0.269	0.158	0.573	-0.171	0.127	-0.410	0.247	0.486
7	92243672	rs42377	-0.340	-0.972	-1.301	-0.535	-0.961	-0.523	-1.297	-0.075	-0.303	-0.558	-0.507	-0.192	-0.777	-0.376	-0.371	-0.411	-0.160	0.118	-0.859	-0.385	-0.706	-0.719	-1.336	-0.765	-1.271	-1.373
7	106410777	rs12705390	0.587	-0.273	0.737	0.253	0.245	0.349	-0.614	-0.278	0.120	0.909	-0.743	0.088	-0.085	0.220	-0.028	0.184	-0.992	-1.009	-0.677	-0.869	-0.276	-1.329	-0.569	-1.099	-1.405	-1.351
7	130438214	rs13234407	0.777	0.898	0.704	0.513	0.527	0.225	-0.115	-0.885	-0.327	-0.245	-0.055	-0.992	-1.420	-0.867	-0.773	-1.088	-0.909	-0.644	-0.890	-0.689	-0.771	-0.237	-0.254	0.010	0.233	0.170
7	131192213	rs3800684	0.257	-1.339	0.613	-1.188	-0.315	-0.169	-0.645	-0.563	-1.359	0.596	-1.267	-0.849	-1.448	-1.134	-0.463	-0.357	-1.214	-1.045	-1.059	-1.087	-0.896	-0.939	-0.997	-0.960	-0.620	-1.257
7	139478175	rs1860509	-0.176	0.049	0.145	0.120	0.010	-1.039	-1.610	-0.441	0.787	0.953	-1.338	0.033	-0.302	-0.454	0.492	-0.352	-0.917	-1.609	-0.239	-1.227	-1.131	-2.159	-2.680	-1.907	-1.734	-2.051
7	151415536	rs10254101	0.354	1.255	0.736	-0.058	0.880	0.661	0.907	1.836	0.496	0.501	1.995	0.314	0.521	1.809	0.327	0.286	0.834	0.626	0.915	1.018	1.324	0.485	0.280	0.360	0.130	0.238
8	10251154	rs2001337	-0.238	-1.178	-0.468	-0.757	-0.313	-0.623	-0.768	-0.744	0.420	1.136	-0.473	1.401	-0.027	0.919	1.041	0.913	-0.309	-0.603	-0.694	-0.503	-0.445	0.075	1.282	0.040	0.180	0.601
8	38206242	rs11785041	-0.302	-0.462	-0.547	-0.118	0.894	0.154	-0.343	-0.828	-1.969	-1.106	-0.196	-1.807	NA	NA	NA	NA	0.584	-2.965	0.893	-1.541	-1.071	-1.085	-1.029	-1.391	-1.499	-0.657
8	74221406	rs7837090	-1.300	-1.815	-0.237	-0.485	-1.165	-0.698	-1.931	-2.130	-0.283	-0.505	-1.442	-0.501	-1.351	-1.562	-0.718	-0.911	-1.230	-1.440	-1.184	-1.079	-1.551	-0.484	-0.150	-0.765	-0.042	-0.167
8	76591880	rs1449544	0.715	0.492	0.804	0.365	0.929	0.658	1.013	1.130	0.562	1.195	1.135	0.676	1.205	0.961	0.756	-0.126	0.678	0.925	0.466	0.958	1.348	0.105	-0.430	-0.001	0.317	0.033
8	124673630	rs56123029	-0.754	-1.103	-1.730	-0.629	-0.599	-1.069	-0.781	0.701	0.464	0.211	0.591	0.700	0.053	0.538	0.244	-0.020	-0.015	-0.681	-0.189	-0.265	-0.232	0.157	-0.141	-0.463	-0.201	-0.169
8	129451697	rs17804358	-0.506	-0.869	0.080	-0.369	-0.605	-2.718	-1.987	-1.135	-0.690	-1.849	-2.338	-0.690	-1.155	-1.716	-1.090	-1.655	-0.892	-1.811	-0.961	-0.727	-0.932	-1.391	-1.825	-1.104	-1.332	-1.177
8	135650483	rs1036821	0.561	0.634	0.533	0.751	0.354	0.655	0.575	-0.143	0.090	0.587	0.157	-0.154	-0.294	-0.149	-0.159	-0.209	-0.202	-0.838	-0.757	0.075	-0.289	-1.027	-1.015	-1.117	-0.814	-1.268
9	19111187	rs111791351	NA	0.568	2.594	-0.281	0.780	0.753	0.388	-0.849	-0.512	-1.138	-1.234	0.313	0.372	NA	-0.065	1.190	0.038	0.301	0.030	-0.321	-0.746	-1.263	-1.684	-1.333	-0.968	-1.438
9	20612516	rs2780841	0.099	0.265	0.048	-0.162	0.273	0.591	0.920	1.594	0.791	-0.003	1.046	1.915	1.197	1.038	1.020	1.032	0.204	1.173	-0.056	0.871	0.445	0.226	0.664	1.012	0.452	0.554
9	71518027	rs7042283	2.010	0.572	1.607	0.838	0.889	0.449	1.139	1.170	1.260	0.964	1.141	NA	0.304	-1.103	0.285	-0.027	0.897	0.448	0.150	0.298	1.229	0.152	-0.064	-0.309	1.232	1.372
9	95181628	rs2761679	1.238	1.014	1.387	1.080	0.580	0.989	0.735	-1.099	NA	-1.406	0.039	-1.280	-1.338	-1.469	-0.657	-0.826	NA	-0.296	NA	-0.244	-0.832	NA	NA	-0.007	-0.645	NA
9	116702866	rs10448275	-0.044	0.405	1.228	0.224	-0.164	-0.248	0.610	0.791	0.081	0.506	0.679	0.562	0.605	0.044	0.522	0.865	0.529	1.984	0.280	0.430	0.254	-1.607	-1.087	-1.346	-1.339	-1.716
9	127943338	rs16927927	0.035	-0.689	0.671	-0.234	-0.440	-0.312	0.278	-0.015	0.613	-0.012	-0.466	-0.990	-0.764	-1.157	-1.341	NA	0.011	0.963	-1.176	-1.421	-0.276	-0.641	-0.952	-0.679	-0.508	-0.600
9	128498594	rs7023828	1.259	-0.282	0.556	-0.225	0.348	0.341	0.463	0.068	0.898	1.056	0.653	0.655	0.654	0.587	0.028	0.692	0.882	0.648	1.137	0.681	1.509	0.153	0.399	0.384	0.310	0.273
10	75470355	rs11000752	1.399	0.602	0.812	0.751	0.274	1.706	0.149	1.377	0.758	-0.223	1.310	2.063	1.602	1.175	0.902	1.081	1.595	1.421	1.380	1.432	1.524	1.311	1.717	0.448	0.855	1.063
10	75986157	rs34868542	0.196	-0.264	-1.326	-0.639	NA	-0.785	NA	-0.011	-0.313	-0.133	-1.193	1.265	1.758	1.648	0.443	1.363	-1.346	-0.952	-1.190	-0.649	-0.728	1.146	0.825	1.878	1.244	1.321
10	89604732	rs10788569	-1.166	-0.885	-1.133	-1.283	-0.934	-1.918	-1.382	-0.443	-0.113	0.593	0.040	0.322	0.705	1.028	0.828	1.361	0.408	-0.685	0.830	-0.873	-0.739	-1.383	-1.224	-1.837	-0.745	-0.966
10	96023077	rs57866767	-0.516	0.088	-0.528	-0.316	-0.478	-0.583	-0.661	0.396	0.123	-0.717	-0.261	0.902	-0.727	-0.963	-0.916	0.625	0.144	0.854	0.772	0.369	0.412	0.163	0.489	0.415	0.139	-0.016
10	104287359	rs17114641	-0.296	-0.018	NA	-0.171	NA	0.061	0.397	-0.623	-0.330	0.543	-1.672	-1.377	NA	-1.567	-0.572	-1.623	-0.913	-0.836	-1.195	-1.659	-1.944	-1.384	-1.540	-1.191	-1.300	-1.580
10	114758349	rs7903146	-0.098	0.694	0.002	0.429	-0.008	-0.217	0.396	-0.816	-0.705	-1.618	-0.185	-0.498	-0.056	-0.469	-1.976	-0.722	-0.081	-0.016	0.133	0.241	0.155	-0.542	-0.135	-1.219	-0.538	-0.662
10	115805056	rs1801253	-1.400	-1.087	-0.460	-1.549	-1.259	-1.477	-0.506	0.642	0.959	1.365	1.655	1.442	1.337	1.376	2.418	2.010	1.004	-0.170	0.771	0.644	0.686	1.293	1.642	2.006	2.058	1.560
10	124232420	rs72834448	NA	1.453	0.378	0.259	NA	0.663	-0.157	-0.378	-0.742	-0.293	-0.332	-0.161	-0.349	0.005	NA	0.192	-0.692	-0.897	-0.301	-0.641	-1.015	0.004	0.086	0.073	0.077	-0.102
10	133772995	rs7894027	NA	NA	NA	NA	NA	NA	NA	NA	NA	NA	NA	NA	NA	NA	NA	NA	NA	NA	NA	NA	NA	NA	NA	NA	NA	NA
11	10352295	rs2084600	2.538	3.204	2.598	2.854	2.308	3.128	2.937	2.023	2.654	0.976	3.068	2.876	3.558	3.160	2.161	3.401	1.202	1.957	1.726	1.158	2.894	2.430	1.896	3.032	2.897	2.165
11	16308463	rs12799126	NA	NA	-0.613	NA	NA	-0.806	-0.536	-2.300	-2.414	-1.540	-2.613	-0.033	-0.029	0.197	NA	-0.410	-1.734	-0.120	-1.454	-0.742	-0.626	-1.182	-1.001	-1.097	-1.395	-0.997
11	16894090	rs414992	-0.632	1.185	-1.909	1.065	-0.532	-0.733	-0.353	-1.304	-2.036	-0.330	-1.309	-0.309	-0.936	0.188	-0.200	-0.134	-1.091	-0.052	-1.070	-1.447	-0.564	-1.250	-0.304	-1.364	-0.268	-0.204
11	30516496	rs544625	-0.627	-0.479	-0.697	0.038	-0.233	-0.459	-0.449	0.287	0.850	0.724	-0.114	-0.445	-0.572	-0.908	-0.241	-0.885	0.291	0.405	-0.546	-0.399	-0.210	-0.331	-0.151	-0.193	0.004	0.078
11	45255926	rs3740781	1.618	1.609	1.140	1.405	1.202	1.201	0.972	0.050	0.135	1.896	0.188	0.484	0.724	-0.228	-0.141	-0.382	-0.319	-0.165	-0.015	0.077	-0.037	0.074	-0.364	-0.016	-0.635	-0.295
11	47406592	rs11039216	0.995	1.273	0.182	1.312	0.747	0.859	1.316	1.643	1.728	2.393	1.563	-0.576	1.026	-0.064	1.226	-0.316	1.017	1.497	1.222	0.843	1.408	0.756	0.747	0.415	0.912	0.765
11	47907350	rs59652089	-0.475	-0.129	0.180	-0.160	-0.363	0.066	-0.075	0.235	-0.567	0.305	-0.042	1.283	-0.658	-0.299	0.041	0.143	0.853	0.345	0.251	0.599	0.308	-0.127	0.102	0.166	-0.152	0.004
11	49372051	rs4109837	-0.000	0.298	1.460	-0.486	0.814	1.099	0.916	1.262	1.359	-0.019	1.129	0.760	0.623	0.486	0.064	1.023	0.891	0.543	1.221	1.254	1.115	1.038	1.343	1.214	1.073	1.213
11	58358348	rs7102852	-1.265	0.419	-0.755	0.919	0.033	0.658	-0.583	0.326	-0.084	NA	0.337	NA	NA	0.472	-0.038	-0.042	0.134	-0.551	0.621	-0.489	-0.941	0.635	0.602	-0.334	0.761	0.784
11	61272565	rs7125196	-0.078	-0.351	0.436	0.036	0.009	-0.002	-0.408	0.212	0.055	1.317	0.201	NA	-0.872	NA	NA	-0.207	-1.885	-1.061	-0.952	-1.578	-1.803	-0.600	-0.738	-0.603	-1.419	-0.654
11	69252000	rs11263441	1.993	1.652	0.371	0.717	1.996	0.538	0.466	-1.333	-1.172	-1.697	0.025	0.799	0.301	0.251	1.117	0.600	0.334	0.524	0.802	0.057	-0.161	0.367	0.601	-0.007	0.409	0.102
11	89216425	rs10830278	-0.683	0.439	-0.894	-0.590	-0.334	-0.670	-0.737	0.097	0.607	0.060	0.543	0.906	-0.185	0.123	-0.061	0.275	0.378	0.701	1.135	0.654	1.011	1.092	1.170	1.323	1.181	1.426
11	117023487	rs7128382	0.790	0.593	0.725	0.877	0.915	0.313	0.482	0.038	0.589	0.640	-0.618	1.885	1.643	1.215	1.421	1.535	-0.681	-1.125	-0.722	-0.744	-0.248	1.444	1.215	0.752	0.945	1.058
11	120067082	rs896693	2.910	2.687	2.751	3.349	3.158	2.699	3.027	1.481	1.990	1.202	1.268	1.802	1.754	1.579	0.196	2.379	1.430	0.689	0.888	1.114	1.125	1.387	0.619	0.847	1.153	0.818
11	122611430	rs1106243	-0.828	0.276	-0.545	0.051	-0.867	-0.596	-1.135	1.372	0.618	0.247	1.717	-0.381	-0.112	-0.211	0.301	0.637	2.159	1.123	2.042	2.043	2.154	1.328	2.308	0.579	1.501	1.477
11	130273230	rs11222084	1.050	0.910	1.273	0.199	0.621	1.484	1.703	0.819	0.356	-0.993	0.915	NA	NA	0.623	0.279	0.246	1.453	1.414	0.723	1.318	0.763	-0.173	0.448	0.394	0.104	0.953
12	1043834	rs10849594	0.768	1.739	1.098	1.488	1.168	0.783	2.300	0.358	-0.578	0.351	0.155	-0.180	0.583	0.144	-0.201	-0.219	0.587	-0.418	0.330	0.118	-0.128	0.162	-0.032	-0.181	0.147	-0.126
12	12627410	rs736107	2.211	1.897	2.614	2.389	2.415	2.646	1.656	0.361	-1.050	-0.665	0.435	0.663	-0.722	0.358	-0.138	0.830	0.161	-0.236	0.236	0.795	0.113	0.540	-0.020	0.106	0.352	0.855
12	20368269	rs60691990	0.057	0.321	-0.135	-0.345	0.100	0.080	-0.333	-0.409	-0.840	-0.323	-1.258	NA	1.272	0.900	-0.385	0.894	-0.532	-0.109	-0.741	-0.646	-0.534	0.388	0.300	-0.491	0.170	0.580
12	48702065	rs11168516	1.382	0.103	1.548	0.849	0.500	1.459	1.331	-0.295	0.524	0.707	-0.390	0.946	0.651	0.629	0.923	0.253	-0.048	0.825	-0.554	-0.250	-0.229	0.588	0.373	0.196	0.628	-0.074
12	50509937	rs10747570	0.429	0.067	1.015	-0.966	0.221	0.901	0.348	-0.137	-0.040	0.247	-0.274	0.046	-0.412	0.276	-1.087	0.030	-0.086	-0.101	0.088	0.398	-0.332	-0.121	-0.552	-0.418	-0.550	-0.754
12	51194827	rs4768862	0.414	-0.418	-0.465	0.031	-0.010	-0.312	-0.201	-0.185	0.527	0.700	-0.143	0.867	1.964	1.260	1.988	0.671	0.602	0.344	0.666	0.137	0.183	0.070	-0.503	0.385	-0.018	0.369
12	53440779	rs73099903	-0.395	NA	NA	0.325	NA	0.351	-0.185	-0.006	0.448	NA	0.493	-0.123	NA	NA	0.111	1.177	0.301	0.230	0.119	0.685	0.672	0.757	0.286	0.826	0.563	0.876
12	54441498	rs7134677	1.030	1.765	1.202	1.933	1.739	0.695	0.899	0.456	0.017	-0.152	1.035	-0.266	-0.776	-0.541	-0.608	-0.680	0.613	0.433	0.626	0.692	0.561	0.729	0.560	0.637	0.676	0.310
12	58003922	rs10437954	0.647	0.383	0.029	0.466	0.801	0.442	0.239	-0.427	-0.469	0.023	-0.448	0.077	-0.055	-0.400	-0.781	0.543	-1.096	-0.602	-1.296	-1.425	-0.687	-1.625	-1.181	-0.789	-1.238	-0.431
12	66373501	rs148634498	-0.431	-0.173	-1.486	-1.028	-0.813	-1.543	0.056	0.328	0.951	-0.504	-0.271	2.322	1.533	0.857	2.065	2.452	-0.740	-1.075	-0.509	-0.420	-0.578	-0.589	0.008	0.102	-0.283	-0.337
12	90026523	rs11105354	0.288	-0.280	-0.073	-0.363	-0.616	-1.124	-0.752	-1.419	-0.234	-0.296	-1.325	-1.432	-0.074	-0.302	-1.487	-1.598	-1.149	-0.113	-1.071	-1.117	-1.965	-1.437	-2.061	-1.936	-1.926	-1.599
13	30146201	rs9508495	-1.437	-1.011	-1.549	-0.509	-1.678	-1.960	-1.544	-0.959	-0.044	0.723	-1.229	0.406	0.555	0.852	0.853	0.185	-1.640	-1.572	-1.446	-1.087	-1.429	-1.022	-1.219	-0.319	-1.150	-0.897
13	32181957	rs9603376	0.161	-0.653	-1.374	0.011	-0.585	-1.682	-0.459	-0.680	-0.724	-0.763	-0.621	0.004	0.142	0.038	0.514	0.671	-0.894	-0.484	-0.731	-1.244	-0.965	0.254	0.296	0.252	-0.614	-0.402
14	35871217	rs8904	-0.887	-1.331	-0.820	-1.044	-1.336	-0.411	-0.994	0.832	0.428	2.596	-0.129	0.115	0.294	0.572	0.122	0.316	-0.105	-0.382	-0.466	0.061	-0.114	-0.789	-0.232	-0.617	-0.836	-0.798
14	72466285	rs1009017	0.316	0.550	0.422	0.505	1.232	0.639	0.371	0.147	-0.329	-0.241	-0.061	-0.816	-0.901	-0.911	-0.314	0.021	-0.173	0.052	-0.250	-0.377	0.398	0.438	-0.031	-0.020	0.280	0.639
14	75098313	rs11159096	-1.278	-1.943	-1.564	-1.084	-1.476	-2.454	-1.435	-0.019	0.243	-0.263	0.177	-1.861	-1.017	-1.257	-1.903	-1.776	0.356	-0.062	-0.088	0.156	0.531	-0.532	-0.236	-0.059	-0.055	-0.742
14	77517148	rs11622562	-0.223	0.121	-0.292	0.192	-0.116	-0.767	-0.922	-0.648	-0.701	0.080	-1.545	-0.872	-0.803	-0.692	-1.243	-0.704	-1.347	-1.346	-1.366	-1.424	-1.138	-2.012	-1.934	-2.400	-2.058	-2.318
15	40321351	rs3736290	0.201	-0.406	0.058	0.145	-0.122	0.272	1.217	0.961	0.270	-0.679	1.190	0.502	0.665	1.158	1.000	0.407	0.543	0.421	0.269	0.704	0.494	1.415	1.229	1.359	1.150	1.451
15	41509288	rs7173086	1.038	0.880	0.169	-0.031	0.688	-0.022	0.134	-0.497	-0.631	-0.725	-0.921	-0.581	-0.909	-0.554	-0.766	-0.733	-0.936	-0.536	0.005	-0.602	-0.318	0.007	-0.116	0.339	0.465	-0.092
15	66941084	rs1440371	-0.488	-0.599	0.313	-0.225	-0.630	-0.598	-0.247	-0.995	-1.285	-1.552	-1.333	1.191	1.583	0.942	0.009	1.635	-0.626	-1.335	-1.075	-0.742	-0.376	-1.124	-1.442	-1.340	-0.728	-0.756
15	69597932	rs72756346	0.803	0.431	-0.561	-0.053	-0.033	0.789	-0.751	0.016	-0.489	-0.528	-0.152	-1.363	-0.753	-2.216	-1.653	-1.638	-0.322	0.420	0.323	0.615	0.355	-0.331	-0.103	-0.195	-0.389	-0.211
15	76239020	rs11636251	-0.321	-0.007	-0.389	-0.568	-0.261	-0.405	0.738	2.334	0.855	1.437	0.857	0.462	0.742	0.434	1.215	0.702	1.163	2.436	0.482	1.654	1.345	-0.725	-0.575	-0.621	-0.491	-0.164
15	85544050	rs2290273	0.541	0.248	-0.523	0.100	-0.637	0.174	0.318	-0.424	-1.111	-0.931	-0.285	1.304	1.197	1.449	0.741	1.172	-0.486	-0.538	-0.772	-0.603	0.188	0.665	0.535	0.632	0.554	0.608
15	86224570	rs12909648	-0.442	0.312	-0.115	0.181	-0.145	0.015	-0.192	1.837	0.808	0.096	1.835	NA	1.094	0.845	NA	NA	2.121	1.637	1.624	2.563	3.059	-0.012	0.434	-0.001	0.533	0.528
15	91428197	rs2071382	0.287	-0.281	0.147	1.512	0.749	0.243	0.193	0.816	0.447	0.551	0.311	1.859	2.150	2.138	1.441	2.170	0.571	1.577	0.561	NA	0.335	1.489	1.571	0.882	0.979	2.219
15	93280491	rs62020769	-1.108	0.211	0.001	-1.663	-1.262	-1.557	-1.516	-1.093	-0.802	0.273	-1.587	-1.080	-0.647	-0.274	0.027	-0.581	-1.650	-2.500	-1.855	-1.737	-1.645	-2.497	-1.863	-2.364	-2.039	-1.526
15	95312071	rs12906962	1.570	0.793	1.712	1.586	1.451	1.088	0.763	-0.353	-0.114	-0.061	-0.136	-0.316	-0.518	0.013	-0.522	0.193	-0.423	0.851	0.104	-0.118	-0.199	-0.728	-0.504	-1.008	-1.001	-0.057
15	100112468	rs2581468	-0.230	-0.491	0.242	-0.274	-0.813	-0.398	0.146	0.041	0.175	-0.860	1.307	-0.665	-0.438	-0.789	-0.160	-0.640	1.510	-0.231	1.561	0.972	0.304	0.430	0.308	0.697	0.959	0.322
16	1365341	rs11248866	-1.528	-0.223	-0.986	-0.443	-0.803	-0.115	-1.594	-0.446	0.720	1.009	-0.535	-1.845	-1.067	-2.338	-1.399	-1.043	-0.613	-1.153	0.303	-0.932	-1.587	-0.285	-0.691	-0.612	-0.680	-0.711
16	4128853	rs1034906	0.407	0.433	-1.701	0.825	0.307	-0.028	-0.545	-0.736	0.019	-0.941	-1.124	-1.043	-1.621	-1.494	-1.005	-1.383	-1.488	-2.107	-1.879	-1.801	-1.884	-0.188	-1.924	-0.096	-0.327	-0.216
16	49883927	rs34294937	NA	0.250	-0.066	0.962	0.726	-0.556	0.004	-0.502	-0.302	-0.585	-0.649	-0.052	-0.778	-0.164	0.802	0.463	-0.963	-0.608	-0.125	-0.164	0.413	-0.778	-0.725	-0.599	-0.712	-0.817
17	1357751	rs10852858	-0.095	-1.630	-0.978	-1.461	-0.483	-0.416	-2.095	-0.937	0.155	0.406	-1.958	-0.341	-0.040	-0.576	-1.042	-0.076	-2.592	-2.162	-2.519	-2.302	-1.797	-1.158	-1.041	-0.650	-1.218	-1.418
17	1982790	rs12952051	-0.475	0.185	-0.005	-0.006	-0.606	0.269	0.627	1.544	2.334	1.165	2.065	0.529	0.193	0.438	-0.100	0.489	0.928	0.984	0.722	1.429	1.188	1.123	1.397	1.287	0.610	1.281
17	6479453	rs12937989	-0.655	-0.387	-1.106	-1.764	-0.732	-1.496	-1.058	-0.895	0.148	-0.432	-1.008	-1.218	-1.456	-1.645	-1.003	-0.939	-0.443	-0.637	-0.536	-0.333	-0.675	-0.397	-0.242	-0.275	-0.592	-0.432
17	7180274	rs2428362	-0.646	0.310	-0.620	-0.026	-0.530	-0.890	-0.736	-1.203	0.360	0.917	-0.802	0.181	-0.065	-0.209	0.661	-0.050	-0.005	0.499	0.209	-0.252	-0.332	0.435	0.492	0.373	0.410	0.418
18	771047	rs12955644	0.976	1.210	0.610	1.009	0.802	0.028	0.578	0.261	0.406	0.181	0.369	-0.428	0.082	-0.105	0.229	-0.164	0.346	0.501	-0.375	-0.226	-1.220	-0.119	0.473	0.128	0.010	0.038
18	26323525	rs356833	-0.164	0.824	-1.185	1.044	0.637	0.481	1.660	1.339	1.507	0.080	1.025	-0.409	-0.289	-0.797	0.581	-0.018	1.571	0.638	1.709	1.651	1.310	0.703	0.640	0.833	1.621	1.172
18	31168982	rs7226575	0.617	0.213	-0.043	-0.069	0.204	-0.160	-0.281	0.151	-1.101	-0.765	-0.957	-1.082	0.266	-0.681	0.090	-0.431	-0.645	-0.512	1.395	-0.825	-0.680	-0.968	-0.142	-1.330	-1.516	-1.417
18	42074522	rs7245273	-1.079	-0.875	-1.201	-0.976	-0.416	-1.149	-1.013	-0.368	-0.401	0.455	-0.473	0.216	-0.666	1.005	-0.161	0.192	-0.460	-0.466	-0.348	-0.227	-0.025	-1.231	-1.368	-0.412	-0.781	-0.595
18	48147127	rs1025686	-0.082	0.111	-0.422	-0.203	-0.142	-0.005	0.277	-0.500	0.235	0.279	0.177	-0.387	-0.480	-0.649	-0.782	-0.833	-0.472	-0.722	-0.848	-0.508	-0.225	-0.460	-0.498	-0.345	-0.483	-0.233
18	48799991	rs11876341	1.290	0.463	1.239	NA	1.001	-0.176	-0.861	0.289	-0.012	0.524	0.192	1.427	1.267	0.995	0.963	1.224	0.763	0.667	1.260	0.596	0.606	-0.121	0.339	-0.006	0.489	0.024
18	60845884	rs12454712	0.894	1.479	1.492	0.974	0.691	0.958	1.380	0.299	0.568	0.880	0.310	-0.121	0.043	-0.578	1.115	0.032	0.539	0.821	0.778	0.407	0.541	0.419	0.361	0.763	0.593	0.544
18	73040376	rs1898165	-1.164	-1.261	-0.388	-1.235	-0.921	-1.121	-0.623	-0.505	-0.521	-0.783	0.551	-1.014	-1.498	-0.949	-0.021	-1.788	0.331	-0.219	-0.014	0.513	0.541	-0.199	0.601	-0.070	0.120	0.291
19	4932279	rs1840221	0.980	1.347	0.972	0.804	1.473	0.226	0.084	-0.488	-0.577	-0.605	-0.549	1.775	2.003	2.845	1.108	1.091	-0.817	-1.237	-0.908	-1.157	-0.700	0.927	1.163	1.397	1.216	1.254
20	6365645	rs6054200	-0.419	-1.056	-0.021	-0.661	-0.959	-0.414	-0.679	0.503	0.348	1.555	0.036	-0.745	-0.615	-0.591	0.532	-0.286	1.023	0.935	0.938	0.864	0.855	0.637	1.250	0.778	1.204	0.857
20	10965998	rs1887320	-2.194	-2.055	-1.182	-2.928	-2.726	-2.154	-1.312	-0.983	-1.096	-0.972	-1.111	1.128	-0.370	0.052	-0.785	1.041	1.115	0.998	-0.757	0.149	0.485	-0.388	-0.265	-0.568	-0.791	-0.247
20	42795152	rs6031431	-0.527	-0.017	-0.016	-0.944	-0.015	0.541	0.781	2.237	2.567	1.752	1.656	0.867	0.611	0.638	0.192	0.949	1.196	1.760	1.695	1.707	1.732	2.462	2.869	2.115	2.291	2.361
20	57739469	rs6026739	-1.634	-1.656	-1.005	-0.927	-0.255	-1.423	-0.900	-0.146	0.559	-0.148	0.515	0.497	0.790	1.297	0.654	0.578	0.677	0.662	0.790	0.357	0.077	-0.869	0.578	0.524	-0.479	-0.505
21	16576783	rs2823139	-0.971	-0.485	-1.884	-0.752	-0.554	-0.537	0.284	0.714	0.450	-0.387	0.926	0.812	0.573	0.728	0.105	0.674	0.964	0.894	0.722	1.180	0.687	0.644	0.831	1.112	1.401	1.198
21	43472148	rs220249	-0.190	-1.954	-2.011	-1.708	-1.371	-2.492	-2.371	-2.470	-2.675	-2.337	-1.837	-0.085	-1.695	-0.437	-1.196	-1.297	-1.208	-0.899	-0.635	-1.850	-0.879	-0.691	-1.485	-0.964	-1.655	-0.989
21	44935383	rs162366	-1.059	-0.927	-1.078	-0.481	-0.421	-0.699	-0.205	-0.664	0.482	0.642	-0.445	-0.064	-0.801	-0.431	-0.713	-0.028	-0.369	-0.281	-0.676	-0.559	-0.659	0.429	0.246	0.376	0.699	0.188
22	19971552	rs758374	0.364	0.067	0.717	-0.448	-0.258	-0.335	-0.250	-0.875	-0.600	0.143	-1.072	0.596	0.587	0.848	0.542	0.385	-1.027	-1.231	-0.663	-0.663	-0.971	-0.260	-0.570	-0.748	-0.742	-0.131
22	29453193	rs12321	1.178	0.954	0.487	1.515	1.559	1.243	1.320	-0.167	0.223	0.418	-0.268	0.945	0.858	0.442	0.142	0.493	-0.250	-0.008	-0.233	0.326	0.203	-0.121	-0.232	0.117	-0.130	-0.369
