chr	pos	bstat
1	1680219	693
1	8476428	509
1	9441838	940
1	10796547	907
1	15795380	654
1	38449163	417
1	42375473	723
1	43916642	113
1	67008495	710
1	89332099	532
1	169109393	634
1	184585182	778
1	207912179	888
1	210386892	743
1	218546170	920
1	219730006	863
1	230845794	804
2	20878820	885
2	26915624	638
2	28640327	729
2	37203006	547
2	40525932	912
2	50627597	813
2	56193665	781
2	60063763	860
2	66782467	763
2	68503044	715
2	86427821	328
2	112012672	903
2	112870730	616
2	121347612	975
2	121997698	854
2	145820470	786
2	158495349	911
2	165008166	818
2	165508389	568
2	177010551	378
2	182994685	748
2	208512382	722
2	216300482	748
2	218683154	775
2	219187698	519
2	227099534	915
2	227875360	489
3	11412620	707
3	13823342	940
3	14954549	900
3	20117233	750
3	30284320	975
3	37582252	649
3	45643648	604
3	48092335	11
3	53558012	636
3	56776908	486
3	85619079	0
3	115115932	875
3	124550364	687
3	132801239	862
3	153884517	726
3	158444860	644
3	160171092	344
3	169477506	539
4	2698364	628
4	17942560	615
4	26795603	891
4	38387900	912
4	48789269	216
4	54800759	814
4	56260662	420
4	81181072	801
4	83896818	385
4	86739901	868
4	89752276	843
4	96040704	679
4	106910958	867
4	138439630	669
4	144062657	583
4	156631345	760
4	169688069	939
5	32831939	781
5	55810305	900
5	61553881	577
5	66311339	711
5	77853085	793
5	96120455	598
5	108093529	846
5	114394415	885
5	122453145	769
5	127350123	501
5	127868199	609
5	141790325	875
5	147871508	756
5	148387612	509
5	157816127	760
6	12903957	968
6	20686996	899
6	31605448	856
6	32107139	911
6	43349215	180
6	56092916	801
6	79701972	412
6	96956137	558
6	112087768	758
6	117989145	597
6	127097775	801
6	150984741	949
6	170589803	840
7	1858725	923
7	19049388	864
7	27245996	441
7	28172732	840
7	30915263	876
7	40447971	814
7	44265179	835
7	46010100	952
7	77512098	343
7	92243672	403
7	106410777	906
7	130438214	853
7	131192213	728
7	139478175	854
7	151415536	970
8	10251154	939
8	38206242	123
8	51690823	912
8	74221406	579
8	76591880	770
8	124673630	828
8	129451697	940
8	135650483	857
8	143333231	976
8	143992218	970
9	19111187	670
9	20612516	852
9	71518027	774
9	95181628	167
9	113153329	739
9	116702866	856
9	127943338	288
9	128498594	388
9	140488634	749
10	75470355	84
10	75986157	307
10	82195949	878
10	89604732	613
10	96023077	413
10	96587751	572
10	104287359	134
10	114758349	907
10	115805056	713
10	124232420	861
10	133772995	940
11	1887068	982
11	10352295	725
11	16308463	494
11	16894090	727
11	30516496	654
11	45255926	652
11	47406592	28
11	47907350	70
11	49372051	210
11	49878757	224
11	50624799	226
11	58358348	259
11	61272565	679
11	69252000	940
11	89216425	917
11	117023487	395
11	120067082	878
11	122611430	957
11	130273230	737
12	1043834	469
12	12627410	711
12	20368269	970
12	48702065	377
12	50509937	233
12	51194827	278
12	53440779	624
12	54441498	603
12	58003922	361
12	66373501	760
12	90026523	404
13	30146201	863
13	32181957	939
13	42543516	695
14	72466285	891
14	75098313	442
14	77517148	818
15	40321351	661
15	41509288	199
15	66941084	882
15	69597932	834
15	76239020	568
15	85544050	747
15	86224570	500
15	91428197	595
15	93280491	958
15	95312071	956
15	100112468	820
16	1365341	856
16	4128853	843
16	49883927	871
16	75463012	653
17	1357751	573
17	1982790	451
17	6479453	655
17	7180274	342
18	771047	859
18	26323525	814
18	42074522	900
18	48147127	904
18	48799991	928
18	60845884	941
18	73040376	895
19	4932279	970
20	6365645	949
20	10965998	914
20	42795152	888
20	57739469	863
21	16576783	968
21	43472148	982
21	44935383	873
22	19971552	739
22	29453193	533
